27619,36584.13
27618,60442.3
27617,52904.08
27616,13480.84
27615,16108.92
27614,15420.91
27613,14196.19
27612,1573.43
27611,41362.01
27610,23042.09
27609,10210.93
27608,13595.82
27607,16372.18
27606,28383.12
27605,38419.37
27604,55922.55
27603,34494.5
27602,30155.67
27601,19345.17
27600,21878.39
27599,26385.07
27598,25822.56
27597,58808.26
27596,43309.63
27595,11324.75
27594,13261.78
27593,19162.83
27592,16658.74
27591,29699.63
27590,53695.92
27589,33829.41
27588,19194.64
27587,13635.74
27586,19951.48
27585,20114.48
27584,32597.14
27583,45540.55
27582,32725.52
27581,16686.48
27580,17412.7
27579,19869.4
27578,47919.59
27577,60172.05
27576,90032.51
27575,44052.9
27574,38875.14
27573,27340.6
27572,33137.44
27571,26004.54
27570,40852.29
27569,71310.43
27568,49540.28
27567,20977.67
27566,17409.93
27565,18824.58
27564,20782.0
27563,35563.23
27562,56968.5
27561,40007.08
27560,27184.51
27559,12184.02
27558,18283.6
27557,47871.29
27556,61105.13
27555,95353.5
27554,87313.64
27553,42112.71
27552,52376.96
27551,66527.99
27550,33621.96
27549,41192.2
27548,67806.96
27547,57554.29
27546,20122.7
27545,19041.94
27544,36621.05
27543,36706.93
27542,44820.93
27541,82066.59
27540,66364.89
27539,38203.91
27538,40780.37
27537,39518.87
27536,31382.95
27535,56510.27
27534,79999.28
27533,21723.88
27532,20548.05
27531,21605.82
27530,23320.76
27529,38512.73
27528,44471.07
27527,38905.16
27526,25.44
27525,17687.54
27524,34694.96
27523,28782.22
27522,37876.26
27521,68344.53
27520,50653.18
27519,16924.19
27518,145.55
27517,32890.23
27516,50926.89
27515,41046.83
27514,174.37
27513,19674.04
27512,20447.06
27511,47659.08
27510,59821.81
27509,79036.2
27508,57675.99
27507,33219.89
27506,34612.73
27505,41300.31
27504,33443.92
27503,50542.23
27502,84677.91
27501,45020.68
27500,23079.1
27499,28919.35
27498,30121.81
27497,39020.18
27496,55701.37
27495,81026.98
27494,52936.15
27493,21553.08
27492,15050.74
27491,21067.4
27490,24418.68
27489,48118.46
27488,78105.88
27487,60184.26
27486,30603.66
27485,36864.17
27484,36638.34
27483,34438.31
27482,46396.38
27481,63728.09
27480,67089.99
27479,27674.39
27478,30280.9
27477,30726.71
27476,43766.15
27475,55437.67
27474,74523.5
27473,55764.13
27472,55647.1
27471,25102.2
27470,28976.68
27469,36380.87
27468,47183.19
27467,66407.69
27466,48379.63
27465,27280.9
27464,55431.94
27463,50471.2
27462,46958.68
27461,59701.0
27460,75332.1
27459,63331.76
27458,36753.26
27457,37174.05
27456,44367.79
27455,46501.03
27454,65891.97
27453,62844.78
27452,51434.06
27451,22464.02
27450,20104.89
27449,23570.22
27448,33731.56
27447,46741.17
27446,46965.73
27445,57899.18
27444,23287.6
27443,15774.08
27442,20027.33
27441,32179.68
27440,39113.8
27439,47216.05
27438,37559.68
27437,22660.14
