9950,34227.98
9949,77484.44
9948,63247.19
9947,21990.53
9946,22581.24
9945,24700.26
9944,25795.12
9943,2387.87
9942,64636.56
9941,41228.74
9940,25381.84
9939,20341.43
9938,21080.5
9937,37370.29
9936,45679.1
9935,69336.4
9934,60320.34
9933,49326.16
9932,30627.94
9931,22233.08
9930,32516.48
9929,34249.71
9928,68040.33
9927,57301.88
9926,17307.33
9925,22297.15
9924,21677.34
9923,16195.76
9922,37701.32
9921,73998.17
9920,45287.99
9919,23100.04
9918,22063.75
9917,24721.97
9916,28766.51
9915,39131.42
9914,68528.28
9913,44656.52
9912,19711.13
9911,21546.1
9910,22112.69
9909,54325.97
9908,63641.21
9907,112198.03
9906,75166.55
9905,51908.68
9904,31635.84
9903,42588.12
9902,29178.51
9901,49010.16
9900,88021.72
9899,65335.08
9898,28041.62
9897,23351.64
9896,30373.61
9895,23043.52
9894,40354.13
9893,79053.71
9892,54245.95
9891,38877.52
9890,26311.2
9889,25880.4
9888,54011.77
9887,59134.06
9886,131793.19
9885,98582.39
9884,60709.82
9883,64379.24
9882,91779.66
9881,44323.39
9880,59842.95
9879,107602.38
9878,85504.41
9877,35352.37
9876,38708.9
9875,58042.08
9874,55300.29
9873,72261.37
9872,130258.62
9871,92387.98
9870,60793.92
9869,57236.65
9868,77233.65
9867,55839.86
9866,85378.42
9865,106171.76
9864,33331.29
9863,34588.27
9862,34342.83
9861,39729.17
9860,44908.51
9859,70828.21
9858,52913.59
9857,2030.67
9856,30058.24
9855,44775.08
9854,39321.81
9853,56885.55
9852,97519.68
9851,77736.74
9850,21958.3
9849,2334.99
9848,2005.07
9847,372.8
9846,40238.62
9845,74386.76
9844,70701.51
9843,2467.78
9842,35405.21
9841,34567.88
9840,72874.2
9839,84830.94
9838,130331.11
9837,86877.88
9836,49775.21
9835,54969.66
9834,62620.46
9833,52270.86
9832,76004.68
9831,130630.08
9830,73729.86
9829,38867.93
9828,42727.1
9827,52130.88
9826,61092.48
9825,67948.69
9824,109458.86
9823,66171.38
9822,33009.07
9821,37500.59
9820,39841.74
9819,37496.07
9818,81323.46
9817,113691.59
9816,82175.42
9815,55566.9
9814,46893.75
9813,58219.76
9812,46762.32
9811,64806.55
9810,109224.0
9809,88284.59
9808,37239.68
9807,38875.47
9806,49332.4
9805,63407.57
9804,81367.35
9803,106923.82
9802,85983.48
9801,94104.08
9800,47264.45
9799,47133.16
9798,56240.34
9797,58521.16
9796,88636.13
9795,73465.87
9794,41346.55
9793,78632.28
9792,68762.75
9791,64436.3
9790,74303.2
9789,106828.56
9788,90815.46
9787,56709.92
9786,57998.27
9785,56728.12
9784,67663.15
9783,82942.06
9782,99141.1
9781,81796.14
9780,37427.99
9779,39122.05
9778,42526.87
9777,45096.23
9776,59087.2
9775,67192.5
9774,79621.36
9773,36980.06
9772,26903.26
9771,38600.98
9770,45395.2
9769,46624.8
9768,61507.17
9767,50421.6
9766,39970.38
