169173,28687.29
169172,55626.65
169171,49278.53
169170,19069.74
169169,16823.71
169168,20331.93
169167,20661.94
169166,1088.13
169165,33174.06
169164,30334.56
169163,15876.71
169162,18229.13
169161,21358.62
169160,30779.47
169159,29580.12
169158,38855.01
169157,35526.15
169156,39514.75
169155,23519.04
169154,24869.69
169153,25549.0
169152,25059.73
169151,53974.93
169150,42115.45
169149,16544.47
169148,15379.62
169147,16154.85
169146,15942.95
169145,38086.76
169144,47349.51
169143,38865.91
169142,18300.51
169141,17941.28
169140,21333.72
169139,24624.53
169138,31020.26
169137,47985.85
169136,39530.98
169135,23541.19
169134,29357.39
169133,28305.92
169132,45575.21
169131,51568.34
169130,82995.54
169129,56793.01
169128,42326.64
169127,32763.85
169126,35501.58
169125,25489.29
169124,45096.87
169123,57924.15
169122,43616.7
169121,22955.21
169120,18622.22
169119,27118.51
169118,24526.8
169117,33608.83
169116,51446.6
169115,30975.16
169114,26218.06
169113,21719.79
169112,26555.49
169111,52796.85
169110,54819.56
169109,73019.49
169108,58886.38
169107,39453.45
169106,45568.48
169105,59628.3
169104,38058.73
169103,35127.18
169102,62654.26
169101,50062.19
169100,29291.02
169099,28525.44
169098,46108.99
169097,37176.1
169096,46625.84
169095,69979.51
169094,53968.66
169093,41721.27
169092,34786.73
169091,44760.29
169090,36008.07
169089,53000.82
169088,72482.99
169087,-13.99
169086,26739.03
169085,22105.71
169084,20406.1
169083,25779.9
169082,28756.16
169081,42158.62
169080,39791.2
169079,11.84
169078,25101.19
169077,45368.52
169076,42639.46
169075,47802.99
169074,72487.62
169073,60594.38
169072,21730.26
169071,58.36
169070,32532.68
169069,48211.9
169068,37189.34
169067,59.21
169066,19360.26
169065,24417.88
169064,38884.41
169063,44910.78
169062,64209.19
169061,46666.37
169060,26821.26
169059,35584.69
169058,32988.07
169057,36522.47
169056,40099.75
169055,60536.9
169054,48722.96
169053,25573.86
169052,23027.29
169051,27614.94
169050,43405.14
169049,50872.24
169048,73791.58
169047,41959.59
169046,19599.91
169045,22691.93
169044,23017.85
169043,20326.15
169042,47501.96
169041,62765.24
169040,53607.81
169039,28742.14
169038,30163.68
169037,33041.49
169036,25261.51
169035,43371.14
169034,64282.29
169033,53378.14
169032,20562.73
169031,23099.73
169030,24204.45
169029,31902.21
169028,39828.26
169027,51273.52
169026,45429.54
169025,53481.98
169024,19654.09
169023,17888.54
169022,23123.91
169021,27137.87
169020,50247.3
169019,43662.02
169018,7220.6
169017,30177.16
169016,28222.05
169015,34241.46
169014,38910.74
169013,58606.75
169012,44535.4
169011,26139.43
169010,26776.81
169009,29441.35
169008,31578.26
169007,41184.21
169006,54517.94
169005,39862.79
169004,15980.9
169003,16879.95
169002,17972.52
169001,24471.8
169000,28007.06
168999,37578.71
168998,42330.03
168997,17254.64
168996,12739.75
168995,14413.85
168994,25186.87
168993,24477.39
168992,36105.96
168991,29339.56
168990,20817.97
