768,39123.59
767,69235.54
766,61639.69
765,16227.54
764,19541.75
763,18455.35
762,17892.65
761,1802.01
760,51949.87
759,25604.69
758,12519.75
757,9820.71
756,15032.04
755,41846.31
754,42333.9
753,73686.81
752,50008.4
751,47927.56
750,30214.46
749,32252.73
748,30229.8
747,38827.56
746,66606.92
745,56667.49
744,19508.88
743,17420.44
742,25973.75
741,25032.58
740,44358.45
739,67288.41
738,45403.36
737,27241.62
736,27381.01
735,28694.88
734,31049.45
733,43030.35
732,61096.67
731,35473.75
730,27359.53
729,25904.52
728,28875.89
727,77907.09
726,74295.53
725,112689.99
724,69628.74
723,56576.74
722,43507.68
721,52876.48
720,36954.56
719,61495.5
718,88198.57
717,71108.37
716,25923.21
715,25216.42
714,16108.69
713,20750.85
712,49021.6
711,76879.26
710,58664.05
709,46165.03
708,19684.2
707,27695.62
706,61528.76
705,81953.48
704,120839.35
703,107434.15
702,67206.01
701,85482.05
700,105455.64
699,47827.16
698,62114.8
697,92426.26
696,78778.77
695,30658.21
694,34870.46
693,73963.69
692,57575.52
691,76072.77
690,130248.62
689,98056.22
688,64297.19
687,65296.58
686,87816.75
685,55843.62
684,102210.77
683,131857.25
682,-58.97
681,40789.98
680,40998.78
679,39830.38
678,43293.28
677,56785.3
676,74779.93
675,51280.0
674,1642.54
673,27941.03
672,57913.47
671,54336.11
670,62845.09
669,83436.44
668,61423.7
667,26579.05
666,2455.27
665,1274.94
664,487.78
663,46476.07
662,71226.96
661,56544.48
660,2352.23
659,32792.7
658,34744.5
657,83350.16
656,97812.55
655,118016.69
654,88077.48
653,62129.54
652,53403.93
651,70495.69
650,55970.78
649,79155.42
648,126899.82
647,66352.68
646,40641.55
645,43127.47
644,50843.04
643,70309.13
642,80225.48
641,124418.64
640,75710.62
639,34092.27
638,27692.12
637,29559.3
636,36220.11
635,94933.92
634,119078.91
633,90007.3
632,60962.53
631,61401.7
630,68107.75
629,58355.1
628,73249.02
627,105595.37
626,98946.3
625,37258.45
624,42490.52
623,52843.66
622,71795.77
621,86252.5
620,96569.05
619,77268.42
618,79620.49
617,35733.5
616,43422.6
615,54181.03
614,64525.08
613,77772.06
612,84904.89
611,36860.0
610,84462.03
609,75633.98
608,70117.21
607,88810.34
606,117167.47
605,87865.21
604,61336.68
603,52350.86
602,65016.71
601,77266.03
600,91694.51
599,98690.58
598,82030.57
597,38950.32
596,36590.03
595,39998.51
594,53748.3
593,72620.29
592,65615.76
591,77085.46
590,40003.6
589,25403.79
588,36372.21
587,47493.45
586,52798.86
585,56258.42
584,42068.66
583,39371.09
