193861,22478.86
193860,40109.87
193859,30624.81
193858,14608.2
193857,14510.16
193856,10999.41
193855,12417.86
193854,453.4
193853,19824.44
193852,10302.26
193851,8221.22
193850,6962.25
193849,9347.76
193848,17281.82
193847,22613.52
193846,31524.85
193845,18400.41
193844,17385.79
193843,15405.4
193842,10297.36
193841,16465.53
193840,15657.68
193839,30282.35
193838,23431.93
193837,9414.72
193836,10855.13
193835,12003.74
193834,12123.87
193833,24342.6
193832,31226.27
193831,20465.69
193830,11998.79
193829,13474.28
193828,11259.31
193827,17979.6
193826,21307.22
193825,30793.65
193824,16435.86
193823,9171.13
193822,10951.84
193821,18041.55
193820,29868.73
193819,35014.86
193818,57730.27
193817,23873.6
193816,19515.36
193815,17241.11
193814,20293.36
193813,14853.55
193812,29448.69
193811,42308.74
193810,30229.53
193809,12611.49
193808,15411.32
193807,10494.79
193806,11556.13
193805,23066.51
193804,32439.76
193803,23428.09
193802,18495.71
193801,12394.48
193800,14305.11
193799,27592.83
193798,31763.21
193797,53287.51
193796,35664.86
193795,22819.27
193794,25640.26
193793,37328.31
193792,21032.53
193791,28218.02
193790,43322.84
193789,34840.55
193788,14829.95
193787,17799.47
193786,34192.16
193785,28443.7
193784,34786.87
193783,47538.11
193782,39103.7
193781,27891.33
193780,30668.51
193779,33437.39
193778,27025.07
193777,45849.22
193776,55541.59
193775,14162.53
193774,13854.26
193773,15132.86
193772,15435.77
193771,24270.42
193770,28380.03
193769,21618.18
193768,331.28
193767,9293.82
193766,22496.71
193765,22144.19
193764,27531.79
193763,44610.55
193762,27953.37
193761,10352.74
193760,409.97
193759,407.22
193758,107.91
193757,22121.9
193756,30372.44
193755,25945.55
193754,668.27
193753,17927.88
193752,16348.41
193751,29250.7
193750,31919.43
193749,45135.93
193748,29773.18
193747,16776.97
193746,21707.58
193745,20867.85
193744,26510.71
193743,30934.56
193742,51365.51
193741,29641.98
193740,16848.41
193739,19613.43
193738,20240.52
193737,26442.21
193736,34565.73
193735,48536.08
193734,35350.8
193733,13419.91
193732,14462.85
193731,15290.79
193730,13387.28
193729,34891.26
193728,37102.86
193727,30305.77
193726,18208.01
193725,19418.99
193724,22862.01
193723,25099.19
193722,29898.44
193721,43770.82
193720,33267.37
193719,15683.22
193718,16400.95
193717,22024.02
193716,28736.56
193715,37629.28
193714,35437.96
193713,23111.59
193712,31116.57
193711,18100.05
193710,16867.61
193709,20096.72
193708,29521.53
193707,31999.14
193706,24201.35
193705,15224.7
193704,32506.99
193703,29368.2
193702,28950.71
193701,29607.77
193700,39598.28
193699,31617.54
193698,18901.19
193697,19198.14
193696,20345.71
193695,26241.06
193694,34501.44
193693,39975.81
193692,27803.81
193691,16640.29
193690,14430.04
193689,15618.91
193688,18213.18
193687,29316.29
193686,28014.91
193685,30996.53
193684,13331.8
193683,11656.82
193682,14209.75
193681,18664.76
193680,24339.15
193679,23495.6
193678,19343.07
193677,18496.51
