63318,14407.59
63317,31982.96
63316,30362.0
63315,17597.62
63314,12716.64
63313,17178.52
63312,16242.73
63311,1138.8
63310,22131.91
63309,17123.71
63308,11000.26
63307,12167.16
63306,12559.48
63305,23497.06
63304,18126.57
63303,33263.87
63302,26536.96
63301,24923.2
63300,14576.96
63299,17563.11
63298,19195.83
63297,14982.31
63296,4532.01
63295,18619.65
63294,12211.95
63293,11936.9
63292,12235.13
63291,12178.08
63290,15438.31
63289,34833.44
63288,21596.47
63287,12375.18
63286,16208.08
63285,14173.18
63284,14448.47
63283,8808.67
63282,27592.76
63281,21658.56
63280,6720.52
63279,12619.26
63278,17457.57
63277,31891.67
63276,35325.38
63275,48689.11
63274,29965.09
63273,22092.45
63272,13674.81
63271,17057.19
63270,17200.91
63269,22296.15
63268,35913.2
63267,27079.01
63266,13822.25
63265,12071.36
63264,10155.58
63263,11751.47
63262,16958.77
63261,32608.88
63260,24762.46
63259,16124.5
63258,14035.82
63257,14579.66
63256,26916.47
63255,26569.39
63254,46012.68
63253,38886.28
63252,19582.78
63251,27126.62
63250,42153.06
63249,24022.96
63248,27411.25
63247,43175.17
63246,32266.09
63245,13987.97
63244,14438.99
63243,27056.75
63242,22932.89
63241,25785.98
63240,46678.2
63239,33156.76
63238,21013.38
63237,29367.93
63236,34380.38
63235,26857.33
63234,37160.77
63233,56861.96
63232,13025.62
63231,16553.99
63230,16904.24
63229,21252.52
63228,23918.29
63227,31356.83
63226,31600.81
63225,634.35
63224,14934.59
63223,25391.43
63222,25684.58
63221,29948.21
63220,38881.31
63219,37799.09
63218,13061.18
63217,667.87
63216,467.35
63215,115.98
63214,23997.49
63213,29408.6
63212,22189.32
63211,493.59
63210,16206.45
63209,16190.75
63208,29137.77
63207,32880.76
63206,49634.78
63205,36973.38
63204,22418.17
63203,23147.4
63202,25389.36
63201,24451.1
63200,31367.15
63199,45899.81
63198,26233.72
63197,15802.15
63196,22079.06
63195,22971.11
63194,29391.33
63193,33725.18
63192,56286.51
63191,36702.15
63190,16343.51
63189,17466.39
63188,20017.88
63187,21147.55
63186,30953.99
63185,44098.28
63184,34027.56
63183,23244.53
63182,21523.88
63181,29392.84
63180,23617.25
63179,28916.38
63178,48640.83
63177,40668.04
63176,20755.06
63175,17927.68
63174,22173.52
63173,28720.6
63172,34603.98
63171,44770.41
63170,38921.28
63169,48677.16
63168,20859.07
63167,22554.49
63166,26045.14
63165,25768.7
63164,38085.56
63163,32197.69
63162,19409.65
63161,29628.94
63160,32229.59
63159,29627.77
63158,35429.48
63157,49326.0
63156,37661.21
63155,29347.13
63154,28689.8
63153,29928.92
63152,37067.34
63151,42061.5
63150,49885.52
63149,46554.78
63148,18776.16
63147,21060.4
63146,21142.59
63145,20903.66
63144,30144.14
63143,32624.27
63142,33659.94
63141,20478.39
63140,13699.6
63139,22449.24
63138,21827.8
63137,28078.18
63136,30896.65
63135,27019.19
63134,20826.56
