24738,21221.4
24737,36667.65
24736,10690.36
24735,9700.34
24734,8678.11
24733,11624.85
24732,9136.39
24731,500.85
24730,21098.85
24729,9697.03
24728,8097.89
24727,8851.01
24726,6957.54
24725,16911.5
24724,19085.49
24723,28659.82
24722,9333.81
24721,19515.82
24720,12430.23
24719,11158.59
24718,13220.71
24717,16851.35
24716,30443.09
24715,9504.93
24714,10699.7
24713,8182.44
24712,9007.4
24711,9861.11
24710,21855.16
24709,23734.66
24708,8287.22
24707,12231.79
24706,11072.08
24705,13075.94
24704,14027.65
24703,22296.58
24702,30228.8
24701,8595.99
24700,12830.26
24699,12893.93
24698,15077.51
24697,28191.02
24696,39206.2
24695,55394.72
24694,14972.77
24693,28600.79
24692,16936.64
24691,20927.13
24690,13320.75
24689,24818.65
24688,40178.29
24687,13308.35
24686,12323.14
24685,14526.87
24684,12993.18
24683,11298.0
24682,24555.8
24681,37026.07
24680,11147.9
24679,15065.84
24678,13859.35
24677,17006.14
24676,32949.84
24675,39911.08
24674,56613.59
24673,16043.76
24672,28882.74
24671,31268.19
24670,44056.3
24669,19901.51
24668,25089.0
24667,41801.45
24666,17530.09
24665,12111.06
24664,11949.77
24663,27027.51
24662,21002.86
24661,31611.35
24660,53227.36
24659,17978.42
24658,27939.01
24657,26075.89
24656,37763.74
24655,26539.86
24654,36038.03
24653,55334.29
24652,12659.37
24651,9030.79
24650,17647.06
24649,16910.76
24648,21988.12
24647,22604.34
24646,11358.39
24645,317.96
24644,12333.87
24643,25318.79
24642,23650.37
24641,30274.64
24640,43427.71
24639,16107.26
24638,13792.94
24637,788.04
24636,226.85
24635,75.1
24634,24627.64
24633,27524.57
24632,12831.98
24631,562.51
24630,13340.52
24629,15690.81
24628,30587.56
24627,30069.46
24626,48625.78
24625,14555.87
24624,20752.7
24623,17905.09
24622,23521.14
24621,21037.81
24620,30352.48
24619,43390.29
24618,13623.38
24617,17565.39
24616,17736.25
24615,23902.29
24614,25165.12
24613,35263.42
24612,54487.18
24611,19702.79
24610,14073.21
24609,15056.51
24608,17392.27
24607,15038.92
24606,39617.49
24605,37048.23
24604,13512.61
24603,19508.76
24602,24014.71
24601,24957.96
24600,17452.98
24599,29425.1
24598,49988.22
24597,15118.86
24596,11801.47
24595,14889.97
24594,15560.8
24593,19001.3
24592,21273.67
24591,35715.93
24590,14083.22
24589,32386.78
24588,19685.49
24587,19317.05
24586,24757.39
24585,26276.59
24584,31590.43
24583,12541.18
24582,19787.64
24581,30525.79
24580,30568.29
24579,27221.68
24578,32544.37
24577,44436.7
24576,18611.4
24575,22427.93
24574,25774.3
24573,27125.46
24572,30256.9
24571,37854.62
24570,42992.91
24569,17628.33
24568,15509.71
24567,16810.83
24566,14507.53
24565,19589.81
24564,26252.71
24563,26587.36
24562,15033.04
24561,14684.11
24560,12467.01
24559,19179.61
24558,25510.27
24557,20912.85
24556,23429.81
24555,11471.22
24554,14773.9
