223890,24749.44
223889,27789.42
223888,15516.04
223887,8864.37
223886,8689.58
223885,8926.07
223884,7178.34
223883,822.12
223882,16134.57
223881,13449.74
223880,5609.69
223879,8512.78
223878,7773.39
223877,13222.01
223876,13394.06
223875,22914.36
223874,10596.53
223873,16868.34
223872,5135.18
223871,6770.62
223870,5798.62
223869,10263.22
223868,22902.42
223867,16247.93
223866,7656.29
223865,7011.26
223864,7863.0
223863,7812.13
223862,18029.79
223861,26993.08
223860,13165.55
223859,8453.47
223858,9242.35
223857,9072.16
223856,10440.74
223855,12467.18
223854,28224.6
223853,10986.65
223852,7007.61
223851,9338.99
223850,12042.54
223849,20373.19
223848,24639.31
223847,38152.42
223846,22794.08
223845,21879.55
223844,12826.21
223843,16225.71
223842,9460.08
223841,19859.19
223840,32116.0
223839,20664.15
223838,11536.55
223837,7527.88
223836,9245.63
223835,10124.42
223834,17899.33
223833,29801.43
223832,14010.26
223831,12969.71
223830,8045.79
223829,10226.79
223828,18727.97
223827,20567.02
223826,36026.07
223825,18698.82
223824,13441.25
223823,11674.62
223822,20429.36
223821,14324.72
223820,19224.81
223819,38678.35
223818,20097.22
223817,11547.43
223816,13314.97
223815,16269.87
223814,16414.9
223813,21418.97
223812,37821.97
223811,26069.53
223810,16289.85
223809,15492.78
223808,17699.16
223807,19031.07
223806,37306.04
223805,37657.51
223804,12871.37
223803,9979.58
223802,9760.19
223801,12797.27
223800,15706.79
223799,26176.52
223798,13373.55
223797,9530.53
223796,6986.04
223795,16747.73
223794,14883.07
223793,22263.27
223792,29904.05
223791,21300.01
223790,719.81
223789,5960.24
223788,8752.45
223787,11057.86
223786,15634.32
223785,26240.5
223784,18984.71
223783,9619.45
223782,12034.22
223781,10701.72
223780,16508.43
223779,21656.51
223778,30977.08
223777,18800.73
223776,11386.83
223775,11191.33
223774,16293.82
223773,13829.32
223772,858.74
223771,35235.54
223770,18749.88
223769,10126.61
223768,11812.75
223767,11084.97
223766,20145.57
223765,23565.07
223764,35228.68
223763,24061.29
223762,10968.76
223761,12469.66
223760,15335.72
223759,17236.87
223758,19903.4
223757,33041.73
223756,18941.61
223755,11852.67
223754,14200.65
223753,17415.79
223752,14333.06
223751,17608.41
223750,26357.94
223749,17920.66
223748,10237.7
223747,9399.79
223746,11727.1
223745,16005.49
223744,22463.33
223743,26342.37
223742,19320.44
223741,20808.19
223740,13797.54
223739,13454.57
223738,14704.47
223737,18600.3
223736,25310.57
223735,16377.21
223734,10174.42
223733,17702.43
223732,14828.05
223731,18756.24
223730,22032.45
223729,26140.44
223728,17853.87
223727,13985.75
223726,13839.85
223725,13310.65
223724,18153.07
223723,24154.82
223722,28855.14
223721,18711.04
223720,11180.86
223719,12903.24
223718,15725.81
223717,11877.69
223716,18553.64
223715,19123.89
223714,16173.63
223713,12396.6
223712,10378.4
223711,13946.56
223710,13527.07
223709,15588.95
223708,21642.32
223707,14299.58
223706,10383.24
