140775,44891.97
140774,61823.65
140773,44951.98
140772,14222.25
140771,19825.75
140770,20852.92
140769,19396.21
140768,949.87
140767,39925.18
140766,28029.47
140765,10499.52
140764,14974.67
140763,12609.9
140762,29915.58
140761,35537.59
140760,55495.19
140759,31816.58
140758,26454.83
140757,21907.78
140756,22207.08
140755,24851.26
140754,31601.55
140753,61731.88
140752,41051.15
140751,15109.31
140750,12593.32
140749,15362.31
140748,15448.42
140747,29971.39
140746,52673.89
140745,25016.95
140744,19215.79
140743,7311.56
140742,13673.84
140741,21178.45
140740,30256.97
140739,51374.59
140738,29698.12
140737,14578.46
140736,17318.4
140735,22346.31
140734,55402.98
140733,56973.84
140732,92117.24
140731,55307.18
140730,32812.12
140729,28827.39
140728,33629.06
140727,23874.86
140726,40458.11
140725,74542.33
140724,53475.26
140723,17706.57
140722,20166.51
140721,20966.32
140720,19013.94
140719,33745.1
140718,58355.68
140717,29893.15
140716,25932.08
140715,13652.25
140714,20256.9
140713,47659.03
140712,49170.11
140711,103142.51
140710,76712.66
140709,43934.56
140708,47561.89
140707,57809.64
140706,30757.77
140705,40588.99
140704,65764.78
140703,58908.6
140702,18105.09
140701,18103.28
140700,35595.87
140699,37722.01
140698,46707.22
140697,77341.95
140696,62354.5
140695,36885.26
140694,43495.01
140693,35016.73
140692,23193.92
140691,57199.14
140690,67880.66
140689,-14.4
140688,23476.19
140687,23535.47
140686,18417.53
140685,26516.37
140684,32470.35
140683,44317.13
140682,42988.39
140681,15948.31
140680,15803.16
140679,31309.2
140678,32697.56
140677,39999.63
140676,74931.19
140675,55855.45
140674,812.67
140673,23263.15
140672,21224.63
140671,26383.81
140670,31024.99
140669,45808.53
140668,45701.91
140667,21707.97
140666,25647.79
140665,25921.84
140664,57604.04
140663,72744.45
140662,86878.03
140661,68265.39
140660,40704.96
140659,33869.21
140658,39566.24
140657,32865.82
140656,875.09
140655,77297.44
140654,43855.85
140653,21855.5
140652,27251.34
140651,31553.82
140650,40858.46
140649,44327.2
140648,70840.33
140647,55563.7
140646,18504.35
140645,20560.39
140644,23748.14
140643,22531.52
140642,54972.7
140641,67890.39
140640,59355.38
140639,33187.62
140638,32698.54
140637,36719.3
140636,35616.62
140635,49343.31
140634,64336.67
140633,64380.29
140632,24733.62
140631,29131.45
140630,26951.86
140629,355.11
140628,48645.61
140627,72190.91
140626,51229.95
140625,43057.44
140624,23554.63
140623,23310.01
140622,29416.54
140621,36932.34
140620,53734.55
140619,40473.5
140618,24740.0
140617,46891.36
140616,43284.78
140615,46416.45
140614,58580.42
140613,67194.42
140612,55558.5
140611,41522.75
140610,34485.21
140609,36504.53
140608,44593.88
140607,56107.3
140606,52057.58
140605,49959.36
140604,19529.25
140603,24710.63
140602,23707.85
140601,32830.75
140600,47291.41
140599,40595.52
140598,43797.91
140597,21526.4
140596,18328.21
140595,23445.9
140594,28972.09
140593,34810.19
140592,33499.43
140591,27737.62
140590,20677.84
