3651,19947.56
3650,33798.65
3649,38609.77
3648,11372.56
3647,14789.5
3646,11828.93
3645,16840.84
3644,519.67
3643,22293.79
3642,19167.32
3641,9723.61
3640,10967.33
3639,9833.96
3638,20444.78
3637,25150.75
3636,33283.21
3635,20385.7
3634,17559.68
3633,15312.47
3632,16530.08
3631,14483.2
3630,16938.24
3629,30905.58
3628,28053.98
3627,8428.0
3626,11647.47
3625,11385.76
3624,13561.87
3623,21063.65
3622,33383.65
3621,22640.41
3620,18257.32
3619,11778.01
3618,16678.06
3617,19615.28
3616,24085.59
3615,35745.04
3614,23036.95
3613,10870.85
3612,12152.45
3611,15346.85
3610,32541.19
3609,40747.93
3608,63442.23
3607,40978.99
3606,23413.73
3605,24211.88
3604,22747.99
3603,17778.18
3602,25848.04
3601,45387.49
3600,36947.57
3599,16592.8
3598,14118.81
3597,17164.81
3596,15044.69
3595,21017.92
3594,41080.93
3593,29608.64
3592,22472.19
3591,9273.98
3590,13034.34
3589,26896.3
3588,35481.97
3587,50611.29
3586,48713.63
3585,31150.2
3584,35674.77
3583,44677.78
3582,21247.11
3581,26367.52
3580,43490.48
3579,37246.18
3578,15828.87
3577,18093.63
3576,27077.22
3575,22202.24
3574,31461.7
3573,47705.29
3572,41358.51
3571,25499.68
3570,30716.56
3569,27013.36
3568,22169.88
3567,42466.94
3566,62433.3
3565,18022.1
3564,15205.86
3563,15245.9
3562,21054.65
3561,21315.69
3560,32592.98
3559,29411.51
3558,840.18
3557,11948.23
3556,23175.83
3555,22348.16
3554,28851.1
3553,49732.42
3552,44169.53
3551,15921.78
3550,738.96
3549,699.12
3548,339.88
3547,21121.38
3546,37054.17
3545,31884.91
3544,904.38
3543,14168.24
3542,15138.25
3541,35831.5
3540,38379.3
3539,51743.69
3538,38263.59
3537,21961.27
3536,23626.25
3535,27298.34
3534,21730.77
3533,38343.4
3532,49912.33
3531,34438.84
3530,19594.48
3529,24498.15
3528,24246.86
3527,33811.54
3526,44745.16
3525,67557.1
3524,48084.42
3523,14484.45
3522,17238.36
3521,16009.53
3520,17980.48
3519,35793.4
3518,46839.57
3517,39154.65
3516,23346.86
3515,24843.82
3514,25319.08
3513,26713.76
3512,40791.85
3511,52795.42
3510,49939.3
3509,17717.18
3508,18654.04
3507,21917.6
3506,30499.36
3505,36814.32
3504,56922.23
3503,39367.09
3502,39750.24
3501,17172.12
3500,20400.6
3499,20718.0
3498,32622.95
3497,42399.36
3496,32010.94
3495,21022.13
3494,36425.31
3493,32651.38
3492,36465.52
3491,41573.0
3490,55547.34
3489,39458.19
3488,27226.92
3487,23213.55
3486,29496.64
3485,32160.98
3484,54399.82
3483,60526.96
3482,54353.27
3481,19438.68
3480,16761.03
3479,16299.64
3478,22582.84
3477,32260.22
3476,31872.42
3475,43801.34
3474,18037.69
3473,13364.73
3472,16660.07
3471,19653.17
3470,31138.05
3469,42356.8
3468,28292.72
3467,17064.25
