7671,26937.97
7670,45213.44
7669,42280.39
7668,11355.71
7667,13135.01
7666,9994.82
7665,13654.45
7664,1036.59
7663,28797.77
7662,26802.35
7661,10927.01
7660,11321.34
7659,12741.56
7658,22179.2
7657,29568.33
7656,46852.18
7655,29451.14
7654,26043.37
7653,18304.8
7652,16079.63
7651,22039.0
7650,23076.38
7649,45670.16
7648,43733.81
7647,13578.79
7646,11083.91
7645,12253.68
7644,16024.65
7643,28469.72
7642,47987.78
7641,32788.38
7640,15222.23
7639,9584.34
7638,14192.07
7637,21285.19
7636,23530.52
7635,43837.1
7634,25353.85
7633,13805.98
7632,11874.63
7631,16979.09
7630,37002.32
7629,42474.39
7628,72070.85
7627,35947.65
7626,38639.5
7625,19783.23
7624,30470.61
7623,21935.17
7622,36165.99
7621,61948.99
7620,45022.35
7619,19936.58
7618,15635.35
7617,12851.89
7616,12248.48
7615,24860.39
7614,45902.0
7613,31605.68
7612,28312.99
7611,10839.26
7610,16319.18
7609,38793.63
7608,54455.77
7607,88907.91
7606,74859.57
7605,41378.24
7604,50237.06
7603,64563.39
7602,29263.51
7601,33519.99
7600,61231.13
7599,52005.7
7598,13394.82
7597,20900.14
7596,43288.3
7595,38333.03
7594,46329.93
7593,80567.09
7592,66107.2
7591,32680.22
7590,39706.02
7589,45443.72
7588,29788.41
7587,50807.57
7586,64478.53
7585,17006.13
7584,12992.08
7583,19105.97
7582,20848.34
7581,27802.52
7580,44675.71
7579,33518.33
7578,13740.68
7577,15152.35
7576,30866.95
7575,25951.29
7574,35852.85
7573,61719.62
7572,47797.39
7571,1658.45
7570,19634.56
7569,18606.27
7568,24712.42
7567,28361.72
7566,45703.2
7565,40379.41
7564,21941.47
7563,18037.64
7562,20310.97
7561,45968.95
7560,52519.56
7559,74114.99
7558,55785.9
7557,29133.62
7556,30503.45
7555,35721.13
7554,36074.64
7553,1108.31
7552,74780.93
7551,45772.1
7550,25133.32
7549,21881.33
7548,26323.49
7547,39946.11
7546,43543.63
7545,72383.04
7544,44418.37
7543,18199.03
7542,14716.33
7541,18405.75
7540,22449.47
7539,52417.14
7538,77318.07
7537,59885.95
7536,33683.72
7535,31766.38
7534,42294.0
7533,33689.36
7532,44564.09
7531,60362.34
7530,66872.33
7529,26021.18
7528,32205.3
7527,28039.57
7526,472.25
7525,49531.02
7524,64470.22
7523,53979.12
7522,59964.56
7521,26533.79
7520,29275.67
7519,36548.06
7518,39790.3
7517,56340.08
7516,50824.54
7515,23064.06
7514,49752.69
7513,45452.55
7512,48715.39
7511,52428.54
7510,67696.61
7509,59500.49
7508,36106.74
7507,38782.75
7506,42423.42
7505,50490.38
7504,58164.7
7503,71260.01
7502,58637.88
7501,22290.32
7500,25042.85
7499,19002.71
7498,29821.15
7497,37333.62
7496,45284.71
7495,55613.65
7494,21092.19
7493,17936.53
7492,23766.03
7491,29167.92
7490,31482.4
7489,35701.38
7488,26845.34
7487,22175.24
