111474,26410.67
111473,36028.29
111472,29355.92
111471,13615.33
111470,13064.69
111469,13706.33
111468,14147.2
111467,1170.38
111466,28606.86
111465,18613.9
111464,8149.56
111463,12016.86
111462,9435.25
111461,19484.5
111460,21907.0
111459,34734.42
111458,20672.92
111457,22063.67
111456,14460.1
111455,15078.6
111454,16412.96
111453,4393.29
111452,23138.16
111451,24659.97
111450,9985.01
111449,12163.9
111448,14325.88
111447,12237.4
111446,18847.97
111445,30911.89
111444,22394.44
111443,15664.98
111442,12825.18
111441,14553.99
111440,18454.47
111439,22281.4
111438,34736.85
111437,16590.39
111436,11658.17
111435,12308.55
111434,19152.96
111433,34804.76
111432,40498.54
111431,65579.64
111430,36227.67
111429,14809.68
111428,18124.38
111427,19799.54
111426,16438.71
111425,27255.9
111424,40441.1
111423,25179.65
111422,12615.52
111421,11654.07
111420,13263.76
111419,14671.66
111418,23467.83
111417,39088.45
111416,22683.05
111415,21688.22
111414,14151.39
111413,19577.98
111412,30972.04
111411,37793.7
111410,59537.07
111409,37654.73
111408,22089.26
111407,25861.65
111406,37834.55
111405,25047.07
111404,29796.41
111403,59929.28
111402,36320.87
111401,18679.39
111400,16252.97
111399,36331.2
111398,27916.09
111397,39389.21
111396,59523.53
111395,36009.37
111394,21459.72
111393,22737.69
111392,32274.93
111391,27269.56
111390,49138.09
111389,72094.44
111388,18401.48
111387,16259.86
111386,16984.97
111385,20199.32
111384,29501.91
111383,36043.92
111382,23673.38
111381,795.55
111380,13686.33
111379,28086.74
111378,20454.52
111377,33962.95
111376,50452.5
111375,33269.67
111374,11642.82
111373,1075.21
111372,877.79
111371,173.58
111370,21475.2
111369,32008.47
111368,24746.82
111367,373.49
111366,14397.07
111365,15677.91
111364,27569.73
111363,34079.66
111362,52410.09
111361,30480.52
111360,20690.79
111359,24750.32
111358,24783.14
111357,27241.96
111356,37330.39
111355,52207.71
111354,33136.9
111353,18042.61
111352,22416.73
111351,22635.63
111350,29856.16
111349,43592.63
111348,73727.48
111347,35288.28
111346,15021.22
111345,21111.44
111344,21597.56
111343,21714.61
111342,42022.11
111341,51244.62
111340,34602.55
111339,21262.63
111338,22849.86
111337,22657.19
111336,20097.28
111335,29910.15
111334,48333.17
111333,38775.9
111332,17792.22
111331,16105.47
111330,21404.47
111329,28860.51
111328,30909.53
111327,38064.72
111326,30540.92
111325,38547.89
111324,19150.96
111323,24804.63
111322,23714.88
111321,26260.51
111320,36854.41
111319,27631.02
111318,15949.03
111317,34881.32
111316,26328.17
111315,31129.29
111314,38349.03
111313,45008.98
111312,30294.19
111311,23195.72
111310,26203.86
111309,25517.42
111308,32768.93
111307,37469.53
111306,50600.25
111305,29512.93
111304,16885.27
111303,16748.12
111302,18796.31
111301,15697.41
111300,32996.23
111299,33865.84
111298,30515.07
111297,16953.67
111296,14816.88
111295,15186.17
111294,21245.73
111293,27676.44
111292,29811.17
111291,23738.23
111290,22351.15
