104567,30091.27
104566,52111.95
104565,62149.35
104564,18006.09
104563,23411.78
104562,24470.86
104561,24621.72
104560,723.49
104559,38326.5
104558,41069.4
104557,16190.6
104556,21315.48
104555,16435.13
104554,30213.47
104553,34495.24
104552,45153.73
104551,38098.74
104550,32413.97
104549,17782.78
104548,24059.79
104547,24119.01
104546,27888.75
104545,48280.01
104544,41816.51
104543,14261.48
104542,18828.74
104541,18465.46
104540,18826.77
104539,35943.18
104538,48596.79
104537,28889.47
104536,25116.07
104535,23958.58
104534,20822.15
104533,30354.09
104532,36890.84
104531,45034.83
104530,34903.95
104529,21445.05
104528,20279.78
104527,24766.52
104526,49542.5
104525,57329.48
104524,76737.47
104523,54123.19
104522,43501.56
104521,29202.09
104520,30469.1
104519,27437.67
104518,42901.89
104517,61804.64
104516,46562.28
104515,20031.36
104514,21760.99
104513,22672.84
104512,24954.92
104511,38167.4
104510,49044.3
104509,38307.23
104508,31635.43
104507,25322.02
104506,25829.91
104505,45008.55
104504,64410.78
104503,78295.33
104502,68852.0
104501,35461.35
104500,47140.44
104499,61416.24
104498,38299.8
104497,42346.95
104496,64196.21
104495,57368.47
104494,22894.61
104493,27443.27
104492,52431.27
104491,43198.88
104490,53323.57
104489,75539.2
104488,65120.52
104487,39359.54
104486,45177.66
104485,55322.01
104484,44267.92
104483,59628.38
104482,87821.7
104481,31457.0
104480,23892.73
104479,29566.44
104478,40885.1
104477,38487.79
104476,56214.03
104475,39936.57
104474,1054.44
104473,25013.34
104472,42177.8
104471,37078.98
104470,50652.6
104469,70987.86
104468,64122.56
104467,27290.53
104466,2123.0
104465,937.4
104464,48.44
104463,33716.14
104462,52431.11
104461,49312.22
104460,1322.49
104459,26122.81
104458,23860.0
104457,54684.12
104456,58744.75
104455,68807.79
104454,60939.82
104453,34776.2
104452,34735.5
104451,39544.78
104450,42989.24
104449,55084.85
104448,80680.29
104447,52008.94
104446,31676.58
104445,32629.49
104444,35546.2
104443,50337.74
104442,63904.08
104441,94172.03
104440,58946.72
104439,24118.49
104438,26752.98
104437,27823.79
104436,33719.53
104435,63725.86
104434,71254.59
104433,56498.95
104432,41241.85
104431,39121.84
104430,43467.25
104429,39417.86
104428,48547.15
104427,69504.19
104426,76456.34
104425,26730.54
104424,29066.61
104423,30291.27
104422,45484.86
104421,55398.95
104420,63475.48
104419,50390.57
104418,64487.71
104417,25300.88
104416,29867.3
104415,35299.06
104414,45838.73
104413,56614.41
104412,52946.02
104411,30855.75
104410,49418.17
104409,52474.17
104408,43037.15
104407,49007.48
104406,67849.48
104405,62846.48
104404,37671.27
104403,42939.47
104402,46035.15
104401,55388.35
104400,70150.12
104399,78922.08
104398,64800.67
104397,32163.0
104396,33301.68
104395,36908.36
104394,37533.12
104393,57454.27
104392,50396.95
104391,61521.17
104390,28414.49
104389,23439.35
104388,35083.44
104387,38772.94
104386,43324.91
104385,60377.53
104384,51943.18
104383,29699.23
