198848,24063.09
198847,39076.68
198846,34679.21
198845,10845.11
198844,15966.1
198843,16642.78
198842,17039.75
198841,1271.56
198840,30271.73
198839,20771.48
198838,9960.35
198837,10536.68
198836,10512.05
198835,23554.11
198834,28049.09
198833,39684.95
198832,27575.76
198831,30276.49
198830,19741.95
198829,22600.93
198828,21630.32
198827,17796.26
198826,168.75
198825,82.03
198824,5531.55
198823,8410.58
198822,14908.26
198821,14456.15
198820,24521.55
198819,45564.33
198818,24594.58
198817,12638.52
198816,14245.38
198815,17471.33
198814,17860.72
198813,25909.36
198812,43159.02
198811,25602.92
198810,13884.96
198809,6724.28
198808,14684.9
198807,32094.62
198806,46664.83
198805,63723.27
198804,42844.73
198803,18756.4
198802,22152.09
198801,23763.88
198800,19430.33
198799,37047.24
198798,48519.28
198797,35877.98
198796,17420.72
198795,13172.23
198794,15300.56
198793,15929.16
198792,26752.5
198791,41985.57
198790,22536.22
198789,25863.44
198788,15897.2
198787,15196.89
198786,43977.23
198785,43633.94
198784,77924.63
198783,53398.33
198782,32966.52
198781,44441.3
198780,58137.85
198779,32138.98
198778,38852.27
198777,62079.37
198776,50956.62
198775,19732.14
198774,18601.48
198773,43945.86
198772,32072.73
198771,40213.13
198770,65002.95
198769,53494.6
198768,33073.98
198767,35969.48
198766,42376.56
198765,42562.96
198764,57782.95
198763,72890.93
198762,20122.55
198761,16177.31
198760,20306.08
198759,21951.68
198758,26642.21
198757,47436.8
198756,34581.74
198755,797.86
198754,14783.54
198753,27923.97
198752,26968.12
198751,38353.2
198750,56724.67
198749,49233.46
198748,11844.73
198747,718.73
198746,371.67
198745,86.21
198744,25552.31
198743,39356.68
198742,29398.85
198741,1136.72
198740,21593.55
198739,21993.14
198738,39811.79
198737,48392.89
198736,77378.3
198735,44727.54
198734,29211.64
198733,39099.11
198732,31236.97
198731,27395.29
198730,42280.44
198729,60628.27
198728,38494.81
198727,20583.1
198726,24580.13
198725,27874.13
198724,38756.21
198723,43300.68
198722,80686.16
198721,42646.83
198720,13984.55
198719,19582.97
198718,21741.28
198717,21084.05
198716,47622.1
198715,57799.07
198714,45032.87
198713,28668.51
198712,27909.9
198711,29292.59
198710,32541.94
198709,33445.51
198708,56855.46
198707,54872.18
198706,18126.72
198705,22785.92
198704,24386.22
198703,38676.96
198702,46497.5
198701,58178.98
198700,43994.37
198699,66579.69
198698,27563.54
198697,28142.18
198696,33405.49
198695,39985.81
198694,40626.44
198693,44287.87
198692,20597.51
198691,46397.66
198690,40544.45
198689,33521.68
198688,42992.06
198687,57346.92
198686,49301.86
198685,30583.96
198684,30018.06
198683,29007.85
198682,32953.33
198681,44843.9
198680,59309.34
198679,38120.57
198678,24591.56
198677,20635.18
198676,26553.19
198675,29314.01
198674,44799.85
198673,39087.2
198672,41006.43
198671,14757.23
198670,14279.62
198669,17497.13
198668,28709.81
198667,29709.42
198666,36011.03
198665,24196.97
198664,24508.32
