216788,13437.86
216787,25101.85
216786,12835.07
216785,5157.63
216784,7540.9
216783,6034.51
216782,5944.2
216781,858.66
216780,15844.01
216779,11759.89
216778,7177.16
216777,3997.82
216776,6593.91
216775,7852.08
216774,10321.96
216773,16665.85
216772,14012.81
216771,9437.52
216770,6088.07
216769,7226.63
216768,5548.76
216767,7180.22
216766,18746.96
216765,11962.71
216764,6400.75
216763,5305.72
216762,5017.31
216761,5308.8
216760,11341.0
216759,16611.04
216758,12332.21
216757,7440.55
216756,4938.91
216755,6269.46
216754,9253.96
216753,10574.81
216752,14234.5
216751,6074.81
216750,7898.12
216749,10636.24
216748,7287.5
216747,13501.58
216746,15596.57
216745,27454.66
216744,12327.93
216743,7871.37
216742,8519.81
216741,9401.08
216740,7389.22
216739,14985.54
216738,22109.29
216737,10939.42
216736,5526.51
216735,4374.98
216734,8182.97
216733,7121.81
216732,9218.25
216731,18891.86
216730,10547.15
216729,6769.71
216728,8269.29
216727,7547.44
216726,9611.29
216725,16695.8
216724,23549.41
216723,16386.46
216722,9135.03
216721,12577.76
216720,11379.5
216719,5598.75
216718,13722.27
216717,24215.57
216716,21098.54
216715,9522.9
216714,9680.52
216713,12451.69
216712,14362.79
216711,18360.4
216710,38986.69
216709,19875.61
216708,11162.07
216707,11278.87
216706,13424.91
216705,16149.85
216704,33916.1
216703,33705.41
216702,10201.97
216701,9694.55
216700,8345.51
216699,10330.3
216698,14642.85
216697,19383.08
216696,12013.46
216695,6028.23
216694,7286.1
216693,15759.35
216692,15945.19
216691,18381.27
216690,29176.16
216689,19003.92
216688,871.47
216687,5576.31
216686,6486.86
216685,10579.68
216684,17833.98
216683,21540.44
216682,12877.59
216681,5886.81
216680,6794.2
216679,6605.64
216678,11716.78
216677,16815.57
216676,22137.45
216675,12553.24
216674,8719.49
216673,8793.16
216672,9055.27
216671,12768.79
216670,886.1
216669,23467.15
216668,15306.39
216667,9250.4
216666,14433.66
216665,13215.67
216664,16716.71
216663,25634.63
216662,38063.0
216661,16699.16
216660,8746.39
216659,12117.65
216658,12532.38
216657,9804.06
216656,20160.56
216655,31834.99
216654,17557.22
216653,12779.82
216652,12907.1
216651,12716.75
216650,15671.85
216649,23085.96
216648,26768.26
216647,19811.41
216646,10053.01
216645,10297.51
216644,11333.51
216643,16168.18
216642,16715.13
216641,30345.68
216640,18323.8
216639,19305.64
216638,9210.25
216637,10890.75
216636,9481.93
216635,12512.97
216634,17261.02
216633,13304.96
216632,8669.56
216631,11170.3
216630,13289.12
216629,10488.39
216628,16519.12
216627,21992.12
216626,13223.62
216625,12671.33
216624,10790.19
216623,13318.42
216622,14228.89
216621,20501.75
216620,26866.34
216619,15025.06
216618,9127.77
216617,9716.0
216616,11151.14
216615,8138.52
216614,15199.72
216613,20205.68
216612,13275.31
216611,7870.06
216610,4231.24
216609,9386.47
216608,10598.77
216607,13072.18
216606,19415.32
216605,13743.08
216604,12660.34
