92140,45646.89
92139,68996.81
92138,55415.74
92137,17313.03
92136,16146.4
92135,21772.36
92134,20117.59
92133,1456.44
92132,44085.1
92131,21837.01
92130,14210.95
92129,13718.91
92128,18913.16
92127,31812.88
92126,36896.6
92125,55275.72
92124,35374.28
92123,33764.76
92122,19496.92
92121,16855.93
92120,21543.7
92119,28368.39
92118,57371.64
92117,39181.13
92116,13348.15
92115,13351.06
92114,18313.98
92113,19299.25
92112,40639.11
92111,64553.36
92110,39205.83
92109,18816.5
92108,19926.39
92107,25130.72
92106,26807.92
92105,35381.45
92104,66243.88
92103,34187.77
92102,20667.84
92101,15717.82
92100,29065.37
92099,51192.19
92098,59106.64
92097,111051.29
92096,55619.68
92095,47645.77
92094,33013.68
92093,38558.94
92092,31467.81
92091,50861.09
92090,78783.28
92089,58427.64
92088,23667.78
92087,26678.31
92086,18641.42
92085,25167.11
92084,42354.15
92083,72881.54
92082,47345.16
92081,34882.69
92080,17819.45
92079,25554.79
92078,50994.43
92077,57890.08
92076,108043.77
92075,81128.05
92074,46968.34
92073,57822.41
92072,62546.66
92071,33017.29
92070,52270.13
92069,89336.53
92068,82156.83
92067,22643.19
92066,30210.32
92065,55411.95
92064,44298.35
92063,60415.66
92062,95143.69
92061,80002.37
92060,42707.67
92059,49791.4
92058,59884.54
92057,43001.56
92056,81600.83
92055,108384.44
92054,-29.99
92053,27797.46
92052,25046.86
92051,30971.1
92050,33297.76
92049,43768.08
92048,57184.98
92047,44360.26
92046,684.95
92045,23726.18
92044,37945.92
92043,34689.6
92042,48030.24
92041,89759.13
92040,60227.36
92039,20006.78
92038,1170.3
92037,378.26
92036,197.54
92035,37470.89
92034,67066.61
92033,56739.34
92032,1073.08
92031,26347.19
92030,30262.83
92029,62661.76
92028,66965.33
92027,90495.22
92026,66510.12
92025,38622.22
92024,33707.11
92023,38849.52
92022,40489.98
92021,59072.64
92020,106094.19
92019,51549.1
92018,25747.66
92017,33751.89
92016,33758.66
92015,47596.41
92014,59678.74
92013,89907.86
92012,71132.81
92011,24102.52
92010,24880.05
92009,27091.7
92008,26291.09
92007,63286.92
92006,84104.83
92005,59237.52
92004,31133.78
92003,35288.96
92002,43993.53
92001,36694.23
92000,51650.31
91999,83523.15
91998,71804.09
91997,29909.47
91996,31228.34
91995,38667.57
91994,58039.62
91993,75009.31
91992,87675.4
91991,47121.75
91990,72376.27
91989,28261.46
91988,33740.43
91987,37217.13
91986,50733.18
91985,71108.79
91984,54686.21
91983,28810.29
91982,56133.72
91981,51823.42
91980,45254.36
91979,66088.5
91978,87340.59
91977,66526.78
91976,41542.13
91975,41437.47
91974,42849.1
91973,53732.11
91972,69036.97
91971,78172.55
91970,62580.44
91969,21463.56
91968,30067.36
91967,29531.93
91966,36720.84
91965,56967.18
91964,50314.0
91963,59256.58
91962,25328.01
91961,17643.21
91960,23774.8
91959,34748.38
91958,42350.1
91957,44175.58
91956,37023.62
91955,40779.12
