111666,34813.03
111665,51210.56
111664,46009.63
111663,16225.59
111662,14697.2
111661,15680.79
111660,19564.01
111659,797.72
111658,33071.97
111657,19459.46
111656,15168.15
111655,12961.16
111654,13280.89
111653,21488.35
111652,27930.92
111651,34186.52
111650,26334.18
111649,26304.24
111648,20683.5
111647,17511.89
111646,20625.19
111645,22100.08
111644,42483.16
111643,34753.84
111642,14433.58
111641,16539.94
111640,13212.5
111639,15156.4
111638,34957.01
111637,44708.73
111636,31741.12
111635,17599.5
111634,16584.98
111633,17784.79
111632,18013.87
111631,27713.88
111630,45760.86
111629,26991.15
111628,19853.72
111627,16831.3
111626,23809.22
111625,45967.0
111624,48929.43
111623,89713.04
111622,43455.5
111621,35069.62
111620,26429.88
111619,33013.05
111618,26517.68
111617,32742.36
111616,67823.43
111615,49581.27
111614,21298.3
111613,20614.39
111612,15277.37
111611,18902.33
111610,35433.65
111609,58789.66
111608,35151.03
111607,25868.97
111606,16773.44
111605,20324.05
111604,37462.08
111603,51368.71
111602,76143.69
111601,64942.27
111600,29942.51
111599,36408.25
111598,52442.09
111597,32351.72
111596,42859.4
111595,66646.38
111594,60811.16
111593,22756.61
111592,28218.12
111591,41707.99
111590,34289.9
111589,44232.35
111588,79105.42
111587,53897.39
111586,28773.28
111585,35896.74
111584,47878.97
111583,32629.65
111582,66883.75
111581,94440.61
111580,23957.91
111579,22517.05
111578,17932.26
111577,25480.38
111576,37874.82
111575,50069.33
111574,42367.1
111573,370.92
111572,17057.04
111571,31005.14
111570,31906.5
111569,44404.77
111568,65823.86
111567,54642.09
111566,16369.92
111565,20367.13
111564,21603.41
111563,23456.28
111562,30707.38
111561,49964.37
111560,51324.3
111559,21810.21
111558,22280.82
111557,27572.33
111556,41225.11
111555,51398.65
111554,72629.44
111553,51703.58
111552,30939.58
111551,30201.62
111550,38513.26
111549,34986.18
111548,706.83
111547,77846.32
111546,47814.51
111545,24181.77
111544,28922.22
111543,28630.02
111542,41033.37
111541,51916.43
111540,88712.27
111539,59502.05
111538,17213.73
111537,24763.92
111536,22664.74
111535,25862.84
111534,53187.11
111533,64256.87
111532,48398.16
111531,29229.71
111530,27459.86
111529,37211.12
111528,29016.47
111527,46783.64
111526,71237.38
111525,60050.72
111524,26275.96
111523,26712.01
111522,35745.28
111521,736.35
111520,54286.47
111519,65177.85
111518,44149.95
111517,57330.97
111516,26237.84
111515,27075.89
111514,31563.28
111513,40754.31
111512,58255.74
111511,48434.82
111510,24985.77
111509,43045.29
111508,40199.85
111507,41121.57
111506,53270.38
111505,65553.64
111504,45222.83
111503,33512.19
111502,27758.03
111501,33883.16
111500,42917.69
111499,55077.68
111498,70201.51
111497,52353.23
111496,20418.3
111495,23000.11
111494,20619.98
111493,26997.83
111492,43916.54
111491,49321.92
111490,59422.04
111489,22328.26
111488,16911.56
111487,26716.72
111486,27958.59
111485,41162.11
111484,43472.57
111483,32029.19
111482,36546.43
