74474,37204.29
74473,49208.87
74472,45662.43
74471,13900.86
74470,17583.9
74469,16539.01
74468,18017.86
74467,593.77
74466,40114.78
74465,27115.72
74464,13734.12
74463,10191.39
74462,15738.3
74461,27403.54
74460,33244.77
74459,51217.97
74458,33284.41
74457,44653.62
74456,24426.69
74455,24542.78
74454,27963.51
74453,20699.73
74452,99.1
74451,120.98
74450,6718.65
74449,12129.09
74448,14638.06
74447,17939.03
74446,31066.23
74445,50723.06
74444,33408.05
74443,19500.35
74442,17617.49
74441,16712.54
74440,20792.26
74439,32364.49
74438,50809.55
74437,30355.08
74436,19558.97
74435,12244.22
74434,21291.45
74433,43184.38
74432,57207.88
74431,92215.47
74430,57006.07
74429,23274.03
74428,27594.16
74427,32973.6
74426,27048.57
74425,40883.04
74424,55437.91
74423,48058.58
74422,21124.98
74421,16917.95
74420,19779.81
74419,21684.66
74418,36017.05
74417,61077.37
74416,36261.39
74415,25579.44
74414,23983.49
74413,19359.23
74412,44109.59
74411,54439.86
74410,91814.27
74409,67608.96
74408,39892.55
74407,47245.57
74406,65274.29
74405,35816.39
74404,45736.0
74403,77317.24
74402,57945.98
74401,23146.33
74400,23158.48
74399,49608.64
74398,39104.94
74397,55203.51
74396,86642.03
74395,51654.13
74394,36112.07
74393,39130.12
74392,44643.49
74391,45635.89
74390,73304.23
74389,92829.06
74388,28902.28
74387,17993.99
74386,23986.27
74385,24094.65
74384,34489.35
74383,58968.7
74382,38981.17
74381,17496.3
74380,21588.25
74379,28068.93
74378,25098.8
74377,46632.43
74376,67597.26
74375,50845.27
74374,415.38
74373,18823.61
74372,20091.56
74371,25197.31
74370,35735.65
74369,51201.98
74368,35194.1
74367,21019.05
74366,22322.79
74365,24612.01
74364,46735.86
74363,55203.33
74362,88132.75
74361,60011.23
74360,36278.79
74359,47913.83
74358,37750.28
74357,35592.6
74356,1157.54
74355,80696.63
74354,44969.08
74353,25785.5
74352,28413.52
74351,27960.42
74350,43833.5
74349,53474.08
74348,92935.94
74347,52167.81
74346,23212.37
74345,18908.47
74344,23014.83
74343,25594.9
74342,54601.59
74341,69727.78
74340,54230.42
74339,34979.43
74338,34273.86
74337,37414.14
74336,36263.92
74335,47131.37
74334,62531.97
74333,71663.81
74332,19421.25
74331,29607.5
74330,28692.32
74329,399.96
74328,58794.87
74327,66011.33
74326,50921.6
74325,68446.81
74324,27036.54
74323,28614.2
74322,36310.02
74321,43115.87
74320,60890.52
74319,48219.24
74318,24177.76
74317,51293.96
74316,42500.39
74315,44478.32
74314,55307.83
74313,85670.68
74312,54458.46
74311,36627.8
74310,38552.19
74309,36677.83
74308,45571.19
74307,58096.81
74306,70440.25
74305,49826.51
74304,22635.5
74303,24804.92
74302,21209.06
74301,33113.68
74300,45793.17
74299,43501.81
74298,51114.39
74297,21425.56
74296,20242.59
74295,24077.35
74294,30771.19
74293,34156.03
74292,46677.67
74291,27479.15
74290,29731.19
