86194,25817.34
86193,46917.35
86192,38797.31
86191,17848.29
86190,13963.59
86189,14617.64
86188,14561.44
86187,1398.95
86186,33222.6
86185,31120.3
86184,14104.38
86183,18206.45
86182,12487.88
86181,25088.61
86180,27451.21
86179,38703.4
86178,30197.35
86177,25308.88
86176,16393.63
86175,20245.9
86174,16169.19
86173,22793.1
86172,39637.07
86171,31054.85
86170,13208.98
86169,13949.47
86168,15210.26
86167,14422.74
86166,22608.43
86165,40702.45
86164,24103.34
86163,16448.96
86162,16967.63
86161,18347.81
86160,23477.7
86159,28616.55
86158,45220.68
86157,26735.53
86156,14920.4
86155,17103.85
86154,22569.1
86153,40316.4
86152,45431.75
86151,76731.68
86150,44772.17
86149,30711.76
86148,25751.55
86147,28621.4
86146,20252.74
86145,29828.44
86144,54682.0
86143,37082.92
86142,18967.54
86141,17855.87
86140,19828.7
86139,20307.85
86138,30709.98
86137,50135.16
86136,30875.19
86135,25666.97
86134,22377.66
86133,23978.66
86132,30907.07
86131,44243.77
86130,67096.6
86129,52387.64
86128,31397.47
86127,39196.59
86126,38109.94
86125,26961.73
86124,37674.67
86123,60646.51
86122,40529.27
86121,24167.86
86120,25793.49
86119,38456.66
86118,34764.82
86117,45637.28
86116,62318.84
86115,39393.79
86114,26479.38
86113,29778.91
86112,33282.88
86111,31969.82
86110,52372.77
86109,71525.8
86108,20413.41
86107,13606.91
86106,20999.04
86105,21958.61
86104,30919.85
86103,43208.35
86102,27995.88
86101,319.34
86100,18912.94
86099,28558.94
86098,29758.85
86097,42148.65
86096,60038.55
86095,45570.26
86094,16973.95
86093,22460.65
86092,20085.55
86091,25061.35
86090,34046.11
86089,42983.57
86088,31199.1
86087,8224.44
86086,12150.19
86085,19022.25
86084,34424.14
86083,47650.87
86082,56926.84
86081,39467.75
86080,19025.22
86079,22390.78
86078,27254.13
86077,27930.33
86076,590.73
86075,62615.15
86074,39474.24
86073,27451.33
86072,25563.02
86071,29597.24
86070,41209.14
86069,50175.6
86068,73829.28
86067,46452.34
86066,17955.84
86065,22530.7
86064,24424.42
86063,25623.69
86062,53560.92
86061,59111.31
86060,39790.76
86059,31300.38
86058,27414.58
86057,34204.73
86056,23599.73
86055,44806.96
86054,65543.51
86053,57702.6
86052,22920.93
86051,23044.05
86050,26898.62
86049,409.4
86048,36218.13
86047,59100.41
86046,39050.98
86045,49852.27
86044,25506.22
86043,24586.52
86042,26701.31
86041,30964.37
86040,52050.81
86039,44521.68
86038,23946.03
86037,33182.57
86036,31018.05
86035,38262.99
86034,41596.95
86033,56663.45
86032,37844.04
86031,28210.67
86030,29413.0
86029,32802.71
86028,33623.15
86027,52924.17
86026,60942.26
86025,51784.06
86024,19256.73
86023,25426.41
86022,20218.12
86021,24096.14
86020,37308.96
86019,35547.76
86018,42127.35
86017,18256.92
86016,15839.29
86015,24900.07
86014,25280.99
86013,34534.19
86012,40102.97
86011,35251.56
86010,25956.46
