217172,16566.08
217171,27592.47
217170,17591.91
217169,11591.75
217168,14194.32
217167,8797.53
217166,10195.19
217165,880.54
217164,7300.92
217163,12945.11
217162,7006.45
217161,7990.76
217160,7495.99
217159,12555.3
217158,15749.96
217157,27262.98
217156,15392.77
217155,17373.47
217154,8723.49
217153,6532.88
217152,9947.98
217151,12883.19
217150,24011.86
217149,17247.41
217148,9496.01
217147,7357.69
217146,10516.87
217145,9103.28
217144,15043.96
217143,26154.98
217142,17169.17
217141,11593.33
217140,7268.19
217139,10272.31
217138,14590.17
217137,15372.82
217136,25227.07
217135,13550.02
217134,10785.53
217133,9055.09
217132,11921.85
217131,24815.75
217130,30292.01
217129,45136.75
217128,13760.32
217127,24594.05
217126,10937.74
217125,14196.78
217124,12649.23
217123,22824.37
217122,32631.67
217121,20174.46
217120,13452.2
217119,10343.75
217118,10035.57
217117,9684.89
217116,17713.77
217115,31173.01
217114,17448.97
217113,12760.7
217112,11490.04
217111,11627.99
217110,17234.95
217109,23636.45
217108,43520.6
217107,26990.08
217106,20712.62
217105,16538.4
217104,22957.63
217103,16979.6
217102,21633.38
217101,33813.51
217100,19795.21
217099,14004.6
217098,12371.64
217097,23040.02
217096,18410.98
217095,22729.41
217094,38931.95
217093,25944.4
217092,14803.62
217091,16747.11
217090,21313.15
217089,18422.41
217088,38687.32
217087,44452.7
217086,12927.51
217085,11169.93
217084,11820.84
217083,15618.83
217082,16987.35
217081,29145.48
217080,18601.58
217079,12396.03
217078,11721.88
217077,18058.57
217076,18364.14
217075,22579.29
217074,31765.48
217073,23105.56
217072,1160.21
217071,12569.76
217070,13828.66
217069,14700.25
217068,18681.59
217067,23677.15
217066,18619.89
217065,10654.32
217064,12244.28
217063,13019.35
217062,22212.38
217061,26397.0
217060,33534.2
217059,18099.28
217058,18399.0
217057,14645.59
217056,16000.73
217055,17224.67
217054,406.98
217053,38169.86
217052,23063.55
217051,14649.5
217050,17066.71
217049,13683.33
217048,17863.11
217047,29098.15
217046,36933.59
217045,26762.04
217044,11895.53
217043,15103.46
217042,11705.27
217041,13371.87
217040,24948.25
217039,34074.56
217038,23216.93
217037,14473.35
217036,14415.54
217035,20099.06
217034,19006.57
217033,23223.42
217032,33326.88
217031,19011.56
217030,13078.34
217029,11761.53
217028,15642.49
217027,21238.49
217026,25480.32
217025,30324.06
217024,22733.69
217023,23235.42
217022,16586.96
217021,13353.24
217020,20123.97
217019,20323.16
217018,26222.52
217017,15391.02
217016,13550.61
217015,20481.81
217014,18867.14
217013,22648.92
217012,20563.24
217011,29179.0
217010,21270.03
217009,14981.12
217008,17532.71
217007,16788.08
217006,20513.4
217005,24849.57
217004,33246.84
217003,21476.55
217002,12725.06
217001,9439.29
217000,15220.55
216999,15815.35
216998,20559.41
216997,20267.11
216996,18931.05
216995,11391.95
216994,10923.4
216993,12422.83
216992,17689.57
216991,15217.04
216990,19819.99
216989,18905.55
216988,12213.8
