153638,46355.16
153637,68943.91
153636,49929.27
153635,21319.24
153634,23618.7
153633,20332.29
153632,18422.28
153631,1029.52
153630,35839.85
153629,26460.19
153628,16173.48
153627,18164.57
153626,19718.86
153625,34310.96
153624,30424.32
153623,49108.83
153622,34190.82
153621,42939.6
153620,26702.0
153619,24610.52
153618,25325.78
153617,15993.96
153616,45391.33
153615,38517.93
153614,16255.74
153613,14719.02
153612,17849.37
153611,17515.99
153610,32491.4
153609,49320.94
153608,32053.74
153607,23814.66
153606,21062.94
153605,22468.69
153604,22224.04
153603,36204.4
153602,52432.0
153601,18431.47
153600,23433.11
153599,23798.58
153598,32099.18
153597,58647.74
153596,67017.0
153595,101996.63
153594,55674.63
153593,46779.32
153592,37709.75
153591,36189.63
153590,28871.38
153589,48708.74
153588,61988.19
153587,45714.56
153586,20392.09
153585,21155.75
153584,17840.39
153583,24886.45
153582,34933.02
153581,54601.17
153580,35001.15
153579,33819.81
153578,25312.7
153577,24906.85
153576,66550.42
153575,67662.47
153574,89098.2
153573,68198.24
153572,53962.69
153571,51683.84
153570,63471.32
153569,39867.36
153568,51632.96
153567,73318.83
153566,64177.15
153565,33671.61
153564,31824.52
153563,64699.82
153562,54146.57
153561,63194.88
153560,92032.05
153559,66388.35
153558,45414.06
153557,46087.79
153556,55973.73
153555,44541.33
153554,70625.99
153553,87301.33
153552,35926.53
153551,37450.0
153550,33640.9
153549,40522.49
153548,46914.98
153547,61006.49
153546,45243.34
153545,26486.2
153544,31001.5
153543,46328.33
153542,47169.28
153541,53017.4
153540,77295.37
153539,60694.64
153538,1146.23
153537,25182.96
153536,27719.65
153535,28860.21
153534,32862.59
153533,52480.47
153532,40047.44
153531,22305.58
153530,23704.62
153529,25025.77
153528,49336.75
153527,61896.07
153526,76098.84
153525,48653.35
153524,49030.53
153523,38952.53
153522,43732.13
153521,52119.64
153520,1031.44
153519,81248.85
153518,51164.25
153517,34639.55
153516,39200.6
153515,41982.62
153514,55595.63
153513,60590.17
153512,79845.42
153511,46535.99
153510,29847.49
153509,31643.83
153508,27898.45
153507,28380.32
153506,72203.88
153505,70096.23
153504,51990.63
153503,47065.6
153502,43094.36
153501,48610.1
153500,50410.98
153499,50898.93
153498,72090.1
153497,59624.28
153496,26960.87
153495,28183.64
153494,26061.45
153493,290.76
153492,43318.67
153491,58669.87
153490,56048.03
153489,62776.9
153488,29601.69
153487,28787.7
153486,32124.86
153485,38702.73
153484,44571.51
153483,46755.06
153482,28272.92
153481,64909.77
153480,43191.98
153479,45636.01
153478,50413.09
153477,61904.08
153476,56699.19
153475,45048.07
153474,42457.93
153473,38819.54
153472,50314.75
153471,52018.29
153470,62320.95
153469,53753.46
153468,27131.44
153467,28450.23
153466,34205.22
153465,36964.97
153464,39968.83
153463,37483.53
153462,50364.96
153461,29897.27
153460,25150.8
153459,28701.59
153458,36599.41
153457,34622.84
153456,41685.62
153455,46942.44
153454,44155.78
