22051,31167.35
22050,50460.06
22049,47189.07
22048,17072.1
22047,17436.98
22046,19915.56
22045,18624.89
22044,1911.66
22043,39573.35
22042,24318.32
22041,12588.02
22040,14649.47
22039,14953.68
22038,30478.73
22037,37699.81
22036,48082.14
22035,35218.46
22034,33867.22
22033,22167.36
22032,21986.04
22031,25627.65
22030,27730.57
22029,43979.92
22028,43836.08
22027,16167.56
22026,15320.81
22025,17592.07
22024,18923.9
22023,33063.28
22022,49519.94
22021,39624.62
22020,20641.13
22019,14524.64
22018,17673.52
22017,22581.78
22016,29471.52
22015,52816.08
22014,34830.3
22013,17270.41
22012,21477.33
22011,22989.15
22010,50684.61
22009,58815.12
22008,92611.13
22007,52992.27
22006,48769.36
22005,31130.31
22004,34677.94
22003,25541.43
22002,41806.89
22001,66624.67
22000,51586.8
21999,20694.39
21998,16795.18
21997,23873.43
21996,21532.96
21995,35638.93
21994,47667.1
21993,37613.92
21992,35183.04
21991,18434.29
21990,20280.02
21989,56212.53
21988,54145.62
21987,92592.99
21986,75459.2
21985,47229.72
21984,50212.12
21983,72871.43
21982,33095.19
21981,43190.39
21980,57446.9
21979,53889.08
21978,18071.31
21977,21653.22
21976,40799.53
21975,37117.44
21974,46895.9
21973,71190.98
21972,56205.39
21971,34636.5
21970,40060.9
21969,42999.0
21968,38302.68
21967,52002.36
21966,83978.22
21965,20733.61
21964,21059.21
21963,21425.87
21962,25261.54
21961,30193.71
21960,52379.51
21959,45155.39
21958,20548.02
21957,18567.01
21956,29653.03
21955,28857.73
21954,41356.03
21953,75546.97
21952,55262.81
21951,1635.49
21950,21430.51
21949,23161.4
21948,27378.8
21947,33140.44
21946,60513.54
21945,56812.0
21944,27375.82
21943,20572.69
21942,24846.02
21941,54980.13
21940,53302.93
21939,79714.34
21938,59669.54
21937,34491.82
21936,39979.06
21935,40332.6
21934,36754.52
21933,637.46
21932,83366.01
21931,42951.84
21930,25091.97
21929,30610.96
21928,33191.06
21927,47254.52
21926,52431.63
21925,90658.0
21924,59569.41
21923,21337.17
21922,22053.59
21921,22512.11
21920,25168.86
21919,55809.62
21918,69983.0
21917,55296.82
21916,36330.73
21915,38449.97
21914,40136.61
21913,37275.38
21912,55786.4
21911,67994.19
21910,69854.24
21909,25939.76
21908,27423.11
21907,35169.33
21906,442.27
21905,41788.48
21904,55874.0
21903,44321.85
21902,54283.94
21901,24836.15
21900,25223.98
21899,28028.61
21898,36512.11
21897,53087.14
21896,41344.19
21895,25937.42
21894,50673.23
21893,51748.97
21892,49278.5
21891,61295.7
21890,80089.61
21889,63477.97
21888,44383.8
21887,37186.43
21886,40122.93
21885,46836.52
21884,54995.87
21883,70346.76
21882,58876.2
21881,26195.88
21880,24562.78
21879,31836.42
21878,33204.8
21877,44512.72
21876,55022.11
21875,56992.44
21874,23668.55
21873,20378.88
21872,25264.18
21871,36979.83
21870,36794.47
21869,32062.59
21868,29188.05
21867,25419.55
