166302,20328.02
166301,33943.23
166300,25415.26
166299,8237.99
166298,13053.58
166297,11118.5
166296,16862.79
166295,569.18
166294,21866.97
166293,16585.9
166292,9380.12
166291,9876.95
166290,12111.59
166289,22329.61
166288,20839.5
166287,25657.28
166286,18747.39
166285,22702.09
166284,14894.23
166283,16291.58
166282,13749.28
166281,16567.14
166280,26077.8
166279,20031.53
166278,14136.86
166277,12344.08
166276,12617.29
166275,11255.68
166274,23074.25
166273,26831.03
166272,19004.87
166271,16410.94
166270,17988.97
166269,16387.5
166268,20130.38
166267,20511.27
166266,26985.93
166265,20759.65
166264,16003.37
166263,20754.34
166262,19830.49
166261,37618.27
166260,38546.22
166259,54532.3
166258,30278.12
166257,28759.46
166256,19966.58
166255,23906.97
166254,16554.56
166253,29265.04
166252,36039.98
166251,22186.4
166250,15546.32
166249,16249.38
166248,17850.87
166247,17533.81
166246,22637.98
166245,34731.82
166244,16830.87
166243,18869.98
166242,17897.14
166241,17522.27
166240,32225.75
166239,36588.02
166238,48427.72
166237,29962.86
166236,27192.38
166235,33393.26
166234,42406.7
166233,23130.92
166232,30988.55
166231,41174.25
166230,35883.85
166229,20814.33
166228,22954.13
166227,37804.3
166226,26112.14
166225,33862.9
166224,56021.5
166223,30985.92
166222,26459.94
166221,25730.78
166220,32867.6
166219,24489.73
166218,36839.13
166217,43935.67
166216,16316.75
166215,17699.76
166214,19601.0
166213,21247.08
166212,18663.9
166211,33963.46
166210,21393.55
166209,18312.42
166208,16644.36
166207,31749.87
166206,30445.41
166205,36295.03
166204,45328.72
166203,37109.01
166202,1038.94
166201,16880.94
166200,16210.96
166199,15426.95
166198,21482.33
166197,31143.7
166196,22077.02
166195,13269.46
166194,12724.03
166193,12234.24
166192,28280.46
166191,32447.25
166190,37570.45
166189,27283.76
166188,26015.7
166187,22404.65
166186,24716.33
166185,19965.24
166184,770.33
166183,44470.62
166182,25957.91
166181,20078.94
166180,22919.23
166179,25666.08
166178,35250.82
166177,33147.28
166176,52606.53
166175,27174.62
166174,17070.27
166173,15164.19
166172,16947.82
166171,20186.08
166170,35796.47
166169,37225.07
166168,30786.86
166167,23559.88
166166,25975.05
166165,23779.55
166164,25688.79
166163,28621.8
166162,46305.82
166161,31622.75
166160,22703.95
166159,18372.43
166158,20639.33
166157,223.75
166156,28528.77
166155,35214.88
166154,27637.44
166153,34072.19
166152,16475.89
166151,16134.91
166150,24064.85
166149,26074.36
166148,26226.59
166147,26379.95
166146,12211.36
166145,28900.66
166144,25949.7
166143,24006.62
166142,30675.53
166141,36340.88
166140,25214.77
166139,20507.61
166138,28460.96
166137,23329.43
166136,31175.17
166135,37309.59
166134,41137.18
166133,26131.01
166132,15254.65
166131,15664.11
166130,18459.89
166129,22283.03
166128,27457.88
166127,26776.47
166126,23810.9
166125,16755.9
166124,15022.98
166123,18728.36
166122,21559.13
166121,24042.38
166120,29469.54
166119,23017.24
166118,19824.74
