204576,19266.94
204575,34442.59
204574,33954.77
204573,12464.73
204572,9722.65
204571,13025.5
204570,17510.08
204569,374.03
204568,24207.26
204567,24480.7
204566,10481.51
204565,9590.43
204564,9830.29
204563,18062.46
204562,17717.42
204561,30918.07
204560,25959.39
204559,20483.45
204558,13351.99
204557,15254.34
204556,15697.89
204555,16045.91
204554,28435.39
204553,26794.48
204552,8437.59
204551,11595.53
204550,11065.89
204549,11178.33
204548,18780.75
204547,33121.34
204546,18694.31
204545,17074.46
204544,15174.19
204543,16383.69
204542,19572.27
204541,21004.63
204540,36253.14
204539,23084.28
204538,17204.28
204537,16944.31
204536,18741.06
204535,40612.04
204534,34613.69
204533,63546.99
204532,44670.28
204531,29444.97
204530,18322.65
204529,16899.48
204528,16325.96
204527,29792.37
204526,46442.68
204525,34705.17
204524,15487.53
204523,14356.38
204522,15145.57
204521,15465.45
204520,24202.03
204519,43019.38
204518,29278.92
204517,22391.08
204516,16770.71
204515,16643.49
204514,36876.28
204513,39772.62
204512,49440.56
204511,45802.59
204510,27731.07
204509,30238.13
204508,38267.6
204507,24832.55
204506,26415.62
204505,46307.46
204504,38672.24
204503,13838.4
204502,19112.42
204501,30617.34
204500,30707.87
204499,36424.92
204498,53994.54
204497,39298.34
204496,24339.13
204495,28816.22
204494,33755.35
204493,31315.12
204492,42253.15
204491,61664.98
204490,-43.38
204489,18644.56
204488,17174.14
204487,19260.77
204486,22478.58
204485,28969.42
204484,38914.59
204483,33239.05
204482,16357.39
204481,16610.41
204480,27494.93
204479,24037.63
204478,32602.48
204477,47346.31
204476,48363.52
204475,925.12
204474,15627.79
204473,15728.41
204472,18412.69
204471,23662.6
204470,35434.23
204469,33856.95
204468,13558.02
204467,15386.75
204466,17963.56
204465,33963.02
204464,34859.14
204463,48508.1
204462,38815.97
204461,23333.74
204460,23042.35
204459,26507.4
204458,29915.82
204457,815.28
204456,55661.81
204455,37254.74
204454,20965.66
204453,22530.36
204452,23232.76
204451,35555.05
204450,45382.45
204449,70358.09
204448,46949.87
204447,16947.87
204446,17222.32
204445,18158.65
204444,19063.56
204443,45353.96
204442,56103.53
204441,41461.16
204440,25804.27
204439,25158.56
204438,28357.9
204437,25057.52
204436,37368.15
204435,55000.39
204434,48098.01
204433,18595.97
204432,16499.33
204431,22242.06
204430,283.51
204429,41410.36
204428,53264.9
204427,43125.22
204426,47957.1
204425,17791.41
204424,20540.82
204423,24350.93
204422,34396.34
204421,48551.85
204420,50717.44
204419,22701.18
204418,39816.71
204417,39912.87
204416,32992.24
204415,37055.82
204414,51114.93
204413,47656.57
204412,27188.65
204411,30533.38
204410,25899.88
204409,36124.57
204408,49129.61
204407,60122.51
204406,51177.05
204405,22375.36
204404,21988.6
204403,25996.8
204402,29126.44
204401,42257.0
204400,48426.82
204399,53041.77
204398,16892.39
204397,17095.67
204396,19193.87
204395,28372.88
204394,31790.58
204393,49238.27
204392,36770.16
204391,28582.51
