149035,30212.59
149034,28053.58
149033,15749.57
149032,9179.79
149031,10974.88
149030,11907.79
149029,9259.57
149028,303.28
149027,17606.3
149026,11241.5
149025,6528.54
149024,6559.66
149023,8308.22
149022,14072.33
149021,16477.48
149020,29713.8
149019,14707.96
149018,16760.12
149017,11356.62
149016,6971.46
149015,9589.51
149014,6948.42
149013,29186.17
149012,14804.76
149011,8162.7
149010,8527.95
149009,9772.74
149008,8881.79
149007,20841.4
149006,28159.65
149005,11103.38
149004,13359.89
149003,10221.89
149002,11904.25
149001,13187.14
149000,17163.31
148999,29469.32
148998,13071.75
148997,9164.92
148996,10854.4
148995,14853.96
148994,26865.24
148993,35846.93
148992,50266.28
148991,18981.92
148990,19216.67
148989,17982.88
148988,20481.83
148987,13169.12
148986,23525.95
148985,39541.26
148984,20333.02
148983,8592.65
148982,11328.06
148981,5219.22
148980,9912.54
148979,21343.84
148978,36310.8
148977,15878.24
148976,17491.72
148975,11441.28
148974,13888.71
148973,23645.4
148972,37004.6
148971,51906.09
148970,24610.87
148969,20361.0
148968,26064.23
148967,20033.39
148966,15263.41
148965,23192.87
148964,45357.79
148963,20358.62
148962,16960.82
148961,21133.97
148960,24746.82
148959,24540.0
148958,30124.5
148957,49044.86
148956,22452.8
148955,24154.94
148954,24805.19
148953,33551.67
148952,29808.7
148951,46081.74
148950,44594.9
148949,8084.22
148948,9973.44
148947,8098.66
148946,15862.54
148945,21439.95
148944,30129.87
148943,17027.42
148942,9.99
148941,9533.06
148940,18690.02
148939,21362.12
148938,27053.07
148937,43175.17
148936,22394.57
148935,6982.13
148934,7.99
148933,21536.23
148932,29465.57
148931,17698.83
148930,32.88
148929,10242.92
148928,10398.05
148927,23743.58
148926,29104.08
148925,41980.77
148924,23006.3
148923,16751.05
148922,17850.61
148921,18180.93
148920,23337.31
148919,22590.72
148918,54729.76
148917,25366.45
148916,17276.67
148915,17106.77
148914,20611.37
148913,25312.21
148912,35080.81
148911,52123.94
148910,20792.6
148909,12732.62
148908,14069.25
148907,20206.86
148906,16657.97
148905,32796.9
148904,44453.86
148903,26960.53
148902,20050.33
148901,18790.58
148900,20101.35
148899,21001.31
148898,26034.8
148897,37243.43
148896,22119.15
148895,14468.85
148894,8394.87
148893,11425.54
148892,18772.27
148891,22830.29
148890,36348.65
148889,18965.26
148888,25580.73
148887,12069.57
148886,14085.74
148885,19922.04
148884,20859.12
148883,37551.33
148882,14965.08
148881,12462.15
148880,23968.62
148879,26245.36
148878,22312.93
148877,31067.9
148876,37980.95
148875,19969.53
148874,18150.52
148873,18177.51
148872,22512.14
148871,24865.5
148870,36396.75
148869,41926.6
148868,20816.31
148867,12030.15
148866,14582.3
148865,13139.87
148864,18180.37
148863,29895.78
148862,25469.15
148861,21632.38
148860,12986.3
148859,10716.13
148858,12625.74
148857,19021.55
148856,20131.75
148855,26838.9
148854,13640.64
148853,11829.31
