163806,23214.11
163805,31679.9
163804,11958.7
163803,9494.4
163802,12930.35
163801,12423.44
163800,15708.29
163799,930.48
163798,23247.48
163797,18168.92
163796,12930.26
163795,10857.83
163794,10795.18
163793,18517.56
163792,19261.44
163791,26709.34
163790,18302.58
163789,24314.36
163788,14449.73
163787,15713.08
163786,14740.72
163785,14709.97
163784,27307.58
163783,19130.91
163782,10154.56
163781,8620.35
163780,14827.96
163779,11041.24
163778,20119.07
163777,32284.61
163776,16366.39
163775,16094.67
163774,14537.03
163773,13180.77
163772,17308.32
163771,23445.63
163770,30645.18
163769,14508.04
163768,12276.51
163767,14831.98
163766,18121.97
163765,31613.15
163764,36674.75
163763,50686.73
163762,30459.09
163761,29750.63
163760,15350.75
163759,19189.59
163758,15117.31
163757,26065.35
163756,37862.1
163755,25302.95
163754,14510.93
163753,15560.27
163752,12968.8
163751,13974.26
163750,20227.73
163749,33097.44
163748,22657.74
163747,20381.03
163746,12548.43
163745,15604.31
163744,30644.54
163743,30168.35
163742,45257.28
163741,31332.66
163740,21483.47
163739,24477.85
163738,28781.18
163737,21188.59
163736,25360.87
163735,39597.46
163734,29509.66
163733,14551.82
163732,14514.76
163731,32214.66
163730,21752.73
163729,26071.66
163728,39770.9
163727,30752.01
163726,20731.8
163725,22948.3
163724,30675.28
163723,22299.02
163722,31418.81
163721,55613.01
163720,20045.61
163719,18457.7
163718,19054.77
163717,25795.53
163716,28531.92
163715,38367.51
163714,29258.54
163713,744.75
163712,21998.64
163711,30917.48
163710,30675.97
163709,34908.18
163708,43385.3
163707,39352.23
163706,14446.99
163705,617.1
163704,623.12
163703,238.61
163702,24341.18
163701,28495.82
163700,30466.32
163699,804.12
163698,21812.93
163697,17964.54
163696,33485.13
163695,33440.4
163694,44030.66
163693,34850.87
163692,19749.83
163691,22050.08
163690,21133.28
163689,21504.01
163688,29382.06
163687,43907.92
163686,27534.01
163685,17634.38
163684,23923.03
163683,21182.42
163682,28640.28
163681,33886.35
163680,47251.03
163679,37594.83
163678,19098.97
163677,21340.01
163676,21265.78
163675,19636.41
163674,34551.23
163673,45380.74
163672,31850.4
163671,24419.84
163670,20916.09
163669,24478.83
163668,22386.23
163667,29738.36
163666,29591.82
163665,39926.67
163664,15125.01
163663,17861.98
163662,17457.66
163661,23734.66
163660,24101.42
163659,30408.06
163658,27548.85
163657,33836.58
163656,17396.93
163655,18468.65
163654,21489.73
163653,29347.07
163652,35541.74
163651,35328.7
163650,16396.65
163649,32623.31
163648,28845.07
163647,31068.21
163646,30077.14
163645,45808.16
163644,36889.07
163643,25011.42
163642,22374.54
163641,22832.67
163640,26645.59
163639,37646.88
163638,39795.37
163637,30898.61
163636,19214.27
163635,20752.0
163634,18165.32
163633,20350.11
163632,30916.86
163631,26725.21
163630,26498.17
163629,16872.92
163628,12422.54
163627,18612.2
163626,23796.64
163625,24945.12
163624,28485.32
163623,27722.0
163622,16025.76
