70276,32951.2
70275,55187.04
70274,47561.71
70273,23386.85
70272,21993.06
70271,20982.08
70270,17139.21
70269,390.7
70268,42247.51
70267,36265.06
70266,15593.88
70265,15178.22
70264,14088.77
70263,24171.53
70262,21877.05
70261,45205.42
70260,37651.0
70259,36062.8
70258,22203.16
70257,16964.82
70256,19478.76
70255,19827.61
70254,27695.78
70253,40355.19
70252,14831.49
70251,16285.7
70250,16905.13
70249,15806.37
70248,29904.23
70247,51061.77
70246,33904.9
70245,15466.59
70244,21319.48
70243,19543.52
70242,23014.61
70241,30478.34
70240,46159.35
70239,34244.19
70238,18638.49
70237,17552.35
70236,26174.93
70235,45819.82
70234,58238.96
70233,89058.88
70232,48392.62
70231,33698.23
70230,26310.01
70229,31454.03
70228,24586.67
70227,32670.24
70226,56252.63
70225,39776.82
70224,16331.59
70223,17360.46
70222,17924.33
70221,19626.42
70220,33109.62
70219,58019.99
70218,33168.87
70217,28791.98
70216,21383.68
70215,19323.29
70214,35846.15
70213,55166.49
70212,80988.53
70211,65372.76
70210,37010.85
70209,48345.47
70208,62194.7
70207,33552.76
70206,44986.79
70205,67842.86
70204,60584.0
70203,27641.34
70202,29548.24
70201,51897.39
70200,43905.75
70199,47810.63
70198,80682.05
70197,63304.07
70196,33169.24
70195,42219.3
70194,47110.91
70193,38199.99
70192,70866.09
70191,111428.57
70190,28112.16
70189,30610.56
70188,32125.6
70187,36700.93
70186,44555.73
70185,60153.6
70184,40468.69
70183,391.24
70182,24193.95
70181,32724.71
70180,33969.11
70179,45866.8
70178,58483.59
70177,49351.09
70176,17894.93
70175,1166.44
70174,570.18
70173,159.85
70172,31982.93
70171,47460.21
70170,36663.05
70169,565.13
70168,23656.19
70167,27841.36
70166,47010.31
70165,46575.37
70164,71119.24
70163,49733.88
70162,31179.28
70161,37124.27
70160,37106.94
70159,40711.64
70158,57947.88
70157,79760.65
70156,55976.74
70155,30139.69
70154,34633.45
70153,33354.89
70152,40152.36
70151,56987.47
70150,83089.32
70149,62689.23
70148,22615.48
70147,25917.4
70146,24742.04
70145,30260.04
70144,48223.97
70143,77007.92
70142,53638.8
70141,34616.77
70140,36439.94
70139,43077.48
70138,35431.71
70137,41279.08
70136,81379.96
70135,62813.73
70134,28294.26
70133,38417.05
70132,34823.07
70131,49017.36
70130,54527.01
70129,67305.19
70128,50635.08
70127,56880.31
70126,27200.92
70125,28763.43
70124,32696.28
70123,44512.31
70122,56117.47
70121,54420.36
70120,19582.86
70119,40645.75
70118,38733.17
70117,40813.72
70116,46128.84
70115,68902.76
70114,44823.99
70113,29457.06
70112,29726.65
70111,35725.45
70110,41935.35
70109,50207.85
70108,67907.71
70107,52704.36
70106,20069.51
70105,24236.09
70104,22945.16
70103,27693.38
70102,37454.38
70101,45930.02
70100,49803.92
70099,23949.29
70098,18318.04
70097,26373.13
70096,31027.51
70095,35516.07
70094,45195.46
70093,34378.93
70092,27670.84
