88309,35518.33
88308,56415.06
88307,41098.69
88306,14933.4
88305,15129.98
88304,22489.23
88303,16491.02
88302,917.47
88301,41349.3
88300,20582.96
88299,10822.88
88298,10871.74
88297,12992.2
88296,27350.32
88295,31030.97
88294,37358.03
88293,39812.95
88292,30991.61
88291,18771.32
88290,23457.35
88289,22960.75
88288,24582.69
88287,42464.78
88286,31792.26
88285,14121.69
88284,12900.32
88283,16445.01
88282,15825.78
88281,27602.57
88280,52925.08
88279,36300.86
88278,17238.35
88277,15407.1
88276,19151.25
88275,20301.75
88274,9085.03
88273,39539.33
88272,30121.48
88271,9117.45
88270,18935.32
88269,23341.36
88268,45700.75
88267,51007.15
88266,83137.19
88265,44924.62
88264,47567.5
88263,21465.26
88262,38262.54
88261,29822.63
88260,38862.2
88259,62960.19
88258,45137.57
88257,19865.63
88256,15276.09
88255,17540.39
88254,18750.38
88253,32736.91
88252,55135.36
88251,40454.07
88250,26214.88
88249,13996.68
88248,18257.81
88247,49832.96
88246,47268.81
88245,92363.97
88244,71913.54
88243,40230.33
88242,45138.07
88241,61534.73
88240,31879.8
88239,44060.06
88238,64817.35
88237,58566.42
88236,19714.82
88235,17418.76
88234,48510.45
88233,39404.06
88232,48283.18
88231,88655.97
88230,58090.34
88229,25021.22
88228,39757.11
88227,45505.21
88226,39537.3
88225,54826.12
88224,86029.76
88223,-46.71
88222,17267.33
88221,20552.79
88220,27036.92
88219,25109.15
88218,32832.93
88217,62686.69
88216,34832.72
88215,10728.24
88214,16959.55
88213,37128.44
88212,30128.29
88211,48592.3
88210,79983.04
88209,73306.14
88208,1171.38
88207,18736.0
88206,26335.51
88205,29957.09
88204,32467.62
88203,56067.17
88202,42598.31
88201,28030.98
88200,23831.13
88199,21723.38
88198,57451.24
88197,59895.93
88196,84871.94
88195,60068.95
88194,37839.24
88193,36821.26
88192,36447.16
88191,43947.17
88190,1021.21
88189,82493.39
88188,42885.49
88187,21477.2
88186,25206.97
88185,28969.96
88184,35323.0
88183,60989.67
88182,90222.96
88181,52053.66
88180,18052.73
88179,22758.17
88178,24645.54
88177,23367.8
88176,69413.92
88175,74698.03
88174,62460.17
88173,37783.77
88172,38672.36
88171,43713.16
88170,37839.72
88169,48653.15
88168,73067.37
88167,69800.04
88166,28045.79
88165,23048.52
88164,30055.52
88163,972.71
88162,51462.29
88161,66508.29
88160,48041.87
88159,68888.81
88158,25415.72
88157,29204.1
88156,35752.75
88155,40971.43
88154,52769.11
88153,47819.79
88152,26442.08
88151,49987.24
88150,50746.21
88149,49563.05
88148,55439.05
88147,72450.04
88146,58980.93
88145,38585.66
88144,36578.69
88143,41206.98
88142,47610.96
88141,58666.22
88140,76095.44
88139,48200.76
88138,25857.32
88137,31618.96
88136,29498.46
88135,33560.72
88134,44908.7
88133,47672.48
88132,48510.52
88131,24343.36
88130,20582.28
88129,29427.54
88128,31221.33
88127,40198.4
88126,45808.95
88125,30287.18
88124,22563.9
