89832,28643.85
89831,60057.27
89830,55028.91
89829,21077.47
89828,22504.96
89827,24411.6
89826,22979.62
89825,1251.71
89824,45107.68
89823,35708.13
89822,19357.21
89821,17186.04
89820,20457.55
89819,34130.86
89818,41615.36
89817,56926.82
89816,42354.27
89815,49829.64
89814,25302.32
89813,29542.66
89812,31054.41
89811,32723.39
89810,6459.37
89809,41736.24
89808,18755.43
89807,19043.34
89806,21228.85
89805,22598.73
89804,33192.85
89803,55343.05
89802,36666.89
89801,17536.54
89800,21222.07
89799,17808.21
89798,27977.26
89797,26201.64
89796,52638.27
89795,37258.53
89794,13746.55
89793,23057.16
89792,21704.56
89791,44726.03
89790,58014.27
89789,74668.76
89788,45545.04
89787,36854.58
89786,19796.88
89785,39022.22
89784,26833.2
89783,41396.69
89782,59458.6
89781,51275.48
89780,20479.51
89779,16821.68
89778,18042.2
89777,22753.75
89776,39476.95
89775,52538.33
89774,42784.04
89773,33550.01
89772,29618.81
89771,22635.66
89770,47752.07
89769,51215.6
89768,86924.2
89767,74954.79
89766,43588.07
89765,51068.24
89764,68030.89
89763,37659.02
89762,48333.24
89761,78411.05
89760,65613.05
89759,25035.26
89758,30444.75
89757,43700.21
89756,45908.15
89755,55760.8
89754,87479.76
89753,59056.34
89752,38217.77
89751,50541.6
89750,55824.11
89749,49004.95
89748,63551.77
89747,84030.81
89746,26416.98
89745,25565.83
89744,28166.39
89743,29195.63
89742,36598.25
89741,59642.6
89740,41067.03
89739,14811.48
89738,18923.85
89737,33090.6
89736,36125.49
89735,42862.74
89734,67043.89
89733,62024.04
89732,1582.45
89731,21270.84
89730,28837.15
89729,33691.65
89728,41161.12
89727,57225.13
89726,58218.3
89725,36254.36
89724,29408.77
89723,29139.73
89722,57504.51
89721,65681.43
89720,87772.37
89719,71195.23
89718,45051.97
89717,38308.32
89716,48530.6
89715,46713.28
89714,940.49
89713,89065.84
89712,55342.51
89711,31210.58
89710,38072.64
89709,38801.12
89708,53309.98
89707,69328.16
89706,106814.83
89705,63292.11
89704,32683.35
89703,25472.8
89702,34102.49
89701,31702.94
89700,62661.16
89699,79987.03
89698,66599.63
89697,42695.53
89696,46499.81
89695,52683.68
89694,40185.63
89693,60394.46
89692,79856.95
89691,79376.99
89690,31301.61
89689,33568.2
89688,41419.1
89687,1039.65
89686,76606.09
89685,86109.38
89684,67992.71
89683,91855.72
89682,43986.21
89681,37182.62
89680,50120.5
89679,46862.49
89678,62571.85
89677,59292.74
89676,32531.78
89675,56328.44
89674,59528.53
89673,57647.15
89672,63284.0
89671,85728.26
89670,72360.28
89669,43974.92
89668,53248.82
89667,49094.37
89666,53880.53
89665,76029.97
89664,94736.23
89663,75095.03
89662,37065.17
89661,39670.22
89660,44259.1
89659,46081.53
89658,63428.21
89657,52635.97
89656,73159.79
89655,36457.36
89654,26964.22
89653,38807.99
89652,47487.52
89651,48018.58
89650,52453.08
89649,46146.5
89648,40893.65
