32238,27708.7
32237,65469.46
32236,52253.88
32235,19007.41
32234,15326.14
32233,17581.55
32232,22362.37
32231,690.91
32230,46522.65
32229,27015.9
32228,12235.55
32227,12564.98
32226,18049.03
32225,28586.44
32224,36431.22
32223,51519.99
32222,30921.51
32221,31853.76
32220,22774.08
32219,22232.98
32218,22342.32
32217,29790.03
32216,48885.0
32215,40348.87
32214,16107.82
32213,15133.89
32212,15852.08
32211,14448.62
32210,33872.7
32209,53257.55
32208,33730.29
32207,20081.1
32206,21730.35
32205,21699.96
32204,23236.11
32203,32151.66
32202,45864.42
32201,32791.49
32200,13894.12
32199,14914.79
32198,16591.88
32197,37326.57
32196,58587.51
32195,68837.97
32194,56896.98
32193,42857.68
32192,27384.48
32191,35304.25
32190,24777.14
32189,46148.25
32188,62203.47
32187,53196.3
32186,21363.37
32185,20174.95
32184,21069.62
32183,17790.0
32182,33939.32
32181,55298.7
32180,35898.99
32179,33096.58
32178,19220.76
32177,16493.58
32176,51036.52
32175,58096.76
32174,95239.86
32173,73691.05
32172,49092.2
32171,50429.43
32170,72808.24
32169,29485.78
32168,36950.69
32167,69886.83
32166,54677.86
32165,26853.04
32164,23956.68
32163,48372.88
32162,38479.54
32161,49797.29
32160,81787.83
32159,50413.2
32158,45200.07
32157,44598.04
32156,58343.99
32155,39184.8
32154,58069.45
32153,84427.26
32152,16861.87
32151,23024.32
32150,24922.53
32149,30187.76
32148,35419.54
32147,47657.5
32146,36310.98
32145,1001.76
32144,23656.08
32143,35976.72
32142,36351.99
32141,39405.29
32140,57759.21
32139,52581.92
32138,15124.33
32137,786.75
32136,669.15
32135,168.13
32134,30407.52
32133,47262.77
32132,38912.36
32131,822.18
32130,25551.47
32129,23944.34
32128,53589.39
32127,62137.6
32126,87065.08
32125,54455.23
32124,35087.23
32123,40026.3
32122,43372.81
32121,41684.58
32120,52661.77
32119,85689.29
32118,50773.04
32117,29736.4
32116,28129.07
32115,32002.92
32114,47043.94
32113,56065.63
32112,79312.94
32111,50192.29
32110,21895.91
32109,26700.56
32108,27274.54
32107,27423.72
32106,63013.05
32105,84702.34
32104,67238.02
32103,40666.37
32102,39488.01
32101,42866.83
32100,36679.51
32099,52504.6
32098,78541.13
32097,63313.6
32096,26493.89
32095,29415.25
32094,34203.18
32093,44935.82
32092,58936.81
32091,67267.08
32090,52661.61
32089,58826.95
32088,30750.96
32087,30691.27
32086,45003.38
32085,46472.88
32084,53800.48
32083,47377.1
32082,24679.55
32081,55411.84
32080,47572.31
32079,45312.0
32078,52300.92
32077,71147.92
32076,52647.87
32075,38260.76
32074,36953.66
32073,44711.84
32072,48162.4
32071,58414.96
32070,72235.34
32069,52283.64
32068,35823.45
32067,45731.15
32066,30222.25
32065,39916.32
32064,54992.49
32063,51772.93
32062,57292.62
32061,26967.41
32060,20646.27
32059,25336.66
32058,35304.11
32057,40870.4
32056,42490.61
32055,33546.03
32054,30364.83
