49099,31237.83
49098,57349.13
49097,42270.47
49096,12739.01
49095,17129.75
49094,17960.3
49093,14849.33
49092,975.56
49091,35519.84
49090,27625.89
49089,11619.92
49088,12810.99
49087,10989.09
49086,19085.48
49085,25214.65
49084,43339.9
49083,35714.02
49082,36087.55
49081,18586.71
49080,22163.81
49079,28667.03
49078,9679.84
49077,76.74
49076,72.12
49075,7471.22
49074,8736.97
49073,11827.16
49072,14629.98
49071,22129.88
49070,48358.76
49069,28794.12
49068,13736.74
49067,14880.07
49066,11039.32
49065,18777.06
49064,22570.83
49063,43919.88
49062,27947.06
49061,14095.14
49060,13915.48
49059,16539.36
49058,30968.18
49057,40092.35
49056,72403.58
49055,44687.53
49054,6214.36
49053,22081.22
49052,25614.45
49051,19828.97
49050,33303.29
49049,56802.12
49048,43002.2
49047,16248.91
49046,14528.44
49045,13531.37
49044,12993.31
49043,24283.81
49042,50768.35
49041,28711.9
49040,23141.2
49039,20139.08
49038,14549.93
49037,32260.61
49036,42384.64
49035,83601.69
49034,63618.01
49033,28938.21
49032,36013.11
49031,52452.46
49030,28057.34
49029,37961.27
49028,75113.08
49027,62338.34
49026,19464.42
49025,21082.11
49024,38732.75
49023,32833.08
49022,38149.47
49021,70006.86
49020,48605.8
49019,40111.35
49018,33777.52
49017,41987.22
49016,38506.96
49015,52597.16
49014,75188.96
49013,28143.91
49012,20640.69
49011,16846.82
49010,20675.42
49009,31309.61
49008,49437.5
49007,41575.72
49006,692.94
49005,17501.24
49004,26131.41
49003,28806.98
49002,36769.0
49001,64750.96
49000,51744.74
48999,14871.46
48998,15746.5
48997,19687.78
48996,19335.82
48995,28153.86
48994,47946.63
48993,42629.96
48992,21655.38
48991,20700.71
48990,19311.23
48989,36829.86
48988,41508.36
48987,76705.7
48986,51781.59
48985,28978.73
48984,30158.37
48983,26215.85
48982,29681.49
48981,650.58
48980,63421.28
48979,45566.01
48978,22975.21
48977,26030.79
48976,26750.05
48975,33207.96
48974,43342.95
48973,79602.21
48972,49896.49
48971,15691.78
48970,21169.92
48969,20826.5
48968,19633.93
48967,46185.68
48966,63890.13
48965,50677.97
48964,26676.89
48963,25621.43
48962,28731.77
48961,24003.39
48960,36172.07
48959,69700.06
48958,56572.31
48957,16550.28
48956,21076.26
48955,18617.95
48954,368.48
48953,45328.21
48952,67038.5
48951,50393.83
48950,62898.47
48949,16406.88
48948,25133.73
48947,23450.94
48946,32277.39
48945,55993.79
48944,50049.61
48943,24232.86
48942,32392.83
48941,35138.85
48940,33778.67
48939,50645.42
48938,75775.77
48937,63376.8
48936,28643.13
48935,32048.05
48934,30551.92
48933,33768.06
48932,48037.9
48931,69995.95
48930,52928.78
48929,20624.73
48928,23339.15
48927,27184.32
48926,23232.33
48925,38856.9
48924,45790.12
48923,54564.37
48922,20555.02
48921,13217.29
48920,20235.55
48919,25000.36
48918,30659.14
48917,45540.74
48916,32519.09
48915,31308.14
