216404,17883.42
216403,32857.8
216402,22366.79
216401,11082.1
216400,10325.05
216399,11193.53
216398,12264.88
216397,891.66
216396,22292.41
216395,14418.2
216394,7576.37
216393,4928.48
216392,7738.11
216391,14528.97
216390,17429.63
216389,24311.98
216388,20857.85
216387,14286.68
216386,10355.7
216385,12257.32
216384,12748.91
216383,12431.53
216382,24104.22
216381,17400.84
216380,7865.42
216379,8246.06
216378,9494.62
216377,8556.51
216376,19388.16
216375,25913.71
216374,15596.51
216373,10853.01
216372,14165.27
216371,9918.01
216370,13867.39
216369,19998.76
216368,28818.01
216367,17291.19
216366,12790.07
216365,10037.39
216364,17245.34
216363,25632.47
216362,28672.33
216361,37670.02
216360,22222.77
216359,23842.67
216358,13248.66
216357,18433.3
216356,17284.06
216355,25675.14
216354,31733.21
216353,21561.91
216352,11344.52
216351,11317.01
216350,10378.7
216349,13277.86
216348,19561.94
216347,36580.72
216346,18873.35
216345,15726.5
216344,12059.66
216343,10053.34
216342,25354.25
216341,28628.0
216340,41984.48
216339,35786.28
216338,19422.33
216337,20772.77
216336,30056.69
216335,18965.43
216334,26872.5
216333,37448.97
216332,32337.6
216331,11944.5
216330,13410.04
216329,26598.35
216328,21570.34
216327,24420.7
216326,47694.53
216325,29462.97
216324,18282.9
216323,20638.67
216322,19946.96
216321,22702.31
216320,34123.39
216319,48094.59
216318,12077.34
216317,11621.03
216316,14356.52
216315,15479.89
216314,17220.59
216313,30279.95
216312,20638.55
216311,4657.33
216310,11552.87
216309,24220.87
216308,19632.14
216307,25453.3
216306,42487.76
216305,35109.71
216304,1163.84
216303,10350.32
216302,14008.45
216301,14819.31
216300,24688.71
216299,29797.82
216298,22427.49
216297,12238.42
216296,16172.34
216295,13431.76
216294,26272.66
216293,31490.1
216292,35421.7
216291,29293.15
216290,19767.67
216289,15616.9
216288,17688.65
216287,16859.86
216286,662.77
216285,39675.64
216284,24047.35
216283,12443.73
216282,15210.32
216281,19033.04
216280,27530.6
216279,33628.31
216278,47881.59
216277,29032.37
216276,10782.82
216275,14094.81
216274,14079.31
216273,17021.63
216272,32960.34
216271,36359.77
216270,30200.94
216269,21623.79
216268,18863.93
216267,24426.92
216266,22378.75
216265,27439.73
216264,29987.78
216263,31199.27
216262,17135.56
216261,14211.98
216260,21046.68
216259,33982.73
216258,37583.87
216257,37728.46
216256,30804.52
216255,39638.2
216254,18849.99
216253,18816.28
216252,25901.95
216251,30549.08
216250,25446.88
216249,28083.02
216248,13125.87
216247,29265.9
216246,23995.7
216245,22530.3
216244,28952.52
216243,34236.08
216242,26893.66
216241,21389.99
216240,19406.59
216239,21223.44
216238,23769.76
216237,34876.9
216236,34498.7
216235,26187.65
216234,14218.67
216233,17797.06
216232,20441.53
216231,23593.39
216230,29691.8
216229,27781.49
216228,24580.03
216227,14095.67
216226,10708.95
216225,16033.28
216224,23308.36
216223,22809.77
216222,25663.59
216221,16123.16
216220,14584.67
