205705,14094.94
205704,24359.57
205703,23310.9
205702,11284.62
205701,12571.71
205700,13136.29
205699,12876.24
205698,520.42
205697,23217.11
205696,17034.18
205695,8182.58
205694,7822.3
205693,9738.96
205692,17327.23
205691,13938.22
205690,20689.35
205689,19974.21
205688,19317.66
205687,8570.13
205686,11398.38
205685,14244.17
205684,12042.93
205683,23315.06
205682,22731.5
205681,8819.57
205680,9158.8
205679,9333.97
205678,11077.91
205677,15607.34
205676,24502.28
205675,15675.9
205674,13883.15
205673,9679.5
205672,13179.8
205671,15029.3
205670,13729.08
205669,25974.93
205668,13275.45
205667,9150.03
205666,14812.08
205665,12078.4
205664,19982.44
205663,24089.97
205662,38192.99
205661,27764.88
205660,22228.41
205659,16784.71
205658,14521.24
205657,14547.24
205656,20288.77
205655,29452.97
205654,24493.22
205653,11148.78
205652,12354.87
205651,14750.56
205650,10500.55
205649,19364.58
205648,25636.84
205647,22918.32
205646,16177.92
205645,16722.01
205644,10915.87
205643,18406.06
205642,21939.08
205641,28592.96
205640,29071.0
205639,18181.3
205638,19453.15
205637,22144.0
205636,14464.14
205635,18221.19
205634,27667.95
205633,27786.15
205632,14894.38
205631,12687.7
205630,19945.03
205629,16657.96
205628,20493.78
205627,33441.92
205626,17981.52
205625,16444.53
205624,20873.21
205623,23933.7
205622,19810.67
205621,29359.28
205620,40997.57
205619,15055.46
205618,15943.43
205617,15208.25
205616,18423.55
205615,21862.56
205614,29602.98
205613,24514.03
205612,621.59
205611,15190.1
205610,26244.49
205609,23154.5
205608,25960.68
205607,34666.03
205606,32584.5
205605,17681.2
205604,1486.41
205603,409.99
205602,49.15
205601,20809.04
205600,25322.58
205599,24316.12
205598,943.43
205597,17958.99
205596,13483.19
205595,21807.49
205594,22414.91
205593,31778.08
205592,30164.2
205591,16064.02
205590,16190.3
205589,17688.27
205588,16931.9
205587,20560.14
205586,39287.05
205585,28207.52
205584,16125.68
205583,17267.26
205582,17883.47
205581,19094.59
205580,25317.06
205579,35903.83
205578,25823.85
205577,12660.48
205576,14107.51
205575,14342.42
205574,16024.04
205573,26726.38
205572,32980.63
205571,33641.48
205570,18001.78
205569,22317.31
205568,20358.6
205567,17218.36
205566,22410.98
205565,33209.81
205564,31654.49
205563,15561.39
205562,17587.49
205561,17112.6
205560,20259.5
205559,22690.28
205558,32424.73
205557,30257.81
205556,27004.55
205555,20060.23
205554,14997.29
205553,21478.96
205552,25689.67
205551,35391.66
205550,28569.71
205549,18815.47
205548,25450.13
205547,28683.09
205546,22008.86
205545,23463.26
205544,32867.8
205543,30689.3
205542,20605.97
205541,23761.14
205540,19200.22
205539,27389.02
205538,27114.23
205537,36576.33
205536,27224.49
205535,16032.49
205534,17773.52
205533,14723.13
205532,18929.87
205531,17149.44
205530,24772.39
205529,28734.45
205528,15592.34
205527,10844.36
205526,18739.36
205525,18533.89
205524,23187.33
205523,26619.54
205522,24049.49
205521,17504.44
