100560,36828.01
100559,52480.42
100558,38882.09
100557,14380.27
100556,12554.9
100555,12340.18
100554,15766.06
100553,932.29
100552,34435.36
100551,25959.63
100550,11032.55
100549,10323.27
100548,10241.16
100547,20302.5
100546,26285.13
100545,23832.16
100544,39733.14
100543,24201.62
100542,18176.11
100541,16003.35
100540,17143.8
100539,20094.67
100538,41072.93
100537,27722.88
100536,11295.96
100535,11748.67
100534,14056.51
100533,12665.08
100532,26284.18
100531,46975.08
100530,31627.03
100529,14722.69
100528,13770.6
100527,13809.42
100526,20400.04
100525,11430.16
100524,40579.85
100523,28833.38
100522,7535.61
100521,12202.58
100520,17046.74
100519,31139.18
100518,42602.94
100517,74895.8
100516,48474.43
100515,37067.22
100514,13953.57
100513,27013.09
100512,25520.82
100511,30320.13
100510,56340.44
100509,44488.07
100508,22303.79
100507,16318.05
100506,11507.42
100505,17949.94
100504,27451.52
100503,47069.69
100502,32820.31
100501,18892.8
100500,15918.01
100499,15052.67
100498,34968.45
100497,37085.96
100496,71391.66
100495,66291.4
100494,25768.11
100493,31993.31
100492,39404.89
100491,26638.3
100490,34752.22
100489,60747.48
100488,46179.29
100487,17663.56
100486,13531.6
100485,35905.54
100484,27825.15
100483,35717.78
100482,68711.87
100481,50023.13
100480,20828.02
100479,27608.38
100478,33037.94
100477,26973.81
100476,40826.74
100475,75728.57
100474,-33.99
100473,17530.34
100472,15230.22
100471,18425.96
100470,19499.18
100469,30675.9
100468,56678.08
100467,39713.39
100466,7705.08
100465,12388.31
100464,29282.94
100463,21728.08
100462,35947.64
100461,62585.49
100460,58621.14
100459,183.42
100458,14555.95
100457,18901.45
100456,23513.85
100455,27123.38
100454,53447.19
100453,46110.44
100452,21949.95
100451,23522.09
100450,24012.5
100449,42081.87
100448,43150.88
100447,75618.86
100446,50269.75
100445,30950.53
100444,24293.11
100443,33611.69
100442,32026.61
100441,64323.08
100440,37897.21
100439,19039.49
100438,20144.59
100437,22066.03
100436,32345.2
100435,39310.78
100434,74672.57
100433,51267.7
100432,17501.52
100431,17581.09
100430,20363.34
100429,22826.81
100428,48938.68
100427,56163.08
100426,49179.91
100425,30756.11
100424,29706.67
100423,31453.84
100422,28884.76
100421,38909.55
100420,47666.3
100419,59900.97
100418,20864.41
100417,21710.6
100416,24720.86
100415,45728.78
100414,52162.37
100413,43994.76
100412,58682.12
100411,18182.97
100410,21335.49
100409,30192.77
100408,35645.26
100407,40715.46
100406,45265.18
100405,17867.83
100404,36844.5
100403,33418.6
100402,33149.12
100401,39372.08
100400,54551.97
100399,45952.21
100398,23930.81
100397,25672.23
100396,25792.06
100395,32495.12
100394,40828.78
100393,46551.58
100392,39234.22
100391,19265.57
100390,23247.98
100389,25008.74
100388,27105.7
100387,37067.66
100386,35120.13
100385,34952.73
100384,18970.51
100383,17820.44
100382,24743.08
100381,25458.78
100380,27329.89
100379,33686.07
100378,21222.83
100377,19787.51
