185631,23557.41
185630,42847.38
185629,41439.64
185628,14109.38
185627,15774.04
185626,18710.72
185625,15626.87
185624,806.17
185623,29315.48
185622,27747.52
185621,14010.0
185620,14438.82
185619,17334.22
185618,28326.61
185617,23378.42
185616,49228.99
185615,38550.26
185614,30877.53
185613,26840.35
185612,26214.42
185611,23468.64
185610,17278.14
185609,52436.38
185608,42732.48
185607,16272.04
185606,17276.75
185605,13566.75
185604,18206.76
185603,32082.03
185602,46569.17
185601,29347.23
185600,19855.56
185599,18247.91
185598,22319.23
185597,24335.23
185596,30393.43
185595,48348.01
185594,38911.26
185593,22430.33
185592,25397.91
185591,27257.16
185590,50056.11
185589,46030.27
185588,84437.95
185587,52663.21
185586,42641.91
185585,23070.96
185584,30124.85
185583,21848.45
185582,36547.5
185581,52816.59
185580,42486.88
185579,19855.82
185578,19487.07
185577,22166.96
185576,19394.15
185575,30477.4
185574,48602.69
185573,37064.89
185572,26408.19
185571,22092.86
185570,19666.46
185569,45966.16
185568,51938.67
185567,74704.78
185566,55719.42
185565,36251.54
185564,37406.75
185563,53487.09
185562,33879.75
185561,35673.37
185560,52135.08
185559,50833.56
185558,25540.15
185557,23619.14
185556,45266.61
185555,36017.17
185554,39095.68
185553,70338.63
185552,56272.15
185551,36278.62
185550,34931.2
185549,39827.27
185548,33052.68
185547,46705.64
185546,68629.2
185545,18582.53
185544,17735.94
185543,21822.32
185542,25651.0
185541,28503.45
185540,48815.4
185539,40932.64
185538,254.97
185537,20459.86
185536,39032.82
185535,36070.22
185534,42632.83
185533,62107.15
185532,55364.63
185531,20793.87
185530,26.77
185529,27488.78
185528,48393.93
185527,39961.19
185526,105.89
185525,19237.7
185524,22908.43
185523,39508.82
185522,35910.54
185521,63035.19
185520,51605.91
185519,28888.24
185518,30832.05
185517,29945.32
185516,32638.98
185515,40456.33
185514,70602.39
185513,46735.65
185512,24907.04
185511,24930.33
185510,24170.07
185509,37708.73
185508,53460.76
185507,81058.21
185506,44684.0
185505,18564.85
185504,21333.25
185503,23978.66
185502,19037.36
185501,45312.53
185500,72039.76
185499,51962.43
185498,29043.01
185497,24967.55
185496,32075.67
185495,27377.65
185494,35161.7
185493,63858.63
185492,59089.81
185491,21235.84
185490,22734.9
185489,23761.64
185488,34070.72
185487,37253.86
185486,55403.98
185485,48657.4
185484,47161.22
185483,18567.49
185482,20447.63
185481,24484.47
185480,33187.52
185479,51654.98
185478,43997.71
185477,25869.1
185476,39884.83
185475,32984.18
185474,36083.93
185473,36952.82
185472,64328.73
185471,55486.1
185470,31422.81
185469,29650.16
185468,33617.25
185467,34029.98
185466,46077.03
185465,68835.18
185464,57010.77
185463,16501.44
185462,16635.78
185461,22934.22
185460,22715.96
185459,32517.2
185458,43224.91
185457,45574.26
185456,17246.88
185455,15987.69
185454,17181.23
185453,24750.63
185452,30494.4
185451,43185.24
185450,37644.65
185449,26927.65
