175672,23998.13
175671,41851.51
175670,35784.33
175669,13733.61
175668,10755.89
175667,11308.89
175666,10394.79
175665,581.98
175664,21045.25
175663,20024.97
175662,9336.3
175661,10218.48
175660,9909.28
175659,19892.86
175658,21220.81
175657,39637.24
175656,22394.55
175655,23495.09
175654,14028.92
175653,14560.38
175652,15683.89
175651,14805.65
175650,36071.44
175649,29300.51
175648,10711.36
175647,14070.09
175646,11833.83
175645,11621.36
175644,23558.71
175643,32268.94
175642,23561.74
175641,13953.25
175640,10685.25
175639,12899.64
175638,14976.42
175637,18614.52
175636,34943.03
175635,23392.36
175634,11708.54
175633,12897.94
175632,14961.07
175631,38671.39
175630,41060.1
175629,60871.4
175628,30797.14
175627,26480.92
175626,16738.76
175625,24679.06
175624,17864.21
175623,30541.9
175622,45543.02
175621,38921.86
175620,13092.21
175619,15933.79
175618,14113.43
175617,16375.3
175616,23005.28
175615,42141.83
175614,28675.94
175613,22870.72
175612,10415.32
175611,13655.17
175610,25718.45
175609,38473.18
175608,61198.92
175607,53728.21
175606,25882.59
175605,38702.88
175604,45257.33
175603,19892.55
175602,32848.07
175601,44926.93
175600,45658.15
175599,17438.37
175598,14133.21
175597,39245.18
175596,30300.57
175595,35438.7
175594,53806.55
175593,51253.89
175592,23633.14
175591,29458.65
175590,31995.76
175589,19906.66
175588,45295.9
175587,65900.27
175586,16782.95
175585,15855.91
175584,18255.37
175583,19626.3
175582,24937.29
175581,38432.37
175580,27265.82
175579,602.58
175578,14851.79
175577,21617.0
175576,23570.89
175575,34345.09
175574,50677.77
175573,40568.96
175572,15369.41
175571,788.82
175570,505.91
175569,285.6
175568,24010.44
175567,38927.96
175566,37364.43
175565,588.77
175564,14394.48
175563,17462.31
175562,40273.22
175561,42447.98
175560,56828.72
175559,45329.76
175558,28125.87
175557,26538.7
175556,26540.22
175555,30914.03
175554,37635.1
175553,63383.22
175552,36952.44
175551,19267.14
175550,18177.17
175549,22536.25
175548,30836.13
175547,39334.51
175546,65487.57
175545,35865.08
175544,14773.07
175543,15994.82
175542,20216.83
175541,19788.58
175540,41545.08
175539,52931.14
175538,44143.24
175537,21841.82
175536,24998.23
175535,29474.88
175534,25784.67
175533,32932.32
175532,47657.43
175531,52757.62
175530,22697.62
175529,19924.31
175528,24209.14
175527,31357.66
175526,40856.04
175525,54157.9
175524,35843.78
175523,41056.46
175522,16602.1
175521,25689.03
175520,29912.59
175519,34159.67
175518,39277.61
175517,30717.62
175516,18544.25
175515,41340.37
175514,31805.44
175513,33187.51
175512,41498.43
175511,49750.87
175510,39656.9
175509,29637.97
175508,28788.22
175507,29680.87
175506,38649.88
175505,47863.19
175504,49620.71
175503,42919.54
175502,21031.63
175501,20402.53
175500,19861.94
175499,21181.42
175498,32771.02
175497,32878.93
175496,40583.63
175495,14391.13
175494,14083.13
175493,17093.44
175492,23847.71
175491,27232.25
175490,29721.01
175489,22950.6
175488,16631.88
