16681,21743.13
16680,30908.02
16679,18336.26
16678,9355.25
16677,10757.95
16676,8457.53
16675,8075.84
16674,800.42
16673,16170.46
16672,15389.56
16671,5865.22
16670,9077.72
16669,8376.33
16668,11889.23
16667,14149.96
16666,19847.33
16665,16068.18
16664,17323.96
16663,9087.63
16662,11681.8
16661,9846.12
16660,10689.69
16659,22900.79
16658,14469.03
16657,9308.97
16656,9547.76
16655,8666.26
16654,8239.29
16653,17159.58
16652,28499.2
16651,15982.48
16650,8858.15
16649,10499.61
16648,12433.33
16647,13694.04
16646,18115.19
16645,27726.08
16644,12610.6
16643,6962.33
16642,11080.36
16641,15137.89
16640,26176.82
16639,27143.24
16638,47269.26
16637,25825.28
16636,22194.81
16635,16010.92
16634,14698.41
16633,12950.73
16632,20737.87
16631,32052.59
16630,19499.33
16629,10430.81
16628,7994.61
16627,12462.12
16626,13146.33
16625,19505.45
16624,32219.88
16623,14016.95
16622,14424.69
16621,10822.02
16620,11684.05
16619,21305.91
16618,28088.75
16617,38166.41
16616,23817.31
16615,19059.2
16614,15754.21
16613,25048.03
16612,15655.99
16611,23960.35
16610,33114.01
16609,22574.0
16608,15940.37
16607,13531.24
16606,20814.01
16605,19159.9
16604,25206.86
16603,44611.87
16602,21195.14
16601,16356.45
16600,17965.81
16599,19141.02
16598,19779.92
16597,37186.55
16596,48182.32
16595,9655.84
16594,11699.31
16593,11417.94
16592,14080.81
16591,15770.21
16590,28502.89
16589,18423.71
16588,8953.54
16587,9623.67
16586,22067.89
16585,22741.27
16584,27755.31
16583,37878.66
16582,26403.69
16581,995.88
16580,11413.99
16579,10957.8
16578,13211.71
16577,16149.79
16576,30491.92
16575,16143.95
16574,11432.87
16573,9652.6
16572,11716.41
16571,21857.67
16570,28772.02
16569,35716.51
16568,18029.1
16567,15132.77
16566,11281.81
16565,14962.08
16564,18607.18
16563,289.58
16562,40882.78
16561,21544.42
16560,13162.17
16559,17230.47
16558,16172.48
16557,19385.89
16556,29656.01
16555,49013.95
16554,25157.37
16553,9503.51
16552,13482.88
16551,13541.32
16550,13743.65
16549,29789.55
16548,36990.04
16547,27939.22
16546,15542.11
16545,16969.25
16544,17566.43
16543,12594.07
16542,25671.42
16541,35756.68
16540,23196.89
16539,13074.72
16538,12112.48
16537,14944.87
16536,152.24
16535,24232.7
16534,34625.13
16533,22284.11
16532,27306.0
16531,9973.47
16530,15651.78
16529,12684.27
16528,26798.22
16527,34751.84
16526,19422.98
16525,13775.99
16524,21330.09
16523,20087.15
16522,21329.19
16521,25275.93
16520,35382.12
16519,24424.55
16518,14965.58
16517,17652.09
16516,17083.74
16515,24408.6
16514,28458.86
16513,34268.43
16512,22795.38
16511,13501.93
16510,13424.25
16509,13996.44
16508,16253.9
16507,22465.46
16506,22346.31
16505,23735.74
16504,11247.65
16503,12480.46
16502,13096.01
16501,16921.4
16500,22481.98
16499,24657.53
16498,14695.29
16497,14757.66
