152293,44273.29
152292,64133.21
152291,52830.63
152290,21650.28
152289,18234.12
152288,14563.0
152287,17468.87
152286,1599.75
152285,37533.58
152284,35132.54
152283,15422.07
152282,22416.8
152281,14732.22
152280,24713.86
152279,27954.99
152278,49623.5
152277,36243.95
152276,41084.1
152275,17689.92
152274,18534.98
152273,21148.57
152272,21780.16
152271,50314.53
152270,35261.5
152269,14240.33
152268,13068.62
152267,19588.39
152266,17390.74
152265,30261.65
152264,52816.53
152263,38308.8
152262,16479.52
152261,17296.97
152260,19597.51
152259,22654.57
152258,27657.85
152257,47895.34
152256,27252.24
152255,19215.66
152254,20826.08
152253,25631.98
152252,39825.06
152251,52787.81
152250,81821.92
152249,55354.63
152248,47406.33
152247,24569.07
152246,29400.47
152245,22363.8
152244,39163.34
152243,64865.12
152242,55217.09
152241,24096.53
152240,18510.89
152239,22470.01
152238,22841.74
152237,39728.89
152236,58890.98
152235,39808.24
152234,26971.73
152233,23272.24
152232,22062.79
152231,41474.2
152230,52043.16
152229,80079.38
152228,63877.74
152227,36272.4
152226,37648.18
152225,46409.92
152224,31892.19
152223,39476.52
152222,66275.88
152221,56867.45
152220,21739.62
152219,24002.67
152218,36078.95
152217,34963.72
152216,46401.58
152215,83292.72
152214,63565.1
152213,35475.23
152212,36821.14
152211,38442.17
152210,39692.7
152209,66125.8
152208,84663.51
152207,26551.29
152206,23769.83
152205,23018.98
152204,28604.87
152203,37094.33
152202,52144.5
152201,41594.07
152200,654.94
152199,23472.97
152198,31830.1
152197,31719.14
152196,46731.85
152195,77364.73
152194,61647.5
152193,21782.25
152192,1560.12
152191,915.53
152190,133.27
152189,34800.55
152188,55619.3
152187,45616.57
152186,490.26
152185,22816.74
152184,18515.53
152183,42167.38
152182,46362.99
152181,65385.92
152180,56507.44
152179,31314.45
152178,27497.25
152177,27788.01
152176,27467.77
152175,46686.61
152174,77249.97
152173,49257.56
152172,27396.71
152171,32763.48
152170,34391.36
152169,44126.98
152168,59780.16
152167,93300.76
152166,54362.75
152165,27602.75
152164,29617.23
152163,30826.23
152162,29355.47
152161,61312.2
152160,82506.17
152159,65693.99
152158,41349.16
152157,31488.8
152156,36969.97
152155,37960.33
152154,45824.25
152153,80669.85
152152,67216.95
152151,28578.27
152150,29616.0
152149,29678.66
152148,42677.45
152147,50138.65
152146,60736.69
152145,50867.96
152144,55867.71
152143,20018.69
152142,27646.48
152141,37243.01
152140,42149.9
152139,55712.47
152138,49362.76
152137,26581.49
152136,46237.52
152135,43271.5
152134,39859.39
152133,53483.88
152132,69834.54
152131,64550.25
152130,31906.56
152129,41325.65
152128,36607.11
152127,40863.8
152126,54570.11
152125,77839.34
152124,51604.94
152123,26259.77
152122,26746.91
152121,26926.25
152120,29493.25
152119,40825.37
152118,50180.01
152117,57217.18
152116,21188.03
152115,17530.97
152114,22129.67
152113,28870.92
152112,35935.84
152111,43032.4
152110,35631.1
152109,27189.46
