59856,29647.12
59855,54240.47
59854,44765.51
59853,13077.19
59852,19516.66
59851,20020.03
59850,19603.89
59849,884.26
59848,39164.73
59847,36161.25
59846,17558.33
59845,16937.07
59844,11818.83
59843,33670.08
59842,35146.16
59841,56534.87
59840,39263.01
59839,41379.93
59838,23047.88
59837,32240.1
59836,34778.96
59835,33591.78
59834,308.73
59833,23041.03
59832,18371.74
59831,19393.37
59830,26086.58
59829,17294.68
59828,31423.38
59827,53125.37
59826,35266.65
59825,17848.63
59824,18974.05
59823,17518.79
59822,24244.08
59821,24818.81
59820,44013.96
59819,32074.2
59818,19496.34
59817,22817.8
59816,25954.45
59815,49899.07
59814,58977.99
59813,76025.2
59812,49199.15
59811,41003.61
59810,25226.29
59809,35218.27
59808,26798.77
59807,41474.54
59806,72304.51
59805,48724.04
59804,21079.94
59803,16967.05
59802,18231.78
59801,22115.46
59800,31268.81
59799,53522.97
59798,37202.56
59797,29093.21
59796,24591.72
59795,21911.13
59794,48169.24
59793,42175.82
59792,82432.88
59791,76265.72
59790,47890.98
59789,62118.53
59788,68800.87
59787,40120.27
59786,41930.83
59785,72415.23
59784,63993.95
59783,20092.78
59782,22490.67
59781,53847.08
59780,41240.82
59779,49410.54
59778,81980.25
59777,59073.66
59776,43178.51
59775,46783.41
59774,57286.76
59773,39274.51
59772,64970.45
59771,86761.71
59770,-233.71
59769,25156.25
59768,27887.55
59767,29567.73
59766,31503.38
59765,40988.14
59764,51378.46
59763,46343.75
59762,953.35
59761,22949.26
59760,36847.6
59759,41630.88
59758,49060.49
59757,63756.13
59756,60774.96
59755,23237.7
59754,1013.06
59753,868.96
59752,195.9
59751,30558.6
59750,45433.15
59749,46155.76
59748,1386.94
59747,25336.11
59746,27689.19
59745,57845.32
59744,66971.33
59743,92691.83
59742,71448.79
59741,44923.08
59740,43789.51
59739,46905.9
59738,43120.02
59737,50832.99
59736,78706.32
59735,51171.52
59734,23678.98
59733,28612.37
59732,40048.26
59731,45087.06
59730,56917.27
59729,88105.09
59728,52263.1
59727,24539.32
59726,24858.21
59725,25341.76
59724,29674.71
59723,54057.55
59722,77584.47
59721,66352.35
59720,40126.74
59719,38644.75
59718,49926.6
59717,46490.33
59716,51658.04
59715,78202.83
59714,74885.91
59713,31816.89
59712,29688.99
59711,34093.68
59710,54859.97
59709,65127.58
59708,78651.39
59707,58154.68
59706,76483.22
59705,30726.22
59704,35787.67
59703,38443.41
59702,43175.25
59701,60784.23
59700,47326.23
59699,30848.2
59698,58175.02
59697,47404.87
59696,51337.94
59695,57944.31
59694,80402.15
59693,66949.93
59692,44754.44
59691,48870.63
59690,50379.96
59689,59118.83
59688,69351.16
59687,85351.19
59686,69267.87
59685,35621.8
59684,40038.68
59683,35613.56
59682,33407.33
59681,46836.18
59680,49635.96
59679,57330.41
59678,33782.44
59677,21689.9
59676,33276.36
59675,35001.74
59674,42510.94
59673,47408.12
59672,40563.24
59671,31271.54
