49484,27608.93
49483,60702.83
49482,49232.91
49481,13381.45
49480,19847.21
49479,18548.63
49478,18111.84
49477,1613.01
49476,44307.5
49475,31291.35
49474,16914.25
49473,14632.94
49472,17131.42
49471,24034.94
49470,29327.39
49469,56974.91
49468,39865.65
49467,39310.04
49466,17607.47
49465,20626.11
49464,19582.72
49463,22179.73
49462,46904.7
49461,40373.27
49460,15692.52
49459,16064.15
49458,18065.7
49457,20070.88
49456,30758.94
49455,57118.28
49454,38036.01
49453,17750.08
49452,17567.11
49451,20414.17
49450,19643.18
49449,26878.86
49448,49463.61
49447,35497.24
49446,17845.79
49445,17107.31
49444,20096.29
49443,43347.68
49442,52719.69
49441,87836.7
49440,51457.03
49439,37909.6
49438,25050.53
49437,28186.6
49436,24009.69
49435,40876.76
49434,65864.35
49433,51535.98
49432,19304.5
49431,15211.36
49430,18275.53
49429,15005.26
49428,28370.31
49427,59819.63
49426,38150.25
49425,26965.49
49424,18511.54
49423,18987.86
49422,38037.98
49421,50108.27
49420,95425.14
49419,83471.35
49418,35241.58
49417,43239.17
49416,65275.51
49415,29540.63
49414,46167.35
49413,80990.38
49412,66227.18
49411,18212.95
49410,22092.46
49409,41037.42
49408,39651.38
49407,44752.96
49406,96965.69
49405,65034.81
49404,38900.64
49403,43784.43
49402,46344.63
49401,42004.05
49400,71735.74
49399,84823.02
49398,-16.99
49397,24099.17
49396,20571.94
49395,18656.45
49394,24798.21
49393,35215.6
49392,50594.16
49391,41725.52
49390,598.15
49389,21200.31
49388,32639.98
49387,31696.0
49386,40475.67
49385,76461.38
49384,58273.38
49383,15537.45
49382,22109.25
49381,20407.32
49380,24062.41
49379,37300.51
49378,56150.22
49377,57748.61
49376,28845.3
49375,27196.97
49374,26115.67
49373,43482.84
49372,54553.69
49371,92503.95
49370,65932.42
49369,36270.46
49368,39670.19
49367,42700.32
49366,35737.75
49365,1372.86
49364,81877.73
49363,52669.42
49362,25026.7
49361,30560.84
49360,27975.4
49359,46381.27
49358,48458.72
49357,81044.48
49356,51440.24
49355,22395.83
49354,21922.24
49353,27151.33
49352,28846.4
49351,65057.43
49350,87828.13
49349,59240.62
49348,40003.62
49347,32851.93
49346,38269.2
49345,38033.96
49344,48727.73
49343,74365.09
49342,70802.97
49341,25079.64
49340,23840.44
49339,27091.92
49338,201.97
49337,61030.1
49336,66196.33
49335,59996.9
49334,64766.47
49333,30153.36
49332,29672.72
49331,44310.94
49330,41182.64
49329,57665.19
49328,51888.93
49327,24529.99
49326,53602.3
49325,43196.88
49324,40194.37
49323,55545.13
49322,75968.91
49321,64582.07
49320,36079.89
49319,37985.86
49318,39272.53
49317,47924.6
49316,56820.13
49315,62499.95
49314,52488.69
49313,23961.14
49312,25575.55
49311,20786.77
49310,27076.47
49309,41457.69
49308,46907.07
49307,50959.82
49306,25458.84
49305,15513.87
49304,22631.63
49303,29504.14
49302,32918.84
49301,38388.42
49300,29472.03
49299,26999.73
