205897,23942.79
205896,45867.83
205895,42706.43
205894,17914.3
205893,15747.27
205892,15021.77
205891,18467.33
205890,683.04
205889,34084.29
205888,32397.9
205887,17358.58
205886,15567.51
205885,14023.83
205884,18796.17
205883,29973.71
205882,41196.91
205881,31279.18
205880,23768.51
205879,17533.42
205878,19271.93
205877,18413.03
205876,19376.4
205875,37022.94
205874,36525.82
205873,15971.15
205872,15200.04
205871,12475.6
205870,13494.06
205869,23859.98
205868,35885.4
205867,21219.09
205866,16898.82
205865,19215.76
205864,18979.04
205863,21939.65
205862,26314.87
205861,38275.81
205860,25503.21
205859,18271.33
205858,21724.1
205857,18901.73
205856,36127.28
205855,46580.85
205854,72484.91
205853,49307.95
205852,38757.53
205851,24281.55
205850,19914.31
205849,20696.17
205848,33427.9
205847,53008.88
205846,46395.74
205845,18171.27
205844,18161.46
205843,19279.75
205842,17439.36
205841,29635.16
205840,44275.82
205839,33498.18
205838,23960.4
205837,19156.6
205836,23071.31
205835,41103.53
205834,40133.87
205833,60581.88
205832,50604.84
205831,30077.74
205830,35268.26
205829,47009.19
205828,23125.34
205827,31289.13
205826,55391.18
205825,44325.2
205824,20234.91
205823,25377.54
205822,37577.13
205821,32890.44
205820,40857.38
205819,64835.78
205818,56821.26
205817,33403.1
205816,36536.88
205815,41296.03
205814,35043.52
205813,48113.57
205812,69482.76
205811,23206.59
205810,18126.9
205809,22407.78
205808,29947.24
205807,31608.44
205806,48384.47
205805,41250.67
205804,597.43
205803,23439.31
205802,33509.92
205801,36273.76
205800,43733.71
205799,62366.82
205798,63345.65
205797,19151.6
205796,19466.93
205795,23593.88
205794,27119.28
205793,33342.45
205792,50700.46
205791,42663.73
205790,20758.76
205789,18663.66
205788,19629.3
205787,43570.36
205786,42431.85
205785,64277.49
205784,42130.32
205783,24638.66
205782,27796.41
205781,27361.09
205780,29069.48
205779,955.59
205778,71859.43
205777,47198.97
205776,23101.86
205775,32527.07
205774,30564.66
205773,44757.44
205772,55972.87
205771,89743.04
205770,63239.58
205769,27340.92
205768,27343.85
205767,21522.54
205766,28445.38
205765,48639.07
205764,59967.91
205763,51056.89
205762,28662.23
205761,29061.54
205760,32260.54
205759,32003.45
205758,40926.62
205757,62913.9
205756,58274.18
205755,17735.75
205754,20627.87
205753,22772.55
205752,527.06
205751,43921.24
205750,53166.42
205749,43464.21
205748,48262.0
205747,22721.27
205746,26073.28
205745,32498.57
205744,34375.24
205743,55151.65
205742,50657.69
205741,27212.16
205740,44903.0
205739,41153.17
205738,43706.79
205737,42014.92
205736,57761.82
205735,46054.37
205734,33340.25
205733,32778.49
205732,35402.02
205731,42958.11
205730,62366.87
205729,72560.39
205728,61560.35
205727,26740.65
205726,30028.33
205725,22260.51
205724,29410.25
205723,42167.67
205722,48275.88
205721,53647.39
205720,19107.95
205719,18287.58
205718,18996.88
205717,31838.06
205716,38198.19
205715,49793.12
205714,37823.58
205713,32436.56
