37976,29660.48
37975,42261.78
37974,25271.49
37973,14694.39
37972,13001.7
37971,13568.32
37970,15485.72
37969,387.12
37968,30360.41
37967,19164.94
37966,10025.39
37965,11041.29
37964,12062.69
37963,17693.14
37962,20849.3
37961,30400.25
37960,20220.79
37959,26839.85
37958,15451.63
37957,20142.71
37956,18948.42
37955,12471.68
37954,67.73
37953,55.59
37952,7299.13
37951,9635.83
37950,10981.15
37949,11048.62
37948,16462.77
37947,35606.74
37946,19901.62
37945,13557.92
37944,12620.68
37943,13942.33
37942,16628.0
37941,24037.6
37940,38230.84
37939,22356.2
37938,15926.75
37937,9373.35
37936,17067.59
37935,24008.22
37934,33254.09
37933,56414.8
37932,37854.44
37931,9959.88
37930,15793.59
37929,15641.61
37928,13611.47
37927,22596.25
37926,49510.97
37925,35301.14
37924,13174.61
37923,11460.32
37922,11647.1
37921,11447.61
37920,19411.98
37919,45176.53
37918,23807.14
37917,16752.44
37916,13791.82
37915,15235.21
37914,24926.75
37913,28883.21
37912,57292.34
37911,42316.79
37910,25739.69
37909,25709.53
37908,36599.24
37907,23230.27
37906,30509.09
37905,53108.72
37904,31376.29
37903,12387.61
37902,16349.8
37901,30618.08
37900,22982.27
37899,34786.99
37898,53554.35
37897,35180.67
37896,22887.45
37895,24578.89
37894,34868.51
37893,31319.48
37892,45294.4
37891,66628.19
37890,17860.22
37889,16988.51
37888,19925.71
37887,19959.53
37886,25622.9
37885,42446.72
37884,28451.95
37883,575.25
37882,10378.83
37881,22275.32
37880,20740.89
37879,33515.35
37878,49026.07
37877,39824.82
37876,15183.65
37875,15590.84
37874,14784.02
37873,17984.14
37872,24887.17
37871,38620.69
37870,34150.96
37869,16777.12
37868,15384.8
37867,15035.96
37866,31046.35
37865,32606.42
37864,53671.37
37863,39020.36
37862,20459.08
37861,24643.9
37860,20308.06
37859,19908.49
37858,704.45
37857,52924.09
37856,24994.54
37855,16957.86
37854,16125.31
37853,23193.1
37852,29256.71
37851,37142.3
37850,67220.64
37849,43125.35
37848,13321.82
37847,16385.99
37846,12572.91
37845,16313.17
37844,34495.15
37843,53024.37
37842,37827.78
37841,17989.51
37840,16670.21
37839,25505.78
37838,22335.61
37837,31363.36
37836,47139.5
37835,39634.05
37834,16599.62
37833,19681.21
37832,17750.81
37831,161.36
37830,42089.57
37829,55573.96
37828,37912.19
37827,30440.87
37826,21250.58
37825,23513.18
37824,23827.05
37823,27894.06
37822,46389.57
37821,31528.17
37820,15109.13
37819,33445.42
37818,28385.35
37817,30474.71
37816,35823.12
37815,62663.52
37814,45904.84
37813,24163.48
37812,21145.2
37811,27146.62
37810,29508.16
37809,44356.34
37808,60617.17
37807,39130.84
37806,13463.75
37805,15037.76
37804,19544.68
37803,20831.28
37802,30604.97
37801,32908.62
37800,36679.07
37799,15765.27
37798,9236.46
37797,16466.23
37796,25176.26
37795,26886.27
37794,37365.11
37793,21860.15
37792,25179.13
