102477,28578.28
102476,43775.54
102475,38611.39
102474,18234.65
102473,17242.19
102472,19832.49
102471,18373.45
102470,833.8
102469,34918.64
102468,33821.97
102467,16264.2
102466,19846.43
102465,19974.44
102464,17952.84
102463,33302.48
102462,38438.13
102461,32492.45
102460,39094.23
102459,19977.28
102458,23399.74
102457,29992.33
102456,27090.32
102455,41493.54
102454,36057.71
102453,20929.64
102452,16730.12
102451,19562.92
102450,19390.03
102449,28541.71
102448,44695.85
102447,36958.69
102446,27138.63
102445,25947.58
102444,26929.69
102443,24899.0
102442,28607.14
102441,38520.12
102440,24601.47
102439,23461.24
102438,28588.13
102437,26251.33
102436,48821.44
102435,58247.44
102434,75042.1
102433,50634.52
102432,55907.89
102431,33101.94
102430,35607.56
102429,28748.65
102428,40976.82
102427,56196.95
102426,50969.83
102425,27872.93
102424,26246.82
102423,28485.14
102422,25228.27
102421,29542.64
102420,50939.65
102419,33720.04
102418,42292.63
102417,30606.99
102416,26651.37
102415,51631.2
102414,63042.5
102413,73521.35
102412,62577.3
102411,48381.29
102410,51130.62
102409,59201.35
102408,35183.22
102407,35556.86
102406,51327.05
102405,48092.11
102404,27039.4
102403,31362.53
102402,44322.6
102401,43733.39
102400,44617.75
102399,63217.11
102398,57363.36
102397,42284.93
102396,46355.52
102395,54717.96
102394,37745.93
102393,51664.66
102392,76725.86
102391,27855.98
102390,20934.91
102389,29529.81
102388,35136.3
102387,37577.24
102386,46581.41
102385,42367.86
102384,714.38
102383,25288.76
102382,38645.18
102381,32384.92
102380,38957.17
102379,55476.87
102378,49617.89
102377,21970.4
102376,1707.99
102375,765.89
102374,244.91
102373,36067.79
102372,47534.01
102371,47313.22
102370,1203.97
102369,22378.66
102368,28388.7
102367,45637.35
102366,47028.46
102365,65558.92
102364,59471.48
102363,35747.52
102362,36939.53
102361,40300.2
102360,34230.81
102359,45417.11
102358,73217.75
102357,44385.31
102356,28365.4
102355,29588.56
102354,32806.36
102353,48815.4
102352,43636.1
102351,74426.39
102350,45091.78
102349,23132.78
102348,30839.89
102347,26951.41
102346,22685.49
102345,51646.16
102344,60923.84
102343,57512.77
102342,37255.62
102341,34651.11
102340,40114.53
102339,36264.27
102338,43421.59
102337,67056.93
102336,66805.51
102335,30444.94
102334,27957.86
102333,32758.3
102332,35341.6
102331,41380.55
102330,56452.54
102329,48806.9
102328,55184.91
102327,23353.32
102326,25499.71
102325,31820.83
102324,30596.65
102323,50218.06
102322,40820.14
102321,25262.02
102320,37882.3
102319,35618.78
102318,32906.26
102317,40089.02
102316,63027.16
102315,48839.91
102314,32457.99
102313,34398.5
102312,30168.06
102311,41347.42
102310,41875.94
102309,54490.27
102308,38787.06
102307,19313.6
102306,21415.22
102305,25219.29
102304,25608.77
102303,35517.04
102302,36237.67
102301,45988.97
102300,18901.63
102299,19866.29
102298,23401.76
102297,24971.77
102296,28934.3
102295,38078.59
102294,31064.2
102293,25232.33
