70852,23059.3
70851,46201.39
70850,40818.74
70849,19665.83
70848,18657.4
70847,19670.93
70846,15495.56
70845,823.3
70844,39222.91
70843,32925.69
70842,12405.33
70841,15193.55
70840,15406.51
70839,23950.21
70838,18055.23
70837,46746.87
70836,34590.25
70835,33560.55
70834,22130.5
70833,17109.99
70832,20807.85
70831,11740.5
70830,27808.0
70829,40364.64
70828,15911.2
70827,14147.61
70826,15520.16
70825,13922.59
70824,27886.88
70823,43055.74
70822,31177.34
70821,13401.87
70820,15652.33
70819,18545.66
70818,19205.01
70817,23513.93
70816,44261.52
70815,31755.41
70814,15141.0
70813,15357.74
70812,21162.94
70811,36461.76
70810,48429.08
70809,73609.36
70808,44972.52
70807,29293.05
70806,25052.52
70805,27662.83
70804,18695.95
70803,30203.12
70802,48297.41
70801,40213.62
70800,17695.64
70799,13301.71
70798,17491.7
70797,17671.56
70796,23132.14
70795,44916.17
70794,30514.34
70793,22018.62
70792,20213.29
70791,17266.7
70790,35609.82
70789,43743.35
70788,69772.37
70787,55226.16
70786,34998.21
70785,41364.66
70784,57198.64
70783,29271.39
70782,35863.2
70781,53470.62
70780,52058.41
70779,20027.89
70778,23674.31
70777,44506.39
70776,34343.17
70775,40366.84
70774,71965.16
70773,52655.2
70772,27938.42
70771,28067.47
70770,43136.13
70769,31196.07
70768,46527.99
70767,78245.3
70766,-85.86
70765,21915.03
70764,26309.16
70763,27630.73
70762,30041.61
70761,35410.18
70760,49661.35
70759,34340.69
70758,18.38
70757,17167.67
70756,32786.15
70755,29406.31
70754,32879.58
70753,47943.69
70752,36517.62
70751,12001.51
70750,39.17
70749,23845.77
70748,41071.48
70747,36274.3
70746,353.09
70745,21327.23
70744,19813.28
70743,39821.2
70742,35980.71
70741,61694.45
70740,51624.98
70739,29267.26
70738,30705.16
70737,31522.75
70736,33442.57
70735,40660.46
70734,78033.66
70733,47061.9
70732,25594.89
70731,26370.17
70730,26337.11
70729,38811.33
70728,45779.07
70727,68715.95
70726,46320.27
70725,20050.26
70724,22290.09
70723,26678.07
70722,27708.56
70721,44439.61
70720,65551.51
70719,50714.74
70718,27515.83
70717,28867.14
70716,35742.55
70715,38213.22
70714,34634.25
70713,70374.76
70712,61353.43
70711,21514.73
70710,33218.8
70709,28591.62
70708,37486.11
70707,44508.88
70706,60788.01
70705,42909.92
70704,54536.04
70703,22619.92
70702,18845.24
70701,27183.14
70700,29341.14
70699,47439.17
70698,45108.91
70697,21229.94
70696,33898.49
70695,35399.47
70694,35448.7
70693,40498.47
70692,59978.7
70691,51430.9
70690,29025.2
70689,28976.74
70688,33658.97
70687,41127.43
70686,38812.46
70685,60480.53
70684,49831.93
70683,17070.05
70682,22872.52
70681,24284.44
70680,21881.02
70679,33210.3
70678,40774.9
70677,49300.76
70676,19554.29
70675,15364.32
70674,21967.04
70673,25700.5
70672,29728.53
70671,41821.51
70670,30996.98
70669,27540.02
