78318,20991.99
78317,43183.68
78316,37670.58
78315,10500.8
78314,17054.37
78313,11369.61
78312,16258.89
78311,766.0
78310,21139.31
78309,19344.86
78308,10779.9
78307,11410.46
78306,9224.89
78305,26059.91
78304,30608.88
78303,38785.56
78302,27733.01
78301,17799.99
78300,19426.32
78299,16244.01
78298,19924.79
78297,20454.69
78296,42960.24
78295,37352.97
78294,10166.08
78293,9288.76
78292,12221.83
78291,11378.8
78290,25103.04
78289,33734.7
78288,27079.23
78287,12587.02
78286,9650.26
78285,12295.31
78284,13917.49
78283,21305.59
78282,34181.54
78281,21789.43
78280,9178.44
78279,10928.54
78278,13834.78
78277,31872.57
78276,37947.5
78275,62970.58
78274,37300.41
78273,23688.57
78272,21844.11
78271,28340.82
78270,17360.08
78269,29681.28
78268,48001.31
78267,41729.47
78266,13637.34
78265,12266.07
78264,13601.56
78263,14561.57
78262,21329.08
78261,34265.69
78260,24462.0
78259,21167.73
78258,11597.52
78257,15042.04
78256,31397.1
78255,41605.28
78254,53066.17
78253,58084.33
78252,29324.74
78251,37937.51
78250,50466.08
78249,20497.2
78248,27708.09
78247,41426.53
78246,36714.47
78245,15697.27
78244,12234.01
78243,28111.0
78242,23648.2
78241,34220.69
78240,53613.82
78239,50299.59
78238,26551.57
78237,27277.5
78236,32767.98
78235,17970.3
78234,36912.13
78233,58406.92
78232,-12.6
78231,15000.25
78230,13399.64
78229,13422.83
78228,16036.88
78227,18862.21
78226,29603.72
78225,26695.68
78224,12628.53
78223,12661.84
78222,20120.18
78221,18950.98
78220,28526.23
78219,49029.9
78218,40984.8
78217,1506.61
78216,12161.0
78215,14670.58
78214,14882.78
78213,20575.79
78212,32088.85
78211,28294.59
78210,15303.69
78209,15036.04
78208,14767.39
78207,39526.82
78206,38887.07
78205,55591.34
78204,45323.88
78203,27820.06
78202,22618.61
78201,30611.84
78200,25926.26
78199,838.13
78198,55816.95
78197,31609.53
78196,18011.3
78195,17816.22
78194,20925.75
78193,31164.41
78192,30452.75
78191,61223.45
78190,40653.16
78189,13574.65
78188,16074.88
78187,13152.67
78186,13420.72
78185,36483.15
78184,46277.44
78183,40388.33
78182,21574.56
78181,25446.32
78180,27992.32
78179,24702.03
78178,30731.66
78177,44631.3
78176,49153.43
78175,16695.92
78174,18991.49
78173,20682.91
78172,377.62
78171,35531.39
78170,40638.44
78169,34741.91
78168,39226.58
78167,14749.78
78166,20081.29
78165,20730.23
78164,28128.49
78163,41481.34
78162,33274.39
78161,14026.81
78160,34904.26
78159,30636.75
78158,30947.97
78157,42461.9
78156,56172.06
78155,40214.41
78154,28484.58
78153,25781.48
78152,27031.23
78151,32008.33
78150,40743.04
78149,46811.56
78148,39935.99
78147,14775.18
78146,16068.77
78145,13808.81
78144,21252.01
78143,30001.91
78142,33733.55
78141,40510.88
78140,18442.2
78139,10542.78
78138,18250.69
78137,19428.08
78136,22500.77
78135,24334.15
78134,23522.57
78133,14122.05
