195588,25650.59
195587,25171.93
195586,17781.48
195585,9662.64
195584,8988.58
195583,5949.66
195582,6837.55
195581,822.52
195580,17402.29
195579,13448.93
195578,5238.44
195577,7825.71
195576,7480.86
195575,11454.8
195574,13562.74
195573,24766.15
195572,12093.31
195571,13876.83
195570,6979.0
195569,7872.66
195568,5837.07
195567,10305.0
195566,31453.87
195565,17082.03
195564,6994.63
195563,7412.26
195562,7885.66
195561,7069.93
195560,17564.51
195559,26986.56
195558,19383.31
195557,8417.75
195556,7235.34
195555,7392.63
195554,9126.39
195553,15439.5
195552,26243.68
195551,11373.55
195550,7174.45
195549,3275.6
195548,12291.17
195547,19777.17
195546,25478.12
195545,46927.12
195544,26840.11
195543,20529.15
195542,13005.87
195541,16683.61
195540,11799.52
195539,21205.11
195538,40877.09
195537,24731.12
195536,10402.1
195535,7660.54
195534,9365.2
195533,10249.38
195532,17487.29
195531,34510.11
195530,20476.82
195529,7326.03
195528,7980.58
195527,8564.01
195526,21675.49
195525,29299.58
195524,42240.85
195523,29995.11
195522,13029.36
195521,19132.31
195520,27867.23
195519,15562.19
195518,22121.45
195517,38623.27
195516,25058.11
195515,11557.42
195514,17283.22
195513,25846.78
195512,23137.05
195511,25100.51
195510,42161.15
195509,24577.4
195508,14800.85
195507,19945.82
195506,20098.57
195505,15860.78
195504,26844.72
195503,43522.65
195502,11952.61
195501,10259.22
195500,10415.18
195499,12188.98
195498,13222.36
195497,28075.03
195496,18729.7
195495,519.89
195494,8166.72
195493,18462.37
195492,16919.51
195491,23214.16
195490,41160.51
195489,29043.49
195488,8528.94
195487,435.53
195486,264.06
195485,21210.76
195484,28352.78
195483,19766.14
195482,723.09
195481,10626.6
195480,13096.9
195479,19965.37
195478,23629.23
195477,38264.06
195476,24150.17
195475,14143.24
195474,14101.3
195473,17702.71
195472,16031.7
195471,20485.79
195470,50961.18
195469,21867.21
195468,12547.54
195467,12995.98
195466,14008.24
195465,18744.06
195464,25070.65
195463,41251.59
195462,27337.76
195461,9564.93
195460,13068.63
195459,16600.92
195458,13907.73
195457,29113.19
195456,37964.62
195455,23630.6
195454,17497.55
195453,17264.86
195452,15904.7
195451,16451.81
195450,22802.61
195449,34108.83
195448,26505.8
195447,13438.69
195446,10013.64
195445,12824.16
195444,12488.63
195443,25606.28
195442,32677.87
195441,25607.93
195440,23910.9
195439,12642.46
195438,14389.61
195437,15585.97
195436,22476.89
195435,27574.54
195434,21874.11
195433,12803.4
195432,23477.7
195431,25270.16
195430,19161.59
195429,23066.77
195428,39179.03
195427,27292.16
195426,17525.1
195425,15093.54
195424,14860.2
195423,22751.43
195422,26927.33
195421,33965.13
195420,25461.93
195419,11822.87
195418,10865.03
195417,13536.96
195416,14355.85
195415,16194.35
195414,27766.68
195413,25492.99
195412,10101.25
195411,8082.97
195410,12734.23
195409,12700.02
195408,15069.75
195407,27688.65
195406,14008.45
195405,12169.53
