186184,18452.06
186183,31427.08
186182,26074.17
186181,15313.76
186180,17577.83
186179,11189.13
186178,14537.74
186177,598.51
186176,25869.59
186175,22523.25
186174,10793.0
186173,14967.89
186172,14372.17
186171,15864.54
186170,18663.07
186169,27923.15
186168,25625.68
186167,24063.58
186166,17857.75
186165,16893.12
186164,16993.43
186163,15815.52
186162,36090.21
186161,24934.54
186160,16000.41
186159,14149.92
186158,12451.77
186157,12222.97
186156,20345.38
186155,28326.99
186154,21176.68
186153,14988.54
186152,18668.42
186151,13519.84
186150,19790.83
186149,27084.55
186148,32215.26
186147,29426.21
186146,18344.08
186145,20829.6
186144,25797.47
186143,34332.85
186142,39007.68
186141,63412.96
186140,34434.89
186139,26223.63
186138,18877.27
186137,19478.25
186136,14132.67
186135,23428.2
186134,35262.65
186133,32258.35
186132,14831.04
186131,16358.76
186130,17916.96
186129,15367.41
186128,23107.41
186127,40875.42
186126,24072.66
186125,20572.6
186124,22260.37
186123,15838.68
186122,28456.45
186121,32014.35
186120,45384.73
186119,39589.06
186118,24428.82
186117,26240.12
186116,30798.87
186115,23792.75
186114,27930.08
186113,43839.85
186112,32407.16
186111,17657.85
186110,19063.61
186109,29212.81
186108,23220.39
186107,27381.69
186106,45961.03
186105,31097.85
186104,23150.08
186103,23578.82
186102,25362.35
186101,26742.96
186100,35743.82
186099,54523.01
186098,15326.19
186097,15484.78
186096,15316.11
186095,21190.59
186094,24069.57
186093,41039.53
186092,26996.3
186091,467.8
186090,15992.01
186089,29533.08
186088,25978.67
186087,33817.31
186086,43973.17
186085,42459.21
186084,16154.77
186083,16206.63
186082,14226.85
186081,19879.4
186080,24157.56
186079,35963.67
186078,25099.23
186077,15751.05
186076,16493.11
186075,14433.34
186074,22301.99
186073,27125.2
186072,38116.06
186071,27627.3
186070,18962.64
186069,18980.81
186068,21161.49
186067,27591.13
186066,901.03
186065,45212.96
186064,34009.58
186063,24763.13
186062,26737.15
186061,22510.78
186060,37428.1
186059,46138.61
186058,82518.39
186057,44689.04
186056,17896.55
186055,19789.07
186054,21186.53
186053,19599.3
186052,30335.62
186051,42216.5
186050,38458.54
186049,20894.81
186048,21203.35
186047,12967.78
186046,23001.01
186045,29471.57
186044,44213.49
186043,36692.71
186042,16119.46
186041,18392.43
186040,21232.51
186039,165.42
186038,25752.17
186037,40081.73
186036,33005.24
186035,30930.56
186034,14196.08
186033,22744.36
186032,24198.94
186031,25806.87
186030,40703.98
186029,34609.67
186028,21685.22
186027,23047.31
186026,21205.85
186025,23012.92
186024,24959.09
186023,46709.83
186022,29545.65
186021,19467.02
186020,25321.97
186019,20644.06
186018,22747.07
186017,37234.75
186016,57736.59
186015,37203.36
186014,17610.96
186013,13917.22
186012,17840.61
186011,17331.91
186010,23298.48
186009,31825.83
186008,37499.85
186007,13636.14
186006,11325.01
186005,16343.77
186004,23053.71
186003,25055.57
186002,33036.32
186001,24788.64
186000,21491.83
