16871,43637.31
16870,54752.23
16869,33913.84
16868,11696.15
16867,16427.98
16866,14353.08
16865,18718.75
16864,1094.67
16863,35969.66
16862,19525.39
16861,11683.26
16860,12505.26
16859,12896.68
16858,25535.39
16857,32609.7
16856,52034.5
16855,24950.28
16854,25589.61
16853,19219.7
16852,9281.08
16851,17294.9
16850,489.11
16849,5646.36
16848,17965.2
16847,11935.29
16846,19272.2
16845,15841.87
16844,17931.1
16843,24488.31
16842,51439.34
16841,23767.91
16840,14067.93
16839,14262.39
16838,19165.03
16837,24476.81
16836,32912.18
16835,47130.34
16834,24518.54
16833,15119.83
16832,14613.62
16831,22588.43
16830,51521.79
16829,56755.56
16828,105141.34
16827,18492.04
16826,28852.2
16825,28259.53
16824,35837.16
16823,30372.86
16822,47966.57
16821,75290.95
16820,37220.44
16819,23471.87
16818,18223.88
16817,20877.16
16816,19672.94
16815,38185.03
16814,62730.85
16813,30521.39
16812,26835.88
16811,16436.18
16810,23627.07
16809,31868.84
16808,45048.55
16807,98011.64
16806,53230.02
16805,36935.92
16804,47138.11
16803,61235.5
16802,28525.52
16801,45938.53
16800,82288.54
16799,42824.79
16798,26120.14
16797,24067.68
16796,44211.31
16795,37068.99
16794,53619.63
16793,89371.72
16792,51180.25
16791,32116.45
16790,41329.47
16789,48179.78
16788,34837.17
16787,70081.45
16786,95759.51
16785,20696.01
16784,21640.19
16783,25334.85
16782,20786.54
16781,37056.1
16780,57057.72
16779,30774.32
16778,21564.46
16777,32494.87
16776,42332.16
16775,54277.76
16774,66930.9
16773,37755.1
16772,13138.38
16771,20288.92
16770,19234.59
16769,17455.66
16768,28849.65
16767,44802.12
16766,33301.68
16765,19941.35
16764,18951.21
16763,21331.62
16762,44554.78
16761,53314.76
16760,68393.2
16759,39259.38
16758,30876.75
16757,28586.17
16756,32425.49
16755,38319.17
16754,52.0
16753,92377.04
16752,39418.83
16751,26095.18
16750,29843.87
16749,28984.66
16748,38780.7
16747,55925.66
16746,71388.16
16745,43178.75
16744,17103.8
16743,19483.4
16742,22973.68
16741,22829.28
16740,58108.12
16739,65749.05
16738,39256.2
16737,28991.13
16736,38237.03
16735,30863.8
16734,30694.16
16733,43850.04
16732,63038.74
16731,43794.19
16730,20592.37
16729,19240.08
16728,21478.51
16727,49198.19
16726,56008.69
16725,35947.25
16724,52006.48
16723,27368.05
16722,25104.89
16721,31514.63
16720,41888.87
16719,60726.88
16718,36760.94
16717,26578.04
16716,37332.22
16715,42244.49
16714,43959.69
16713,55372.55
16712,66391.34
16711,43831.68
16710,34372.9
16709,36282.66
16708,34045.05
16707,43487.17
16706,58099.57
16705,65368.0
16704,36406.32
16703,21814.67
16702,26955.89
16701,26378.93
16700,34407.32
16699,46602.14
16698,40760.95
16697,40010.74
16696,16658.87
16695,19789.29
16694,23230.88
16693,31339.05
16692,24932.85
16691,39699.69
16690,26797.27
16689,28387.01
