33586,33078.73
33585,59524.19
33584,36839.83
33583,14475.84
33582,16304.53
33581,14667.75
33580,19018.59
33579,2316.97
33578,35520.44
33577,15071.0
33576,11996.46
33575,11608.4
33574,13404.48
33573,23832.2
33572,31911.0
33571,44796.25
33570,27870.04
33569,27786.53
33568,18929.12
33567,19333.24
33566,21353.08
33565,28487.28
33564,43067.79
33563,28896.78
33562,12598.13
33561,15149.88
33560,16145.38
33559,14767.02
33558,29732.16
33557,49692.32
33556,23177.25
33555,17079.1
33554,15516.2
33553,17299.48
33552,19494.05
33551,26526.26
33550,46675.23
33549,24474.95
33548,17039.02
33547,14040.54
33546,22319.72
33545,39548.02
33544,49029.46
33543,68984.67
33542,39923.12
33541,32858.86
33540,20815.77
33539,29608.26
33538,21725.62
33537,41138.64
33536,54879.58
33535,34228.38
33534,16594.43
33533,20120.02
33532,6478.33
33531,11519.67
33530,28978.34
33529,49157.47
33528,30146.81
33527,26942.43
33526,8454.68
33525,21722.15
33524,30306.68
33523,48315.02
33522,74555.1
33521,51080.02
33520,34221.61
33519,39321.05
33518,51050.84
33517,30038.45
33516,41546.23
33515,56454.15
33514,40603.37
33513,18627.14
33512,22036.14
33511,33646.55
33510,29238.42
33509,40578.96
33508,67916.75
33507,40403.89
33506,33155.43
33505,33401.89
33504,45207.77
33503,33250.07
33502,68149.78
33501,79459.23
33500,24542.92
33499,23504.75
33498,25486.08
33497,27581.71
33496,37525.82
33495,42083.5
33494,27171.63
33493,11544.97
33492,21757.73
33491,31753.9
33490,29151.67
33489,42993.29
33488,49462.64
33487,34915.63
33486,545.49
33485,21396.31
33484,18144.65
33483,22983.82
33482,31158.76
33481,46279.32
33480,34196.55
33479,22934.14
33478,19954.55
33477,18563.07
33476,38525.27
33475,45196.48
33474,59476.94
33473,38043.37
33472,30467.47
33471,29045.76
33470,31038.42
33469,36223.42
33468,598.89
33467,64119.89
33466,36492.33
33465,19977.43
33464,22963.53
33463,28254.6
33462,34497.38
33461,38523.67
33460,63992.57
33459,35556.29
33458,20654.85
33457,19662.88
33456,21263.7
33455,21163.72
33454,50449.39
33453,59377.13
33452,39479.58
33451,28245.76
33450,27110.47
33449,33192.05
33448,29195.13
33447,41639.45
33446,54442.35
33445,43895.82
33444,23274.1
33443,26253.6
33442,31606.73
33441,370.6
33440,48222.14
33439,61366.32
33438,42903.95
33437,37178.78
33436,22944.15
33435,27503.32
33434,35121.82
33433,41045.35
33432,48563.42
33431,35718.7
33430,22229.05
33429,44134.18
33428,37411.37
33427,37647.66
33426,47338.8
33425,56796.47
33424,37462.11
33423,32886.0
33422,31746.42
33421,38314.16
33420,43433.96
33419,53459.07
33418,55785.18
33417,39996.34
33416,24639.54
33415,25398.23
33414,25526.65
33413,26685.21
33412,43733.66
33411,37747.6
33410,40029.6
33409,22957.55
33408,18536.33
33407,25339.41
33406,28492.03
33405,38245.79
33404,36126.73
33403,22917.07
33402,22871.26
