220436,17780.85
220435,41829.5
220434,33443.58
220433,12909.46
220432,9919.82
220431,17112.57
220430,14735.04
220429,757.97
220428,26150.72
220427,19999.71
220426,6863.95
220425,9373.19
220424,9956.63
220423,19036.3
220422,23406.72
220421,40160.71
220420,28036.68
220419,24318.61
220418,15397.17
220417,20534.66
220416,18824.7
220415,17425.19
220414,138.79
220413,6092.93
220412,10633.61
220411,7957.96
220410,10682.09
220409,11903.61
220408,18286.25
220407,42698.33
220406,25888.99
220405,11537.97
220404,12977.04
220403,10943.25
220402,14733.2
220401,21555.04
220400,38183.81
220399,22612.38
220398,10591.1
220397,8338.06
220396,16626.23
220395,32133.55
220394,42023.58
220393,58450.94
220392,38521.77
220391,16808.94
220390,17539.08
220389,24927.11
220388,18354.88
220387,30149.28
220386,56559.46
220385,34733.33
220384,15372.72
220383,11853.44
220382,13837.53
220381,14239.71
220380,29106.85
220379,52220.88
220378,25356.89
220377,21436.86
220376,15857.03
220375,13046.85
220374,30847.73
220373,38081.35
220372,74124.78
220371,53057.15
220370,30728.34
220369,30921.3
220368,46598.64
220367,27750.78
220366,39501.68
220365,63172.25
220364,47184.62
220363,12535.68
220362,15299.36
220361,29485.11
220360,27333.57
220359,38007.13
220358,66714.27
220357,41014.08
220356,24459.02
220355,25643.88
220354,37545.82
220353,35254.62
220352,59112.28
220351,65596.86
220350,17888.88
220349,13158.55
220348,12664.45
220347,17532.79
220346,28109.61
220345,45888.55
220344,31899.28
220343,9819.93
220342,12921.96
220341,25811.24
220340,19464.62
220339,34309.26
220338,38157.21
220337,42530.88
220336,274.89
220335,12999.46
220334,12455.16
220333,16614.51
220332,22031.28
220331,35731.49
220330,29372.74
220329,16166.58
220328,15760.86
220327,14876.76
220326,32032.48
220325,41906.96
220324,65059.8
220323,41115.71
220322,23410.24
220321,24554.11
220320,23373.9
220319,25443.32
220318,2.51
220317,55885.56
220316,33280.07
220315,17703.67
220314,16658.82
220313,19613.16
220312,32196.69
220311,41598.91
220310,61882.64
220309,35727.88
220308,12799.88
220307,18605.65
220306,15868.88
220305,18421.81
220304,39957.26
220303,49803.39
220302,37058.46
220301,24925.5
220300,21811.59
220299,26672.34
220298,23025.83
220297,27960.07
220296,50523.73
220295,47075.51
220294,15238.36
220293,19909.31
220292,21146.63
220291,32126.71
220290,41612.38
220289,57827.74
220288,41420.05
220287,50189.35
220286,22423.01
220285,21312.23
220284,24517.92
220283,34188.0
220282,40885.16
220281,36162.58
220280,22328.25
220279,37419.86
220278,34404.68
220277,34228.5
220276,39803.69
220275,53426.48
220274,40799.82
220273,21807.98
220272,28215.38
220271,22276.81
220270,30060.38
220269,40220.31
220268,47146.32
220267,30441.57
220266,16705.94
220265,19176.71
220264,20258.58
220263,23785.68
220262,28787.74
220261,33368.17
220260,33652.15
220259,13543.27
220258,14025.63
220257,15545.12
220256,18572.5
220255,25226.17
220254,29552.3
220253,17828.59
220252,20935.57
