15721,44244.85
15720,61803.42
15719,39443.57
15718,17809.22
15717,14547.32
15716,18129.93
15715,19575.68
15714,582.45
15713,46898.37
15712,21270.33
15711,15192.67
15710,10557.62
15709,13830.58
15708,28753.36
15707,31138.87
15706,51754.98
15705,32716.65
15704,34367.84
15703,20744.52
15702,17970.53
15701,22866.31
15700,23026.73
15699,61090.41
15698,31313.61
15697,13547.55
15696,13107.46
15695,17129.58
15694,15369.86
15693,29412.53
15692,56529.03
15691,34295.37
15690,19967.83
15689,20951.91
15688,20867.23
15687,26339.43
15686,39156.09
15685,70315.71
15684,32027.43
15683,22914.64
15682,13578.53
15681,27706.2
15680,51497.98
15679,72427.44
15678,124058.67
15677,48886.6
15676,52190.1
15675,32573.09
15674,37020.35
15673,28445.73
15672,46514.55
15671,81404.58
15670,52767.89
15669,23628.3
15668,25098.69
15667,6990.8
15666,15958.01
15665,45916.16
15664,79603.44
15663,42922.09
15662,30870.71
15661,17275.99
15660,20475.29
15659,36742.81
15658,58880.76
15657,108297.38
15656,63551.88
15655,41131.46
15654,46583.68
15653,58472.12
15652,35045.16
15651,52563.59
15650,81749.53
15649,52953.47
15648,23029.01
15647,28819.53
15646,48693.87
15645,44009.55
15644,54356.21
15643,93669.06
15642,48122.65
15641,36982.09
15640,40591.86
15639,50510.15
15638,38131.54
15637,71415.44
15636,79258.4
15635,-20.94
15634,21379.18
15633,21610.55
15632,19030.89
15631,22301.59
15630,42626.41
15629,68089.41
15628,39947.78
15627,1898.26
15626,21790.88
15625,34999.71
15624,33617.43
15623,50886.11
15622,87835.54
15621,48346.74
15620,15496.2
15619,1911.64
15618,1345.51
15617,486.75
15616,32794.05
15615,61050.1
15614,37190.82
15613,2050.54
15612,23253.99
15611,28369.2
15610,48277.75
15609,58808.92
15608,82140.82
15607,46813.23
15606,33644.79
15605,37875.0
15604,35640.85
15603,40069.36
15602,49255.43
15601,90839.64
15600,45972.29
15599,25859.56
15598,26945.53
15597,32679.0
15596,37254.24
15595,52731.28
15594,79720.18
15593,46003.49
15592,24135.07
15591,20903.37
15590,21793.36
15589,25452.64
15588,53576.48
15587,84946.02
15586,49892.31
15585,27001.67
15584,34306.77
15583,36533.0
15582,35307.15
15581,43812.05
15580,71424.9
15579,50222.06
15578,23389.89
15577,25178.27
15576,34257.21
15575,44772.79
15574,55907.35
15573,66136.51
15572,41302.72
15571,57277.65
15570,24952.05
15569,29545.35
15568,35413.43
15567,44971.31
15566,63718.66
15565,39568.99
15564,23446.37
15563,44558.22
15562,45199.27
15561,41943.38
15560,55349.19
15559,71372.15
15558,52450.6
15557,36360.39
15556,40927.29
15555,40028.88
15554,44643.1
15553,57705.08
15552,62836.16
15551,40543.74
15550,27255.97
15549,24423.8
15548,28833.39
15547,30152.87
15546,48684.8
15545,44273.62
15544,42908.34
15543,26689.75
15542,21786.47
15541,25712.76
15540,28098.22
15539,42078.1
15538,43039.08
15537,38665.28
15536,26489.47
