111282,53816.95
111281,78562.94
111280,58819.29
111279,21351.68
111278,21165.27
111277,28268.99
111276,24893.35
111275,1153.48
111274,48498.59
111273,38123.42
111272,19592.69
111271,17563.22
111270,23980.3
111269,46015.88
111268,44927.1
111267,71003.29
111266,46004.31
111265,51872.26
111264,26859.55
111263,26135.88
111262,28558.13
111261,36378.94
111260,70384.49
111259,55853.1
111258,17832.2
111257,27762.31
111256,24095.93
111255,20975.46
111254,42667.79
111253,68856.12
111252,41654.42
111251,27146.28
111250,24569.45
111249,30266.98
111248,31677.64
111247,43617.0
111246,64732.73
111245,32355.31
111244,22522.67
111243,22334.65
111242,26213.8
111241,66750.17
111240,85702.99
111239,119832.88
111238,41321.28
111237,61410.17
111236,35543.19
111235,52218.57
111234,39840.36
111233,58093.73
111232,84361.16
111231,73648.42
111230,28059.27
111229,20808.94
111228,22022.83
111227,25218.05
111226,42484.12
111225,75940.62
111224,44155.65
111223,41566.69
111222,21492.86
111221,27577.7
111220,62182.7
111219,76788.13
111218,116959.61
111217,83151.28
111216,58676.48
111215,57462.48
111214,68355.85
111213,38122.32
111212,56557.97
111211,94460.64
111210,67134.62
111209,29190.66
111208,30152.85
111207,63231.55
111206,54010.32
111205,62570.07
111204,104731.04
111203,79675.15
111202,44168.39
111201,50125.07
111200,74804.3
111199,56474.05
111198,93832.2
111197,99082.63
111196,-11.39
111195,34163.13
111194,30029.32
111193,28647.53
111192,35774.83
111191,44652.89
111190,77650.08
111189,52070.38
111188,28506.85
111187,32288.35
111186,47058.21
111185,49447.71
111184,63017.33
111183,95922.88
111182,67005.56
111181,5070.78
111180,29623.34
111179,33403.17
111178,37851.25
111177,47573.41
111176,67041.53
111175,58649.56
111174,37425.96
111173,34700.69
111172,41779.78
111171,78194.94
111170,82214.38
111169,100121.2
111168,77581.55
111167,50575.13
111166,51762.17
111165,61399.99
111164,61273.36
111163,3077.0
111162,124429.84
111161,68114.57
111160,39668.94
111159,39374.0
111158,43586.14
111157,62527.72
111156,76920.21
111155,110631.0
111154,65230.63
111153,31898.84
111152,36074.49
111151,27478.25
111150,38268.11
111149,77548.03
111148,78934.76
111147,66794.37
111146,49940.5
111145,53028.26
111144,57323.42
111143,48499.74
111142,77344.43
111141,97019.29
111140,81680.91
111139,34977.49
111138,42445.94
111137,40593.88
111136,657.55
111135,72797.74
111134,79640.48
111133,64724.71
111132,74878.18
111131,36760.27
111130,41273.14
111129,54192.1
111128,58944.38
111127,73412.54
111126,55911.65
111125,34990.29
111124,61802.87
111123,63832.97
111122,59797.32
111121,74396.61
111120,97093.12
111119,69704.73
111118,54665.2
111117,54908.94
111116,56884.02
111115,67755.43
111114,83185.38
111113,86649.17
111112,66324.39
111111,33592.23
111110,36205.31
111109,45768.53
111108,45436.28
111107,67968.99
111106,65877.6
111105,69034.93
111104,29439.43
111103,29181.69
111102,40172.01
111101,41408.56
111100,49548.35
111099,55182.44
111098,44331.38
111097,39182.11
