191555,16020.34
191554,29006.5
191553,21694.64
191552,7985.04
191551,10353.1
191550,10468.38
191549,8398.55
191548,823.7
191547,21694.09
191546,15948.47
191545,8238.64
191544,8053.01
191543,8233.23
191542,14411.25
191541,13247.96
191540,28260.77
191539,15539.02
191538,15761.15
191537,11631.52
191536,10230.01
191535,11319.26
191534,11020.33
191533,21629.7
191532,15073.07
191531,9251.43
191530,8151.91
191529,8549.14
191528,8021.35
191527,15917.58
191526,24315.17
191525,16923.99
191524,8751.67
191523,11151.62
191522,7279.21
191521,14313.09
191520,18966.7
191519,29734.17
191518,15135.07
191517,10255.76
191516,11907.9
191515,17087.46
191514,20863.26
191513,33260.78
191512,53039.89
191511,24554.99
191510,16656.7
191509,16926.03
191508,14058.65
191507,9770.08
191506,23415.28
191505,33952.85
191504,17975.99
191503,9965.46
191502,8943.47
191501,10425.09
191500,13097.24
191499,17997.26
191498,35105.42
191497,14378.41
191496,13727.27
191495,11907.93
191494,9964.25
191493,16847.43
191492,27805.99
191491,46327.84
191490,28316.26
191489,15262.6
191488,19328.09
191487,28280.72
191486,17786.93
191485,24718.18
191484,41324.24
191483,27340.57
191482,13562.08
191481,15639.51
191480,25148.28
191479,19277.22
191478,24697.73
191477,39257.6
191476,22937.45
191475,15307.25
191474,17992.25
191473,23277.72
191472,22171.9
191471,40653.28
191470,46324.98
191469,12381.24
191468,11847.75
191467,12050.33
191466,11987.25
191465,17548.4
191464,31334.81
191463,18929.02
191462,11573.62
191461,11639.79
191460,19602.2
191459,17862.56
191458,27726.33
191457,31394.81
191456,25615.14
191455,576.81
191454,11915.05
191453,9401.12
191452,12582.42
191451,18778.05
191450,27528.44
191449,16092.11
191448,10154.81
191447,13625.74
191446,10206.62
191445,17244.36
191444,23894.54
191443,34206.92
191442,20706.89
191441,14154.7
191440,13837.0
191439,16536.5
191438,16796.16
191437,757.9
191436,42779.0
191435,19252.15
191434,15784.64
191433,14634.5
191432,18040.08
191431,22699.36
191430,32749.97
191429,46391.42
191428,23780.8
191427,11712.94
191426,14154.21
191425,16854.93
191424,14264.63
191423,26403.98
191422,37685.37
191421,23103.81
191420,17106.74
191419,15577.0
191418,19782.25
191417,16662.79
191416,22809.58
191415,36890.92
191414,22251.7
191413,11273.92
191412,13928.06
191411,13288.32
191410,600.1
191409,22378.92
191408,28275.81
191407,21219.6
191406,21787.29
191405,11804.71
191404,15670.23
191403,17640.26
191402,20201.39
191401,22798.09
191400,18370.8
191399,9755.49
191398,16698.6
191397,16800.6
191396,18080.77
191395,22705.17
191394,27905.41
191393,21804.05
191392,14634.25
191391,16766.14
191390,18505.05
191389,17971.46
191388,26794.58
191387,38349.02
191386,19101.23
191385,9019.96
191384,10710.12
191383,10297.67
191382,12608.64
191381,18859.65
191380,20747.96
191379,18939.97
191378,12001.4
191377,9930.02
191376,12171.13
191375,16311.44
191374,20150.41
191373,24831.5
191372,16857.95
191371,10984.66
