95022,28242.85
95021,47405.68
95020,46919.36
95019,10594.9
95018,13943.77
95017,14721.26
95016,19040.42
95015,1178.06
95014,36042.08
95013,21601.67
95012,10260.57
95011,14181.56
95010,12541.13
95009,25723.22
95008,33833.29
95007,45250.31
95006,31349.93
95005,32152.87
95004,21155.57
95003,18057.51
95002,19187.43
95001,21755.96
95000,48168.86
94999,37070.86
94998,15636.82
94997,10307.49
94996,15924.0
94995,15840.66
94994,30264.02
94993,45570.19
94992,34456.34
94991,19676.11
94990,7293.74
94989,14498.52
94988,16372.16
94987,25157.57
94986,42634.19
94985,32912.29
94984,16317.25
94983,17724.19
94982,21330.81
94981,42155.28
94980,47867.37
94979,83530.86
94978,44125.86
94977,44409.56
94976,26128.15
94975,30702.81
94974,22495.99
94973,37793.93
94972,61261.31
94971,52617.3
94970,17287.22
94969,16233.77
94968,17040.78
94967,18215.45
94966,32006.41
94965,50710.53
94964,42900.69
94963,34990.09
94962,17201.54
94961,20733.16
94960,49878.82
94959,47548.54
94958,89756.72
94957,66904.55
94956,36001.48
94955,43402.42
94954,55299.86
94953,25474.64
94952,33645.63
94951,47496.0
94950,53865.38
94949,17680.76
94948,15986.29
94947,38722.79
94946,34886.08
94945,43642.2
94944,69083.33
94943,54788.24
94942,33916.31
94941,37859.16
94940,36293.88
94939,29038.1
94938,44767.69
94937,62010.71
94936,22568.58
94935,16298.39
94934,16376.03
94933,24763.89
94932,26133.73
94931,47241.98
94930,35467.29
94929,632.07
94928,14933.23
94927,26143.43
94926,29519.49
94925,30885.98
94924,56309.46
94923,48056.99
94922,18761.51
94921,629.9
94920,368.54
94919,286.11
94918,33099.78
94917,49813.67
94916,53035.19
94915,603.48
94914,21012.6
94913,18790.28
94912,53483.19
94911,53630.75
94910,72435.16
94909,65437.66
94908,36925.72
94907,29408.92
94906,30928.98
94905,31308.35
94904,42918.67
94903,77786.44
94902,36223.33
94901,19544.34
94900,25532.85
94899,27781.38
94898,49136.45
94897,48545.49
94896,69976.62
94895,45616.09
94894,19734.7
94893,17965.93
94892,20742.79
94891,19483.89
94890,47838.08
94889,66703.67
94888,45351.91
94887,30930.22
94886,32754.91
94885,34211.12
94884,29608.12
94883,44306.06
94882,62453.88
94881,58891.37
94880,22724.85
94879,32701.12
94878,27810.49
94877,32896.6
94876,41020.79
94875,49933.39
94874,38260.73
94873,41056.66
94872,23549.63
94871,22429.03
94870,28012.59
94869,30635.39
94868,52236.19
94867,38992.02
94866,20810.99
94865,45630.24
94864,44103.89
94863,42845.94
94862,47934.0
94861,63116.02
94860,55160.17
94859,31114.86
94858,33576.35
94857,31821.43
94856,39870.33
94855,46712.87
94854,62099.28
94853,46955.81
94852,23481.81
94851,24218.05
94850,27550.71
94849,30274.25
94848,40711.99
94847,41456.05
94846,43260.3
94845,19842.82
94844,16677.06
94843,24484.95
94842,29148.7
94841,28696.81
94840,30593.04
94839,23667.46
94838,15218.64
