221586,14775.04
221585,23127.52
221584,15663.48
221583,9266.1
221582,9379.11
221581,9412.34
221580,9781.73
221579,392.4
221578,18994.36
221577,9512.52
221576,5857.15
221575,6302.33
221574,7154.53
221573,11047.28
221572,11186.98
221571,20381.69
221570,8769.51
221569,16245.38
221568,9015.21
221567,8942.33
221566,10054.54
221565,5434.25
221564,14975.73
221563,11012.03
221562,7924.95
221561,5509.37
221560,8460.57
221559,8331.67
221558,14295.26
221557,18860.65
221556,9349.0
221555,9558.68
221554,8537.61
221553,6748.75
221552,8830.06
221551,15586.68
221550,18833.57
221549,9537.75
221548,6705.66
221547,7394.92
221546,11648.8
221545,18932.66
221544,24087.8
221543,34000.86
221542,17697.5
221541,10525.98
221540,11335.4
221539,11660.73
221538,10106.74
221537,18381.05
221536,22218.89
221535,13488.02
221534,8505.42
221533,9147.87
221532,8013.08
221531,10086.81
221530,16298.21
221529,23086.85
221528,11803.6
221527,11898.26
221526,8347.29
221525,9539.81
221524,16255.62
221523,24525.82
221522,29051.97
221521,18980.19
221520,11455.91
221519,14271.75
221518,21129.15
221517,17436.18
221516,24719.67
221515,31762.67
221514,19792.54
221513,12280.13
221512,15015.19
221511,18436.75
221510,16026.76
221509,25010.85
221508,34925.58
221507,19117.75
221506,12642.53
221505,16803.24
221504,16255.23
221503,20734.33
221502,34007.34
221501,44410.8
221500,9973.03
221499,9879.52
221498,9144.07
221497,12724.29
221496,17120.53
221495,22235.56
221494,12531.74
221493,7248.03
221492,9577.17
221491,13446.27
221490,16230.11
221489,21854.51
221488,29425.92
221487,16871.07
221486,952.65
221485,9056.45
221484,10023.72
221483,10781.29
221482,14414.29
221481,17611.77
221480,10489.22
221479,8421.67
221478,10810.83
221477,7901.12
221476,14290.16
221475,24177.07
221474,23204.85
221473,12925.54
221472,11373.65
221471,11518.93
221470,15678.96
221469,14449.61
221468,352.54
221467,28196.78
221466,14388.99
221465,12390.82
221464,13907.25
221463,11545.58
221462,19930.62
221461,24938.67
221460,34546.72
221459,14218.59
221458,11296.27
221457,13225.64
221456,13185.94
221455,13302.15
221454,23582.4
221453,26464.22
221452,15280.96
221451,12626.75
221450,12630.87
221449,13048.25
221448,10776.58
221447,21891.92
221446,23858.7
221445,16724.28
221444,9245.84
221443,10817.7
221442,14161.8
221441,18448.07
221440,22616.19
221439,23886.67
221438,17870.91
221437,20979.93
221436,8920.1
221435,9372.91
221434,13033.14
221433,17508.37
221432,20869.41
221431,14346.66
221430,8883.83
221429,14907.92
221428,18141.76
221427,14719.09
221426,21250.39
221425,22400.17
221424,12369.34
221423,14064.47
221422,11621.42
221421,13490.1
221420,16607.54
221419,22888.01
221418,30935.84
221417,15875.11
221416,9363.44
221415,10062.18
221414,8918.58
221413,12828.5
221412,16970.33
221411,18025.23
221410,14286.15
221409,9032.81
221408,7663.36
221407,8899.15
221406,13308.68
221405,17222.93
221404,18582.46
221403,8905.15
221402,6811.3
