52559,61171.15
52558,85328.0
52557,67446.16
52556,33204.49
52555,26657.13
52554,28049.83
52553,26519.27
52552,1416.76
52551,59354.03
52550,49685.94
52549,28087.86
52548,25984.27
52547,26717.86
52546,37330.38
52545,48849.35
52544,73121.56
52543,49393.86
52542,53165.84
52541,29549.82
52540,31873.57
52539,38790.15
52538,38817.91
52537,76259.46
52536,41590.88
52535,24908.9
52534,31040.01
52533,26216.75
52532,27405.58
52531,47232.93
52530,81666.15
52529,51042.64
52528,20921.84
52527,18645.9
52526,36031.46
52525,35374.0
52524,47785.31
52523,77173.46
52522,42008.77
52521,35125.75
52520,39231.63
52519,37111.39
52518,72381.31
52517,84570.25
52516,115963.97
52515,79120.43
52514,61515.41
52513,40479.13
52512,46414.91
52511,32458.05
52510,60733.18
52509,91382.52
52508,78511.43
52507,27254.58
52506,26773.25
52505,31755.78
52504,27969.66
52503,49454.97
52502,74614.38
52501,54992.05
52500,44958.73
52499,35502.11
52498,34653.89
52497,67910.2
52496,70511.6
52495,105837.54
52494,99499.22
52493,47741.22
52492,61052.72
52491,79935.65
52490,43308.22
52489,55091.16
52488,95782.71
52487,84725.89
52486,33838.97
52485,33619.13
52484,68243.46
52483,45013.77
52482,49092.3
52481,109662.5
52480,98478.73
52479,52740.59
52478,65786.49
52477,3458.37
52476,46722.46
52475,71883.03
52474,105739.9
52473,42205.57
52472,33071.85
52471,37257.16
52470,39955.07
52469,49803.12
52468,77301.71
52467,63155.4
52466,31045.75
52465,39003.31
52464,60667.83
52463,59786.16
52462,67537.7
52461,98705.11
52460,89992.55
52459,3189.48
52458,37926.61
52457,32102.64
52456,41605.06
52455,45989.82
52454,48133.26
52453,51226.76
52452,25727.34
52451,33610.61
52450,36688.04
52449,75698.16
52448,72425.45
52447,107122.06
52446,87017.0
52445,51568.82
52444,47671.37
52443,60507.72
52442,45311.93
52441,1274.65
52440,113100.84
52439,76786.71
52438,39253.82
52437,50679.76
52436,52782.45
52435,71093.12
52434,77999.96
52433,106392.5
52432,84672.37
52431,35893.91
52430,35218.02
52429,44454.82
52428,39377.04
52427,72674.43
52426,97078.0
52425,91352.05
52424,46547.0
52423,54899.73
52422,67263.84
52421,57444.06
52420,72427.95
52419,101396.81
52418,114745.63
52417,46333.01
52416,44997.08
52415,50158.79
52414,948.0
52413,66484.28
52412,88455.47
52411,82996.79
52410,90270.28
52409,40538.26
52408,40591.69
52407,54523.3
52406,58728.09
52405,78134.76
52404,77431.36
52403,35556.46
52402,65256.74
52401,67380.52
52400,64510.57
52399,76245.52
52398,108523.37
52397,90704.16
52396,49818.45
52395,54846.14
52394,58390.39
52393,65138.93
52392,80573.16
52391,100387.27
52390,82714.01
52389,38162.48
52388,45044.85
52387,39494.22
52386,45848.36
52385,61652.42
52384,68680.02
52383,84503.33
52382,40815.65
52381,27294.75
52380,41596.03
52379,40103.43
52378,52726.09
52377,61110.03
52376,56727.13
52375,41182.86
