40089,28862.45
40088,48722.45
40087,47153.13
40086,15799.86
40085,16267.05
40084,15343.67
40083,19224.54
40082,949.54
40081,39277.53
40080,29580.32
40079,15246.75
40078,16131.18
40077,14253.22
40076,34381.07
40075,36961.05
40074,51974.41
40073,38809.83
40072,41411.31
40071,25682.29
40070,31426.54
40069,35769.0
40068,29611.7
40067,46.13
40066,6645.73
40065,12025.47
40064,9643.7
40063,15549.28
40062,17897.17
40061,33370.12
40060,56112.0
40059,35558.95
40058,16318.96
40057,15741.53
40056,14529.91
40055,22867.59
40054,24526.17
40053,50246.96
40052,32269.5
40051,17315.03
40050,13305.57
40049,18937.53
40048,42677.15
40047,54246.04
40046,81021.15
40045,62699.28
40044,35695.07
40043,21367.27
40042,37650.45
40041,24436.53
40040,41190.46
40039,66056.24
40038,53639.34
40037,17490.84
40036,20238.44
40035,17425.03
40034,18280.2
40033,34327.55
40032,56326.65
40031,37784.5
40030,28441.91
40029,18513.77
40028,20266.16
40027,45463.61
40026,45685.02
40025,82620.96
40024,71414.98
40023,40010.18
40022,48579.44
40021,61765.42
40020,35645.29
40019,46694.6
40018,66956.98
40017,54724.82
40016,19776.92
40015,21228.49
40014,38391.78
40013,36126.2
40012,45939.02
40011,86326.57
40010,54380.72
40009,37928.57
40008,39584.02
40007,52990.66
40006,37511.12
40005,60280.54
40004,78416.28
40003,25664.78
40002,17386.0
40001,26314.01
40000,25984.46
39999,32980.69
39998,53652.62
39997,40161.73
39996,41.66
39995,20298.48
39994,31363.88
39993,28066.29
39992,35031.92
39991,47892.87
39990,65227.2
39989,13765.06
39988,311.49
39987,32835.29
39986,49321.3
39985,41384.05
39984,163.08
39983,29561.21
39982,28234.16
39981,46661.44
39980,57945.68
39979,96806.86
39978,59193.15
39977,32095.3
39976,39565.75
39975,36412.22
39974,36382.17
39973,48504.17
39972,82237.58
39971,51870.88
39970,24288.26
39969,24093.62
39968,31527.47
39967,41015.35
39966,44426.86
39965,91632.98
39964,44302.84
39963,17036.92
39962,18722.21
39961,25802.4
39960,22518.46
39959,50891.66
39958,76672.19
39957,63618.29
39956,36262.38
39955,37830.08
39954,39313.34
39953,33090.18
39952,50470.07
39951,78837.94
39950,78394.5
39949,24756.23
39948,30956.95
39947,31937.26
39946,47693.88
39945,57708.85
39944,73958.47
39943,50632.62
39942,81694.99
39941,30020.43
39940,30245.05
39939,39661.81
39938,41470.73
39937,59420.53
39936,67578.72
39935,27649.75
39934,50411.31
39933,49394.52
39932,46052.71
39931,54490.49
39930,73401.44
39929,69521.24
39928,36681.52
39927,42550.18
39926,40828.36
39925,47436.43
39924,63010.18
39923,67208.29
39922,55971.85
39921,21966.57
39920,28251.66
39919,24464.85
39918,31460.73
39917,50534.19
39916,43499.42
39915,53559.31
39914,20821.82
39913,18652.63
39912,28801.01
39911,28016.94
39910,38655.06
39909,42184.65
39908,32494.73
39907,29767.68
