45445,24575.57
45444,52041.07
45443,40190.85
45442,18994.19
45441,13943.08
45440,17165.1
45439,17720.41
45438,680.42
45437,35190.53
45436,21954.48
45435,16071.77
45434,16085.98
45433,14118.02
45432,26131.63
45431,29161.68
45430,48903.78
45429,30043.34
45428,33745.98
45427,22723.01
45426,3011.42
45425,14693.37
45424,15512.38
45423,18047.13
45422,34435.38
45421,13448.39
45420,11694.05
45419,15291.41
45418,15376.4
45417,28808.08
45416,48638.27
45415,25838.32
45414,16008.76
45413,17746.88
45412,18400.28
45411,25004.14
45410,28340.6
45409,46847.92
45408,22795.11
45407,14184.22
45406,14211.97
45405,21823.1
45404,46780.65
45403,41884.96
45402,91823.6
45401,36206.85
45400,21238.94
45399,27613.08
45398,26629.51
45397,21716.58
45396,38633.64
45395,62558.06
45394,38448.68
45393,15322.39
45392,15475.39
45391,14192.86
45390,15349.48
45389,26931.0
45388,52110.09
45387,28831.66
45386,24020.1
45385,16826.24
45384,18823.6
45383,41399.8
45382,52972.08
45381,88832.18
45380,58423.12
45379,41375.74
45378,49717.6
45377,64716.3
45376,33263.81
45375,38633.16
45374,74887.22
45373,48046.08
45372,19548.22
45371,23667.77
45370,46119.73
45369,39829.79
45368,48782.6
45367,78868.99
45366,47132.41
45365,42374.16
45364,37903.93
45363,48378.65
45362,37286.0
45361,70957.19
45360,74916.26
45359,-9.99
45358,21690.84
45357,19288.18
45356,20406.03
45355,20693.77
45354,30626.7
45353,47615.29
45352,27825.67
45351,1181.61
45350,15442.67
45349,29084.25
45348,30437.03
45347,42646.97
45346,68275.81
45345,43651.83
45344,14482.99
45343,21716.65
45342,19019.76
45341,20579.25
45340,29924.16
45339,36187.73
45338,29133.4
45337,22684.4
45336,20211.07
45335,18714.97
45334,48249.04
45333,50513.65
45332,72654.58
45331,47895.86
45330,29192.16
45329,29396.73
45328,38039.77
45327,36481.31
45326,739.2
45325,81929.5
45324,45560.43
45323,25861.65
45322,28192.96
45321,28834.32
45320,40085.52
45319,46914.39
45318,67888.22
45317,41407.61
45316,23644.61
45315,25859.29
45314,19375.7
45313,20808.62
45312,53068.15
45311,73385.1
45310,58421.8
45309,38161.37
45308,34278.78
45307,37156.4
45306,38896.83
45305,49750.36
45304,71456.67
45303,53447.72
45302,22747.43
45301,23726.61
45300,23476.82
45299,210.52
45298,45077.01
45297,50852.57
45296,41559.01
45295,49879.24
45294,24864.82
45293,24985.91
45292,30810.46
45291,34393.75
45290,47377.61
45289,35911.08
45288,18679.12
45287,44037.3
45286,37684.75
45285,38316.81
45284,45119.4
45283,67043.99
45282,50547.42
45281,35561.03
45280,36482.71
45279,36819.56
45278,40054.64
45277,53480.37
45276,60449.98
45275,40904.36
45274,21345.42
45273,19377.23
45272,21347.43
45271,26176.36
45270,36781.13
45269,38387.89
45268,41591.69
45267,23796.01
45266,17984.63
45265,19786.93
45264,28387.3
45263,27947.85
45262,35299.24
45261,24342.47
45260,20520.59
