116279,36075.29
116278,54117.69
116277,47189.64
116276,20151.22
116275,15039.42
116274,16965.94
116273,24505.95
116272,1489.63
116271,43008.09
116270,33905.21
116269,19450.2
116268,13135.09
116267,19549.1
116266,29551.04
116265,32223.2
116264,46623.55
116263,35266.89
116262,37025.63
116261,23984.33
116260,26463.37
116259,23975.1
116258,26211.25
116257,44562.42
116256,40066.36
116255,15461.59
116254,17275.87
116253,18073.05
116252,18715.4
116251,31773.23
116250,50192.88
116249,24031.01
116248,25636.99
116247,20749.79
116246,24411.63
116245,29563.77
116244,29630.16
116243,45182.08
116242,29215.64
116241,20912.22
116240,21202.53
116239,28815.74
116238,50336.22
116237,58389.46
116236,80266.53
116235,53633.74
116234,55033.04
116233,35359.05
116232,37228.39
116231,32759.76
116230,42394.78
116229,61798.14
116228,51041.15
116227,19783.96
116226,17684.47
116225,24406.09
116224,22655.48
116223,35829.13
116222,50713.31
116221,40790.43
116220,35191.78
116219,22388.82
116218,25525.51
116217,53963.03
116216,54774.85
116215,77069.06
116214,67141.3
116213,33405.35
116212,49830.81
116211,65836.5
116210,35393.07
116209,39878.91
116208,63829.5
116207,54483.36
116206,20717.59
116205,22527.79
116204,45706.52
116203,39576.98
116202,51150.99
116201,69967.81
116200,64091.27
116199,35641.95
116198,40923.42
116197,54056.28
116196,42926.19
116195,59487.1
116194,86183.76
116193,-12.74
116192,24396.98
116191,28438.27
116190,28661.19
116189,33518.6
116188,38401.99
116187,53360.54
116186,43263.42
116185,522.38
116184,23094.89
116183,34552.79
116182,36743.9
116181,45160.47
116180,63695.86
116179,65111.57
116178,21982.31
116177,940.34
116176,1033.67
116175,237.73
116174,35412.26
116173,53075.91
116172,46280.9
116171,712.24
116170,27464.12
116169,27691.75
116168,46373.55
116167,54664.34
116166,75571.34
116165,57224.27
116164,33452.49
116163,31875.68
116162,38860.29
116161,34036.11
116160,45949.9
116159,76057.43
116158,48303.09
116157,29872.11
116156,27201.96
116155,40382.2
116154,48745.74
116153,52327.32
116152,83680.43
116151,60538.88
116150,30597.05
116149,27200.47
116148,29359.69
116147,27627.56
116146,60125.0
116145,69291.96
116144,57757.38
116143,41194.47
116142,38865.1
116141,38818.64
116140,40361.65
116139,52865.8
116138,70118.18
116137,65216.06
116136,25662.26
116135,27597.98
116134,29777.3
116133,39280.8
116132,48508.06
116131,59816.57
116130,53414.81
116129,69059.05
116128,32094.6
116127,33058.73
116126,33331.84
116125,40339.21
116124,58226.14
116123,47010.97
116122,26822.51
116121,41586.77
116120,42509.26
116119,44017.87
116118,55673.7
116117,67415.57
116116,59595.03
116115,39274.82
116114,43975.51
116113,44012.54
116112,52434.87
116111,66193.89
116110,75313.08
116109,60719.77
116108,31044.82
116107,33026.72
116106,33055.14
116105,32483.57
116104,49005.46
116103,53656.41
116102,58717.59
116101,27042.33
116100,22939.45
116099,29936.25
116098,37268.95
116097,40795.25
116096,53100.36
116095,42394.38
116094,33418.91
