89255,38173.01
89254,82912.42
89253,82363.71
89252,28345.43
89251,27977.83
89250,27750.96
89249,28369.92
89248,1863.63
89247,52764.53
89246,38385.53
89245,19391.86
89244,21429.77
89243,21530.87
89242,50205.37
89241,58924.57
89240,79500.68
89239,62927.94
89238,52083.09
89237,34473.56
89236,44234.86
89235,47854.06
89234,48912.26
89233,905.8
89232,34779.62
89231,25044.24
89230,28074.31
89229,27763.72
89228,25390.72
89227,45808.97
89226,78200.15
89225,56048.64
89224,28525.3
89223,22265.07
89222,22915.91
89221,36158.86
89220,36076.79
89219,58459.64
89218,47216.54
89217,24814.48
89216,26737.24
89215,27404.73
89214,80383.63
89213,88463.85
89212,116170.79
89211,76246.79
89210,55084.89
89209,40291.54
89208,54820.04
89207,38455.79
89206,55325.79
89205,96780.72
89204,80204.9
89203,31089.21
89202,26102.54
89201,26744.33
89200,26759.25
89199,46013.6
89198,83842.46
89197,52408.15
89196,39465.63
89195,27948.76
89194,30690.02
89193,90609.68
89192,82294.08
89191,136666.04
89190,124363.17
89189,69184.22
89188,88700.19
89187,119850.96
89186,65350.54
89185,66637.12
89184,113872.58
89183,93772.85
89182,33110.94
89181,34692.91
89180,80208.59
89179,61926.67
89178,81826.02
89177,130708.85
89176,113000.72
89175,66714.17
89174,72926.52
89173,95584.54
89172,68849.08
89171,110562.58
89170,134214.48
89169,43965.53
89168,41004.68
89167,43191.72
89166,47626.36
89165,59624.88
89164,93487.96
89163,62654.79
89162,30731.57
89161,36632.07
89160,52193.53
89159,51831.04
89158,70059.69
89157,91677.31
89156,93304.73
89155,2426.13
89154,35347.51
89153,40182.27
89152,45271.09
89151,49258.89
89150,78075.76
89149,74218.9
89148,38018.08
89147,38858.04
89146,40414.39
89145,104120.78
89144,103522.45
89143,142466.51
89142,113692.09
89141,68464.39
89140,69043.82
89139,73154.22
89138,73284.97
89137,2062.97
89136,129009.96
89135,71567.33
89134,36881.32
89133,44779.27
89132,54114.6
89131,81235.13
89130,89410.88
89129,148278.21
89128,78009.94
89127,30462.04
89126,35871.09
89125,41801.15
89124,45829.31
89123,102317.58
89122,124264.73
89121,100610.27
89120,74570.74
89119,68031.78
89118,73319.48
89117,63664.71
89116,73277.67
89115,109114.1
89114,128376.28
89113,45392.17
89112,46002.66
89111,53184.92
89110,1792.21
89109,95503.34
89108,111319.27
89107,87500.84
89106,117303.44
89105,49148.6
89104,43555.3
89103,56040.81
89102,64053.96
89101,91314.28
89100,84041.37
89099,44880.39
89098,86329.28
89097,78961.59
89096,80878.33
89095,83470.92
89094,121999.26
89093,93991.83
89092,64333.77
89091,70156.33
89090,71925.78
89089,78445.31
89088,104359.38
89087,115241.19
89086,98188.32
89085,50373.53
89084,54320.72
89083,54176.12
89082,53554.02
89081,83524.35
89080,79567.52
89079,93193.6
89078,47167.76
89077,38234.88
89076,47589.85
89075,55272.68
89074,64338.93
89073,78087.11
89072,58591.6
89071,53641.39
