177976,29239.08
177975,40238.37
177974,33619.92
177973,12162.16
177972,14936.1
177971,13727.93
177970,15003.32
177969,1151.57
177968,33080.3
177967,23001.12
177966,11944.69
177965,10811.53
177964,9607.65
177963,18335.54
177962,17421.26
177961,37496.67
177960,27791.32
177959,21997.81
177958,14463.77
177957,8090.49
177956,15405.26
177955,252.18
177954,807.88
177953,22664.03
177952,10940.28
177951,11751.51
177950,12442.97
177949,15342.65
177948,19833.5
177947,36260.02
177946,22150.39
177945,16374.92
177944,11774.18
177943,14285.95
177942,17338.85
177941,21625.13
177940,36754.77
177939,23073.55
177938,12073.5
177937,9906.3
177936,17126.34
177935,29124.51
177934,43030.07
177933,77513.77
177932,39452.21
177931,22643.67
177930,18094.79
177929,19281.41
177928,18055.4
177927,28645.9
177926,46433.91
177925,35659.16
177924,10895.72
177923,15780.2
177922,14972.56
177921,13385.85
177920,25876.81
177919,45201.85
177918,26546.33
177917,18247.04
177916,12757.11
177915,16225.06
177914,24791.59
177913,36168.29
177912,59578.28
177911,44426.39
177910,22240.13
177909,30918.92
177908,35447.04
177907,24029.73
177906,30031.94
177905,53886.93
177904,41942.98
177903,16607.53
177902,18420.48
177901,26225.45
177900,28750.06
177899,37683.84
177898,54303.7
177897,37779.59
177896,22184.04
177895,30108.58
177894,32854.05
177893,27589.91
177892,54536.46
177891,71596.74
177890,-9.98
177889,15660.89
177888,13805.85
177887,15110.53
177886,18313.75
177885,25203.96
177884,37569.06
177883,27831.88
177882,517.97
177881,13777.98
177880,19495.98
177879,24498.9
177878,32200.03
177877,51337.69
177876,37403.61
177875,13034.61
177874,1297.89
177873,545.04
177872,74.61
177871,23597.77
177870,37969.97
177869,31741.36
177868,299.62
177867,14377.01
177866,17573.42
177865,25730.88
177864,34078.71
177863,52356.64
177862,36200.13
177861,20873.47
177860,22348.11
177859,29080.29
177858,25893.77
177857,33454.3
177856,63159.5
177855,44407.27
177854,19200.56
177853,22304.16
177852,21199.24
177851,31582.31
177850,43635.61
177849,72737.09
177848,50060.84
177847,16733.59
177846,18854.32
177845,21313.84
177844,21548.71
177843,44161.91
177842,54390.27
177841,42843.83
177840,21381.58
177839,22964.96
177838,29591.43
177837,23006.96
177836,38672.66
177835,54815.33
177834,44331.51
177833,24200.71
177832,21178.2
177831,15921.8
177830,27820.42
177829,38333.59
177828,43486.09
177827,33144.59
177826,41396.85
177825,15627.5
177824,18628.42
177823,23681.85
177822,28952.07
177821,43475.89
177820,33323.46
177819,16100.1
177818,25843.06
177817,23761.85
177816,28184.6
177815,36242.36
177814,48309.8
177813,34632.05
177812,19546.53
177811,25196.05
177810,19869.65
177809,30237.47
177808,43623.31
177807,57451.28
177806,42577.72
177805,17188.25
177804,16343.26
177803,20147.79
177802,18144.15
177801,26081.87
177800,35986.37
177799,37909.29
177798,16079.66
177797,12656.8
177796,18586.05
177795,21039.84
177794,26718.28
177793,31504.23
177792,27773.69
177791,19485.78
