196166,17275.58
196165,35598.36
196164,21374.16
196163,8647.96
196162,7650.34
196161,9494.65
196160,9622.99
196159,878.84
196158,22874.84
196157,15453.1
196156,7901.62
196155,6760.35
196154,4841.5
196153,13097.72
196152,22672.49
196151,34523.24
196150,24252.29
196149,21084.8
196148,12556.52
196147,13903.07
196146,12293.75
196145,12433.86
196144,1010.92
196143,12380.98
196142,5859.85
196141,8812.61
196140,8336.76
196139,7131.21
196138,16023.9
196137,36116.71
196136,18543.8
196135,10707.35
196134,11940.4
196133,12552.82
196132,13475.05
196131,17953.22
196130,34327.4
196129,17717.44
196128,8081.01
196127,5994.18
196126,11119.6
196125,20712.29
196124,38612.72
196123,52722.06
196122,28488.37
196121,17793.39
196120,12883.01
196119,16026.37
196118,12165.95
196117,26214.01
196116,45530.91
196115,23999.4
196114,14213.7
196113,8905.1
196112,9107.09
196111,10983.56
196110,20397.24
196109,36692.62
196108,21880.1
196107,18154.89
196106,11112.78
196105,9545.44
196104,23533.97
196103,34330.71
196102,65436.01
196101,47649.64
196100,24300.96
196099,25653.5
196098,33344.05
196097,17955.48
196096,30423.9
196095,54716.02
196094,37511.17
196093,10089.58
196092,11382.09
196091,23612.26
196090,25010.62
196089,32744.24
196088,66863.53
196087,36053.95
196086,19347.43
196085,20977.42
196084,28296.99
196083,25993.75
196082,50091.16
196081,58584.51
196080,-13.99
196079,13948.71
196078,8817.12
196077,11532.46
196076,13378.41
196075,20909.29
196074,37998.5
196073,18466.71
196072,8734.92
196071,8320.65
196070,17854.53
196069,18771.71
196068,27213.32
196067,40482.19
196066,31901.86
196065,1452.53
196064,7184.29
196063,8139.32
196062,13084.96
196061,20160.75
196060,34061.57
196059,20566.16
196058,12962.07
196057,11811.98
196056,13598.23
196055,26645.81
196054,32533.23
196053,53701.47
196052,34738.24
196051,18948.06
196050,19350.41
196049,17915.8
196048,21143.08
196047,609.84
196046,44515.5
196045,28423.04
196044,11727.93
196043,17189.61
196042,17710.91
196041,26730.68
196040,36973.82
196039,49373.0
196038,30282.38
196037,9022.0
196036,12993.44
196035,14784.72
196034,13116.82
196033,32785.0
196032,50929.78
196031,31600.14
196030,17799.92
196029,16063.53
196028,18027.79
196027,16591.13
196026,26425.68
196025,50538.06
196024,33762.75
196023,11282.51
196022,15501.33
196021,13156.72
196020,308.63
196019,30748.64
196018,38658.28
196017,30123.0
196016,32656.99
196015,15914.38
196014,16424.28
196013,21681.79
196012,29263.4
196011,33521.5
196010,27865.71
196009,15039.7
196008,29274.8
196007,23935.89
196006,26694.14
196005,26083.85
196004,45173.18
196003,30915.68
196002,21851.83
196001,17884.52
196000,18235.35
195999,25622.64
195998,31088.49
195997,38758.98
195996,27668.67
195995,10855.02
195994,13207.35
195993,13149.06
195992,17240.76
195991,22809.81
195990,25185.98
195989,24151.39
195988,13000.49
195987,11056.3
195986,14560.2
195985,15117.91
195984,18935.55
195983,24761.78
195982,17965.24
195981,15220.46
