11490,30991.3
11489,50301.12
11488,32823.61
11487,14153.82
11486,14463.8
11485,14970.19
11484,15179.22
11483,311.1
11482,35887.97
11481,17520.36
11480,14265.51
11479,14217.23
11478,12345.29
11477,22972.76
11476,25477.24
11475,43799.99
11474,28148.06
11473,29143.02
11472,22699.69
11471,12640.88
11470,21818.35
11469,21942.61
11468,48805.31
11467,29763.0
11466,12702.4
11465,13639.55
11464,13659.18
11463,12156.33
11462,28750.88
11461,42193.57
11460,30592.09
11459,19332.81
11458,14727.29
11457,16266.22
11456,15320.01
11455,27363.79
11454,42929.82
11453,27328.44
11452,13864.95
11451,14824.28
11450,18080.87
11449,39107.28
11448,44207.5
11447,81700.49
11446,32587.25
11445,33402.13
11444,25787.03
11443,28426.9
11442,21618.73
11441,33610.2
11440,58921.83
11439,40704.57
11438,19226.27
11437,16088.72
11436,15642.2
11435,15914.64
11434,27514.3
11433,51480.08
11432,31358.02
11431,25550.01
11430,14012.16
11429,17599.28
11428,32792.7
11427,43574.23
11426,79353.74
11425,52999.57
11424,32928.43
11423,33838.44
11422,43624.81
11421,25664.66
11420,32478.28
11419,61197.05
11418,45459.42
11417,21490.22
11416,24325.5
11415,39495.41
11414,32155.53
11413,39178.75
11412,83242.93
11411,56100.1
11410,28524.99
11409,34752.03
11408,40001.73
11407,29875.04
11406,50595.46
11405,74958.21
11404,-7.96
11403,25817.97
11402,19238.85
11401,25526.88
11400,30027.64
11399,29372.04
11398,46381.93
11397,31671.65
11396,17233.72
11395,14754.46
11394,26019.21
11393,25390.33
11392,31133.93
11391,56570.68
11390,41209.84
11389,1599.02
11388,14172.56
11387,17386.21
11386,22042.68
11385,30116.47
11384,45453.93
11383,33590.0
11382,18698.22
11381,26487.51
11380,23526.13
11379,38368.97
11378,44933.65
11377,75157.06
11376,41712.72
11375,25070.02
11374,29280.25
11373,31970.05
11372,31929.95
11371,522.24
11370,78821.9
11369,38669.61
11368,20677.68
11367,29089.37
11366,24293.85
11365,32854.76
11364,42003.87
11363,60953.25
11362,39057.23
11361,20369.94
11360,20887.27
11359,22662.19
11358,23571.67
11357,45320.17
11356,65670.97
11355,41002.79
11354,27412.06
11353,23524.71
11352,36985.01
11351,30279.25
11350,36074.06
11349,59766.69
11348,42189.56
11347,23067.74
11346,25350.52
11345,28545.15
11344,336.58
11343,50176.85
11342,53277.52
11341,29612.73
11340,52732.76
11339,24686.47
11338,27893.59
11337,36033.11
11336,38301.97
11335,49272.59
11334,36925.26
11333,24093.41
11332,37691.62
11331,34403.38
11330,34338.73
11329,47449.4
11328,60629.32
11327,43909.52
11326,28577.24
11325,35826.99
11324,29925.55
11323,35433.66
11322,50474.39
11321,53923.44
11320,40113.54
11319,21873.93
11318,26879.42
11317,23570.01
11316,26104.79
11315,36419.3
11314,32230.29
11313,44875.07
11312,19945.81
11311,18066.35
11310,23294.07
11309,28016.62
11308,31124.71
11307,34431.1
11306,28696.87
11305,24163.53
