123582,28437.01
123581,45219.11
123580,35780.66
123579,12461.97
123578,9651.5
123577,10265.18
123576,14217.52
123575,1490.36
123574,30056.33
123573,15137.39
123572,7717.7
123571,8061.38
123570,10157.46
123569,20259.17
123568,20454.56
123567,41530.95
123566,23228.72
123565,25890.32
123564,16305.77
123563,14675.09
123562,14138.54
123561,16391.16
123560,33897.95
123559,24878.37
123558,9107.06
123557,12373.67
123556,10932.25
123555,11419.16
123554,24769.08
123553,45660.07
123552,29025.16
123551,14118.44
123550,13347.58
123549,17361.33
123548,14560.68
123547,24343.89
123546,41393.13
123545,21681.23
123544,13538.53
123543,13272.83
123542,13758.37
123541,30064.1
123540,34512.87
123539,62849.15
123538,37175.74
123537,33277.13
123536,17639.71
123535,23734.02
123534,18051.78
123533,28859.12
123532,53664.02
123531,40305.18
123530,12056.8
123529,13751.12
123528,6818.01
123527,8564.42
123526,24115.07
123525,42253.47
123524,25337.07
123523,20070.7
123522,8942.83
123521,14653.79
123520,31045.82
123519,40130.42
123518,63244.47
123517,49116.15
123516,30833.09
123515,37691.44
123514,44377.45
123513,27955.52
123512,32472.97
123511,51835.35
123510,38871.81
123509,14323.15
123508,15252.21
123507,30226.44
123506,28611.94
123505,35674.02
123504,67713.38
123503,52184.99
123502,23487.07
123501,28674.9
123500,30577.32
123499,22708.7
123498,50101.23
123497,73044.37
123496,25289.42
123495,20951.49
123494,23849.82
123493,18731.19
123492,30998.38
123491,37916.96
123490,28079.18
123489,448.67
123488,16740.43
123487,23484.52
123486,21822.78
123485,33938.47
123484,53554.04
123483,24659.35
123482,12910.99
123481,12928.53
123480,14645.47
123479,15448.88
123478,24852.19
123477,42173.25
123476,33171.7
123475,18370.1
123474,14866.0
123473,15218.0
123472,32055.69
123471,42992.14
123470,63759.05
123469,45319.15
123468,24670.52
123467,28038.61
123466,26683.22
123465,23732.95
123464,450.65
123463,61737.74
123462,32848.15
123461,17966.3
123460,18166.89
123459,23389.47
123458,31233.93
123457,39235.77
123456,54309.34
123455,35728.05
123454,19380.24
123453,19225.42
123452,15429.84
123451,18309.23
123450,41674.42
123449,59228.97
123448,45575.81
123447,21548.15
123446,24745.03
123445,31003.6
123444,27674.58
123443,31584.78
123442,46923.4
123441,40151.17
123440,19204.19
123439,25193.79
123438,24386.1
123437,339.67
123436,36965.96
123435,53129.61
123434,35570.8
123433,38926.83
123432,21591.53
123431,24132.56
123430,26693.75
123429,32231.97
123428,47019.48
123427,38356.76
123426,17354.2
123425,30420.71
123424,36356.68
123423,30693.36
123422,40342.56
123421,56835.28
123420,39188.29
123419,28814.36
123418,26290.34
123417,32451.17
123416,33816.3
123415,40589.2
123414,52088.39
123413,35880.55
123412,20424.54
123411,20236.76
123410,21063.36
123409,23983.16
123408,31327.59
123407,30875.56
123406,38186.92
123405,19053.43
123404,14028.52
123403,15840.28
123402,26127.39
123401,27574.57
123400,24498.87
123399,16437.12
123398,19331.18
