115702,31759.52
115701,35926.72
115700,27455.18
115699,13225.9
115698,8788.01
115697,10688.68
115696,12498.92
115695,825.32
115694,27216.23
115693,16932.68
115692,7753.72
115691,7654.89
115690,11651.58
115689,15807.82
115688,19255.28
115687,29991.05
115686,23071.96
115685,19607.13
115684,12379.78
115683,11415.34
115682,10205.76
115681,3675.69
115680,29834.61
115679,19476.08
115678,10955.41
115677,10361.28
115676,9508.41
115675,9053.38
115674,16393.61
115673,32439.01
115672,18987.24
115671,12712.19
115670,12247.81
115669,12219.81
115668,17213.76
115667,21103.31
115666,31871.9
115665,16554.8
115664,13599.36
115663,11745.94
115662,13852.81
115661,29193.25
115660,33886.84
115659,56372.46
115658,28756.45
115657,27040.18
115656,17270.14
115655,19943.27
115654,16366.42
115653,25686.15
115652,43401.7
115651,25450.31
115650,15968.33
115649,7571.58
115648,12711.74
115647,13100.08
115646,21970.81
115645,32768.63
115644,21268.88
115643,17694.82
115642,11698.04
115641,13972.45
115640,33150.49
115639,37471.23
115638,60716.9
115637,38458.39
115636,27208.45
115635,22172.24
115634,25399.32
115633,17766.52
115632,30480.89
115631,54666.31
115630,25649.04
115629,15670.64
115628,18387.33
115627,28944.43
115626,26580.33
115625,36787.08
115624,54757.07
115623,29994.0
115622,29162.92
115621,29533.25
115620,33344.86
115619,31223.94
115618,46484.27
115617,59452.12
115616,-17.84
115615,8957.31
115614,11683.65
115613,7743.81
115612,18251.84
115611,20973.4
115610,36356.31
115609,25212.27
115608,11673.49
115607,12907.71
115606,25625.04
115605,21286.65
115604,30155.65
115603,51485.27
115602,31283.6
115601,1057.68
115600,14287.12
115599,11771.58
115598,15426.31
115597,19678.66
115596,39808.06
115595,20446.3
115594,9986.31
115593,12128.02
115592,14999.01
115591,28879.68
115590,30980.33
115589,40158.39
115588,28415.46
115587,20896.45
115586,21055.26
115585,20177.74
115584,23163.15
115583,684.71
115582,61874.08
115581,29818.8
115580,18033.3
115579,18678.2
115578,20879.98
115577,30310.4
115576,37314.62
115575,61898.23
115574,32138.32
115573,15414.89
115572,16365.95
115571,17179.68
115570,17871.86
115569,35930.59
115568,48878.72
115567,33395.17
115566,22937.31
115565,21492.36
115564,23454.89
115563,26209.57
115562,30302.09
115561,43202.85
115560,32120.08
115559,16329.62
115558,16406.03
115557,19436.31
115556,88.6
115555,28505.5
115554,41651.52
115553,25506.24
115552,33342.32
115551,15644.71
115550,12345.36
115549,18151.82
115548,24067.02
115547,32890.95
115546,25453.87
115545,15549.05
115544,25875.91
115543,24245.23
115542,22993.65
115541,29875.95
115540,45129.72
115539,27484.41
115538,23044.52
115537,21223.27
115536,23774.89
115535,24908.17
115534,34710.99
115533,49714.81
115532,31294.53
115531,13047.09
115530,16190.15
115529,18560.21
115528,16051.95
115527,29433.51
115526,31624.24
115525,28846.71
115524,15763.35
115523,12801.74
115522,17748.37
115521,19903.11
115520,22352.6
115519,30950.04
115518,20165.39
115517,19300.34
