137733,34653.52
137732,60178.66
137731,55094.6
137730,16463.22
137729,11085.73
137728,20489.46
137727,21006.56
137726,1274.43
137725,41311.25
137724,25254.11
137723,17202.73
137722,11800.91
137721,16656.16
137720,34103.14
137719,40636.35
137718,64736.94
137717,29869.88
137716,40260.93
137715,25430.71
137714,30178.65
137713,29813.19
137712,29530.96
137711,62367.99
137710,42981.79
137709,12013.67
137708,15573.31
137707,16465.59
137706,17634.06
137705,33117.26
137704,50120.31
137703,38102.17
137702,22683.15
137701,21020.27
137700,22626.39
137699,30469.88
137698,32960.34
137697,50528.89
137696,34979.8
137695,21209.44
137694,20268.33
137693,20231.04
137692,58768.81
137691,41578.24
137690,77587.94
137689,58977.2
137688,61363.15
137687,17533.85
137686,42178.36
137685,29256.7
137684,52311.87
137683,85005.21
137682,57535.62
137681,29971.72
137680,28801.77
137679,18857.37
137678,18286.11
137677,35960.12
137676,61862.54
137675,46908.75
137674,32366.89
137673,19055.39
137672,20643.63
137671,61496.61
137670,75274.95
137669,110013.65
137668,86220.8
137667,52124.07
137666,58473.04
137665,82842.89
137664,40107.58
137663,55976.98
137662,85280.09
137661,74899.78
137660,30884.23
137659,30668.42
137658,68540.17
137657,53671.8
137656,65965.94
137655,104585.36
137654,71578.84
137653,55171.16
137652,53644.27
137651,55904.23
137650,45791.07
137649,65450.79
137648,92753.26
137647,-29.58
137646,30360.54
137645,24476.12
137644,25142.8
137643,31765.44
137642,40258.73
137641,65908.56
137640,42219.51
137639,1418.1
137638,25636.54
137637,46300.51
137636,44803.49
137635,58383.68
137634,102102.61
137633,72319.35
137632,21970.18
137631,1769.11
137630,587.52
137629,136.94
137628,42193.72
137627,70980.7
137626,55434.09
137625,1158.77
137624,30260.87
137623,29882.37
137622,79092.52
137621,84246.95
137620,114392.21
137619,88620.6
137618,49445.22
137617,48184.7
137616,51385.9
137615,47221.17
137614,74959.91
137613,97887.33
137612,62218.34
137611,33890.69
137610,42138.02
137609,41971.62
137608,64365.56
137607,79056.12
137606,110835.53
137605,69078.46
137604,25469.34
137603,28864.97
137602,30303.05
137601,31754.86
137600,89444.4
137599,110353.12
137598,86653.63
137597,61518.91
137596,50906.08
137595,54700.61
137594,49718.03
137593,70409.89
137592,92690.29
137591,88710.6
137590,40830.54
137589,42306.73
137588,42765.22
137587,66118.78
137586,88601.36
137585,88789.42
137584,71427.7
137583,74995.38
137582,34886.14
137581,38954.39
137580,50855.91
137579,55165.51
137578,62648.84
137577,65220.26
137576,35701.82
137575,79344.67
137574,61374.5
137573,60606.47
137572,72446.35
137571,91285.37
137570,77951.93
137569,49821.23
137568,53250.08
137567,49047.81
137566,74672.53
137565,75730.12
137564,90639.36
137563,63216.01
137562,35353.71
137561,39690.79
137560,36410.21
137559,47176.53
137558,66351.27
137557,63586.0
137556,69011.75
137555,36959.67
137554,30194.02
137553,37765.08
137552,43534.96
137551,50088.0
137550,56083.25
137549,39053.43
137548,27374.47
