50447,33079.1
50446,55791.18
50445,60413.83
50444,13093.36
50443,14538.69
50442,21691.82
50441,18461.02
50440,1374.6
50439,41934.68
50438,31206.39
50437,12521.2
50436,15046.22
50435,13608.11
50434,28854.33
50433,37444.03
50432,56601.54
50431,42683.67
50430,37915.99
50429,22430.72
50428,31514.63
50427,36430.72
50426,34584.07
50425,-27.5
50424,12868.9
50423,12304.81
50422,13265.32
50421,19096.77
50420,18215.54
50419,36465.18
50418,60258.24
50417,40338.01
50416,18457.84
50415,19021.71
50414,18166.39
50413,25205.0
50412,29391.33
50411,52310.59
50410,35609.72
50409,16515.02
50408,16956.78
50407,19571.72
50406,54062.3
50405,65576.98
50404,93266.4
50403,61445.47
50402,39604.13
50401,28870.65
50400,43453.48
50399,32063.82
50398,51680.38
50397,78580.64
50396,60697.93
50395,22094.45
50394,21150.32
50393,19105.94
50392,23979.93
50391,39552.09
50390,64149.97
50389,48922.71
50388,33418.1
50387,19655.7
50386,22942.23
50385,65681.39
50384,60132.63
50383,112271.86
50382,58902.45
50381,50745.79
50380,57120.61
50379,70457.3
50378,39602.01
50377,52578.38
50376,85133.65
50375,67111.28
50374,19069.09
50373,22850.86
50372,54114.77
50371,43817.34
50370,56117.05
50369,93063.08
50368,71646.21
50367,43538.79
50366,56362.24
50365,58799.47
50364,55973.04
50363,85420.77
50362,111782.16
50361,-5.0
50360,30448.68
50359,21206.96
50358,27805.74
50357,37771.57
50356,36823.81
50355,68956.39
50354,51946.54
50353,1392.76
50352,22331.4
50351,41198.49
50350,43756.0
50349,59410.44
50348,68522.03
50347,78395.11
50346,22477.67
50345,2182.56
50344,1023.68
50343,502.82
50342,39928.28
50341,66389.44
50340,55924.81
50339,1786.06
50338,26161.69
50337,22480.3
50336,62655.3
50335,68141.41
50334,104500.31
50333,78950.55
50332,40626.68
50331,45298.11
50330,44164.69
50329,45960.81
50328,62121.19
50327,101148.45
50326,54891.2
50325,30448.42
50324,34871.8
50323,39967.05
50322,69193.07
50321,61255.6
50320,121108.63
50319,61158.94
50318,21818.3
50317,25318.33
50316,30019.8
50315,29039.98
50314,62899.4
50313,92179.34
50312,71329.85
50311,49785.44
50310,44200.02
50309,48736.7
50308,49208.16
50307,61073.97
50306,84349.19
50305,84366.54
50304,31249.96
50303,31042.52
50302,38147.1
50301,54104.85
50300,72583.67
50299,84361.49
50298,67462.22
50297,94324.66
50296,36036.3
50295,34235.6
50294,40390.44
50293,49753.31
50292,72932.11
50291,56100.47
50290,35933.73
50289,50687.43
50288,54537.39
50287,55998.75
50286,61923.09
50285,87639.05
50284,75515.78
50283,41982.74
50282,44049.67
50281,45607.22
50280,54844.94
50279,70372.68
50278,89896.75
50277,68959.54
50276,30630.7
50275,37267.28
50274,31339.48
50273,38345.0
50272,55130.7
50271,61675.89
50270,64692.07
50269,26507.7
50268,21684.77
50267,34030.39
50266,35454.64
50265,44183.0
50264,51942.16
50263,33504.78
50262,42242.89
