140582,26130.46
140581,35447.82
140580,38994.14
140579,11513.93
140578,14829.84
140577,15846.77
140576,15164.67
140575,1304.94
140574,29314.0
140573,28893.96
140572,12022.48
140571,11755.61
140570,15868.62
140569,21581.94
140568,28930.53
140567,37628.87
140566,29872.88
140565,33219.7
140564,14029.33
140563,20655.81
140562,23330.91
140561,19259.74
140560,41559.31
140559,34069.57
140558,13630.74
140557,14467.89
140556,14370.45
140555,15512.04
140554,23405.09
140553,38828.26
140552,27303.18
140551,18619.55
140550,15925.05
140549,20238.36
140548,20585.47
140547,23601.25
140546,34329.56
140545,27100.39
140544,18173.97
140543,18867.24
140542,20725.53
140541,45307.63
140540,44275.82
140539,63634.81
140538,46050.19
140537,50689.8
140536,24629.28
140535,23746.21
140534,20194.81
140533,31078.97
140532,46697.01
140531,40464.72
140530,17068.03
140529,16372.8
140528,21420.1
140527,15792.28
140526,25183.49
140525,40553.74
140524,30158.77
140523,23306.76
140522,19498.99
140521,17566.18
140520,43885.02
140519,40388.82
140518,54343.15
140517,56410.08
140516,32505.75
140515,33536.79
140514,51259.89
140513,22042.44
140512,29119.62
140511,45379.76
140510,44124.05
140509,16634.1
140508,19199.88
140507,40041.87
140506,30444.34
140505,39007.82
140504,64690.66
140503,42665.61
140502,27146.52
140501,35083.53
140500,40380.89
140499,29235.43
140498,41662.61
140497,63334.6
140496,23797.32
140495,23181.08
140494,18335.08
140493,23900.02
140492,30937.52
140491,39944.32
140490,36665.36
140489,16108.55
140488,16960.27
140487,38185.42
140486,34548.82
140485,41856.05
140484,53673.86
140483,58135.76
140482,0.0
140481,19088.8
140480,17582.18
140479,24348.83
140478,27942.57
140477,36940.42
140476,38333.7
140475,18741.25
140474,20041.15
140473,21151.66
140472,40310.33
140471,42314.82
140470,67913.79
140469,46330.74
140468,29684.45
140467,27045.46
140466,29829.65
140465,29428.33
140464,50.98
140463,68411.72
140462,40099.93
140461,20046.05
140460,25194.76
140459,26653.11
140458,41455.74
140457,47604.33
140456,67920.25
140455,53018.39
140454,17254.36
140453,18607.89
140452,19896.72
140451,20098.7
140450,50712.03
140449,56565.55
140448,54168.02
140447,31585.24
140446,29454.72
140445,30191.16
140444,31185.47
140443,33617.35
140442,61465.81
140441,54981.69
140440,24158.19
140439,25548.62
140438,24839.53
140437,37278.98
140436,50309.21
140435,42623.19
140434,58476.02
140433,15598.32
140432,22699.15
140431,27692.24
140430,33992.84
140429,45773.2
140428,48405.6
140427,18328.64
140426,38261.46
140425,35148.85
140424,37719.8
140423,35189.27
140422,55681.49
140421,54964.14
140420,27127.72
140419,29389.28
140418,29510.79
140417,32829.55
140416,44536.73
140415,60747.51
140414,48348.52
140413,18439.15
140412,24455.07
140411,21812.44
140410,27347.59
140409,38598.0
140408,43167.31
140407,45259.34
140406,17440.6
140405,17604.31
140404,16982.92
140403,32371.75
140402,30666.65
140401,39579.1
140400,38887.85
140399,31239.36
