6131,34237.69
6130,58010.8
6129,43426.53
6128,17600.26
6127,14322.23
6126,15592.12
6125,15825.95
6124,882.85
6123,39567.38
6122,27050.99
6121,13539.84
6120,14510.38
6119,14878.84
6118,26859.27
6117,32930.85
6116,60306.97
6115,33344.93
6114,31781.44
6113,21679.33
6112,18312.53
6111,22180.95
6110,19527.33
6109,50222.65
6108,44962.37
6107,13933.27
6106,15379.37
6105,13655.36
6104,16445.7
6103,31454.84
6102,53099.68
6101,40022.16
6100,19485.51
6099,14163.01
6098,20647.12
6097,20332.82
6096,29657.41
6095,54659.3
6094,37027.45
6093,16239.22
6092,16119.98
6091,22156.83
6090,39885.09
6089,51662.52
6088,89428.97
6087,48508.84
6086,39193.4
6085,26631.97
6084,31772.08
6083,24469.78
6082,35712.74
6081,69199.06
6080,55087.81
6079,19189.1
6078,17863.52
6077,16344.57
6076,19709.79
6075,31978.66
6074,63851.01
6073,44765.08
6072,31995.19
6071,18130.92
6070,18417.85
6069,41476.86
6068,59455.99
6067,97788.84
6066,82789.58
6065,41703.53
6064,43558.91
6063,62699.45
6062,32196.84
6061,46871.47
6060,67165.76
6059,61666.03
6058,21858.13
6057,19313.98
6056,39118.17
6055,39958.0
6054,49373.35
6053,85112.2
6052,77615.06
6051,39333.16
6050,42315.53
6049,49269.39
6048,31789.36
6047,68207.18
6046,80189.1
6045,26730.07
6044,23278.92
6043,20830.62
6042,27466.09
6041,33659.66
6040,51437.46
6039,42931.12
6038,1368.03
6037,13824.61
6036,31199.22
6035,29259.99
6034,40198.79
6033,74010.98
6032,58997.23
6031,18149.94
6030,1438.75
6029,1095.19
6028,365.6
6027,31762.95
6026,51376.85
6025,53284.87
6024,1685.1
6023,20365.18
6022,20887.67
6021,48173.3
6020,51593.83
6019,89460.8
6018,67420.22
6017,33011.22
6016,35338.56
6015,36676.1
6014,35584.88
6013,50895.93
6012,85136.46
6011,52917.89
6010,23590.14
6009,25405.39
6008,29682.6
6007,44478.6
6006,56211.28
6005,88354.29
6004,45417.36
6003,21792.24
6002,23863.01
6001,21933.11
6000,23616.0
5999,56765.86
5998,84735.55
5997,69881.29
5996,39326.87
5995,35826.95
5994,38844.46
5993,37429.46
5992,53558.27
5991,75732.63
5990,71769.08
5989,26882.09
5988,30789.86
5987,34106.97
5986,46387.56
5985,60014.09
5984,76251.02
5983,66419.3
5982,66338.43
5981,28158.6
5980,30042.91
5979,36377.1
5978,43507.25
5977,58657.3
5976,54304.83
5975,25371.2
5974,48955.49
5973,45787.18
5972,49518.93
5971,60841.77
5970,79881.06
5969,66306.2
5968,36100.99
5967,43724.27
5966,46198.08
5965,49955.5
5964,71949.24
5963,83646.14
5962,63877.62
5961,26233.54
5960,28658.48
5959,24840.52
5958,31748.12
5957,47035.58
5956,52009.74
5955,60701.21
5954,26546.3
5953,23710.73
5952,26445.6
5951,29344.04
5950,39180.39
5949,48966.69
5948,37706.99
5947,29611.43
