211988,13377.27
211987,21186.39
211986,17676.45
211985,10743.47
211984,9937.1
211983,12297.15
211982,9792.69
211981,1027.17
211980,18074.06
211979,15149.1
211978,9568.57
211977,12207.55
211976,10081.94
211975,10424.25
211974,16428.0
211973,20401.89
211972,14399.65
211971,13955.28
211970,11329.59
211969,10091.81
211968,12131.0
211967,12690.61
211966,23941.32
211965,13847.35
211964,8340.55
211963,9905.23
211962,11648.72
211961,10175.59
211960,16855.39
211959,24198.27
211958,17256.48
211957,11238.43
211956,11366.93
211955,12414.79
211954,10457.44
211953,12483.29
211952,23736.13
211951,11345.37
211950,12885.52
211949,10109.6
211948,12484.13
211947,21478.69
211946,24039.43
211945,34870.62
211944,27027.01
211943,25366.18
211942,10152.04
211941,13122.6
211940,8609.22
211939,18043.82
211938,29207.81
211937,18522.57
211936,12465.35
211935,10650.17
211934,13652.24
211933,12034.74
211932,15463.91
211931,28820.35
211930,18474.11
211929,15700.52
211928,10076.21
211927,9078.69
211926,17410.04
211925,24285.6
211924,39428.1
211923,29117.14
211922,16310.96
211921,17724.93
211920,22816.3
211919,18267.09
211918,26057.83
211917,33437.26
211916,22630.31
211915,11292.71
211914,9954.64
211913,15051.04
211912,15392.7
211911,16071.95
211910,31222.07
211909,20989.74
211908,17074.91
211907,14582.58
211906,19170.42
211905,14466.85
211904,28151.0
211903,37734.23
211902,14310.48
211901,12514.18
211900,15500.21
211899,13720.64
211898,19540.75
211897,26579.38
211896,21149.05
211895,11191.43
211894,12547.68
211893,16938.08
211892,18778.32
211891,24308.82
211890,38731.08
211889,30993.54
211888,665.94
211887,15127.36
211886,13699.8
211885,13364.0
211884,16208.13
211883,28635.99
211882,20688.07
211881,13008.15
211880,11670.57
211879,13944.73
211878,23688.17
211877,29986.57
211876,49896.36
211875,28381.9
211874,14202.42
211873,15204.0
211872,14792.52
211871,11544.73
211870,138.3
211869,32771.78
211868,22945.03
211867,14067.43
211866,14426.49
211865,16586.37
211864,22102.97
211863,27634.1
211862,45027.36
211861,25723.67
211860,12873.34
211859,12608.8
211858,13755.26
211857,13956.13
211856,22794.61
211855,28161.27
211854,24680.19
211853,18284.85
211852,17430.32
211851,17363.3
211850,17561.85
211849,17352.42
211848,33319.24
211847,26516.5
211846,14130.38
211845,12777.36
211844,15606.72
211843,15930.44
211842,24889.99
211841,30784.49
211840,20080.38
211839,23620.66
211838,14353.73
211837,15186.83
211836,18568.2
211835,20255.15
211834,26407.34
211833,25644.6
211832,13688.07
211831,24808.57
211830,23357.79
211829,25892.9
211828,24377.2
211827,31332.11
211826,28258.94
211825,19425.48
211824,20022.75
211823,18840.28
211822,19966.42
211821,24600.25
211820,28092.44
211819,21842.59
211818,19315.35
211817,17698.3
211816,21585.09
211815,18123.75
211814,24070.44
211813,23196.22
211812,21307.9
211811,19330.27
211810,12815.23
211809,17766.56
211808,18984.22
211807,20605.19
211806,26800.68
211805,17876.86
211804,12273.31
