124927,37465.02
124926,49247.57
124925,39945.92
124924,11842.09
124923,13652.99
124922,14747.65
124921,14440.99
124920,1114.4
124919,34633.93
124918,22142.44
124917,10687.12
124916,12501.21
124915,11143.88
124914,28702.1
124913,28231.23
124912,52483.07
124911,23461.58
124910,16700.82
124909,17414.0
124908,23588.89
124907,18813.75
124906,26113.47
124905,54496.47
124904,34248.44
124903,12256.76
124902,9628.42
124901,13060.8
124900,12352.98
124899,29186.54
124898,45610.31
124897,28826.32
124896,18154.97
124895,2498.15
124894,10388.02
124893,16689.98
124892,27473.86
124891,47800.49
124890,28189.44
124889,14054.7
124888,12479.49
124887,19276.7
124886,40743.51
124885,50169.89
124884,81967.86
124883,40172.44
124882,26239.39
124881,25163.0
124880,29171.24
124879,22189.22
124878,36537.67
124877,68441.72
124876,43687.03
124875,17346.0
124874,19402.95
124873,17847.65
124872,19999.09
124871,32617.65
124870,57981.83
124869,31537.1
124868,25090.26
124867,8801.02
124866,16466.67
124865,36926.18
124864,41877.53
124863,77931.11
124862,66360.86
124861,29043.01
124860,38380.85
124859,45975.22
124858,26732.82
124857,37267.43
124856,60369.12
124855,49358.35
124854,18453.94
124853,17946.36
124852,34006.05
124851,35141.38
124850,42873.64
124849,79472.62
124848,61168.08
124847,34664.21
124846,37264.72
124845,27145.07
124844,23839.24
124843,50291.29
124842,60399.96
124841,23404.28
124840,25036.69
124839,17660.48
124838,29680.08
124837,30828.73
124836,44134.75
124835,38443.43
124834,13556.54
124833,18866.87
124832,24162.65
124831,30759.98
124830,36059.69
124829,66744.18
124828,47443.74
124827,1035.77
124826,15370.78
124825,20667.34
124824,21888.49
124823,29683.76
124822,50199.61
124821,41330.33
124820,22345.42
124819,18161.57
124818,19957.63
124817,45661.52
124816,56180.37
124815,75764.09
124814,64005.68
124813,27600.7
124812,29685.05
124811,32150.1
124810,29240.1
124809,747.5
124808,81475.92
124807,38252.67
124806,20017.42
124805,21764.51
124804,25100.68
124803,35705.28
124802,45739.93
124801,73194.92
124800,48400.25
124799,15620.82
124798,22703.12
124797,19022.83
124796,21152.8
124795,48177.63
124794,71391.82
124793,52024.0
124792,29944.32
124791,26277.73
124790,37027.54
124789,32091.25
124788,45552.09
124787,57208.15
124786,53714.17
124785,23392.05
124784,25810.73
124783,30305.63
124782,545.69
124781,48743.9
124780,66558.75
124779,56331.71
124778,43588.57
124777,21266.66
124776,26974.3
124775,28433.44
124774,33492.42
124773,52548.87
124772,44262.93
124771,23422.8
124770,47457.55
124769,40366.83
124768,42261.0
124767,46757.64
124766,64601.19
124765,49966.55
124764,37771.68
124763,33946.96
124762,40464.69
124761,40930.53
124760,49409.63
124759,54634.43
124758,45170.14
124757,23834.48
124756,24640.14
124755,26022.65
124754,28769.19
124753,42524.02
124752,39607.56
124751,43708.81
124750,23276.0
124749,18791.3
124748,24705.0
124747,27231.55
124746,33726.64
124745,41561.85
124744,32280.36
124743,27139.61
