34162,53283.49
34161,68091.22
34160,46956.06
34159,16915.48
34158,19852.94
34157,17899.17
34156,22308.32
34155,898.24
34154,26622.9
34153,28521.31
34152,17298.95
34151,18784.1
34150,18077.49
34149,39877.41
34148,41480.2
34147,63315.92
34146,36316.98
34145,41251.27
34144,14931.01
34143,14170.98
34142,14150.78
34141,25139.48
34140,60183.63
34139,38054.69
34138,22647.9
34137,15914.96
34136,20976.56
34135,20410.46
34134,41462.1
34133,57176.98
34132,32081.38
34131,23347.21
34130,20108.49
34129,24257.77
34128,30525.27
34127,40052.6
34126,67899.54
34125,24522.15
34124,18879.02
34123,25356.74
34122,30313.68
34121,63896.41
34120,76729.53
34119,110415.95
34118,43335.25
34117,63294.71
34116,37902.28
34115,36997.0
34114,33816.65
34113,54053.63
34112,73330.96
34111,55156.98
34110,26155.02
34109,21041.49
34108,22016.79
34107,24687.18
34106,44242.6
34105,73019.7
34104,39138.99
34103,34888.74
34102,26640.3
34101,29542.49
34100,63525.52
34099,72710.85
34098,109277.65
34097,59182.2
34096,55449.97
34095,48439.73
34094,65983.2
34093,42339.14
34092,59652.92
34091,74884.51
34090,45784.17
34089,22710.38
34088,29945.7
34087,47900.28
34086,45556.54
34085,56841.9
34084,94358.66
34083,52657.55
34082,46767.97
34081,47167.03
34080,59852.46
34079,43987.17
34078,83959.85
34077,107579.83
34076,28886.12
34075,26090.1
34074,21468.74
34073,34773.96
34072,39855.68
34071,58114.89
34070,36270.27
34069,1295.02
34068,26781.31
34067,50012.42
34066,49429.61
34065,57409.95
34064,83228.64
34063,50703.72
34062,27336.44
34061,2590.87
34060,1650.59
34059,264.66
34058,39665.34
34057,61213.79
34056,41694.42
34055,2129.96
34054,25370.19
34053,30811.53
34052,61104.25
34051,69810.55
34050,87191.54
34049,58990.16
34048,44994.84
34047,42990.41
34046,48888.91
34045,57704.64
34044,65350.43
34043,114383.56
34042,47977.09
34041,38844.51
34040,39581.96
34039,40586.47
34038,61485.97
34037,72730.86
34036,96069.33
34035,57844.23
34034,29289.43
34033,34396.49
34032,36893.15
34031,41705.93
34030,80046.19
34029,94870.45
34028,63845.59
34027,45473.23
34026,46270.85
34025,50110.4
34024,47946.96
34023,68837.3
34022,67444.23
34021,61084.52
34020,34089.59
34019,33130.32
34018,33116.48
34017,47337.94
34016,62112.64
34015,76055.11
34014,49280.29
34013,63948.42
34012,34643.73
34011,29928.02
34010,42747.01
34009,44147.37
34008,59880.67
34007,48243.67
34006,30151.89
34005,60631.68
34004,57321.88
34003,58504.11
34002,67593.75
34001,86688.12
34000,57951.58
33999,41613.44
33998,50754.11
33997,49159.91
33996,54982.16
33995,71077.87
33994,74921.28
33993,54283.06
33992,27108.09
33991,32042.88
33990,39094.9
33989,38971.18
33988,57080.46
33987,54584.27
33986,50055.58
33985,30283.26
33984,23353.69
33983,27785.44
33982,35912.36
33981,41126.71
33980,50540.36
33979,32919.84
33978,26243.96
