53329,45238.76
53328,60235.72
53327,33846.76
53326,11504.98
53325,14263.88
53324,17320.7
53323,14785.61
53322,1255.89
53321,34955.7
53320,24172.99
53319,11356.79
53318,13376.18
53317,14365.17
53316,24652.11
53315,20939.84
53314,49993.14
53313,25735.46
53312,30546.75
53311,20073.46
53310,15969.96
53309,19625.51
53308,2084.05
53307,9240.87
53306,20428.25
53305,14302.49
53304,17427.28
53303,15983.4
53302,17158.4
53301,30993.71
53300,57559.83
53299,31369.87
53298,18884.65
53297,17969.52
53296,17196.66
53295,30632.96
53294,34729.81
53293,55938.45
53292,23521.54
53291,13410.29
53290,15580.95
53289,21917.05
53288,45009.48
53287,58697.0
53286,103690.75
53285,43211.26
53284,6348.08
53283,21880.01
53282,31828.25
53281,20952.86
53280,43370.21
53279,73259.27
53278,40725.82
53277,16254.43
53276,12172.03
53275,15801.44
53274,17906.1
53273,36607.22
53272,65671.03
53271,33409.8
53270,23477.06
53269,13932.09
53268,20572.87
53267,46832.4
53266,67925.5
53265,105164.42
53264,67530.19
53263,38779.19
53262,47109.0
53261,58213.41
53260,30246.31
53259,43846.56
53258,92354.57
53257,59388.95
53256,16841.93
53255,26414.59
53254,38731.43
53253,41828.32
53252,53306.67
53251,100771.69
53250,61142.84
53249,31850.07
53248,37229.06
53247,43961.78
53246,38479.48
53245,81830.06
53244,92395.14
53243,-5.09
53242,25954.18
53241,19502.61
53240,20129.7
53239,26495.26
53238,37388.32
53237,53288.58
53236,29594.68
53235,977.37
53234,14324.53
53233,32118.24
53232,29621.28
53231,47062.49
53230,77576.72
53229,48605.3
53228,17063.36
53227,13301.81
53226,16043.76
53225,21447.87
53224,29526.71
53223,50354.99
53222,34417.5
53221,11637.73
53220,14784.78
53219,19127.61
53218,39243.49
53217,52614.46
53216,74116.79
53215,45116.97
53214,32061.73
53213,32494.45
53212,32202.28
53211,31659.82
53210,1117.85
53209,89681.15
53208,45005.93
53207,22303.8
53206,25091.97
53205,31971.03
53204,37452.36
53203,57881.1
53202,81965.59
53201,47322.11
53200,16792.62
53199,20908.47
53198,18896.36
53197,23330.16
53196,55278.44
53195,72224.28
53194,44914.61
53193,27420.64
53192,30664.18
53191,37918.89
53190,31168.97
53189,45772.27
53188,78679.38
53187,50943.5
53186,15785.48
53185,16991.68
53184,20669.27
53183,552.73
53182,41548.04
53181,61560.25
53180,46770.16
53179,49714.83
53178,18509.61
53177,18817.78
53176,26176.65
53175,37252.92
53174,53440.89
53173,41780.77
53172,21700.25
53171,36593.87
53170,43309.25
53169,45010.86
53168,55074.89
53167,71777.31
53166,42048.2
53165,33071.17
53164,34687.39
53163,34952.99
53162,40557.91
53161,55932.54
53160,67473.28
53159,50316.31
53158,16589.9
53157,20418.04
53156,22517.13
53155,27792.18
53154,41157.05
53153,47090.18
53152,46022.11
53151,17334.96
53150,14416.08
53149,20190.56
53148,25565.0
53147,33570.24
53146,43807.28
53145,30171.94
53144,23901.83
