176249,17468.93
176248,30438.35
176247,24130.74
176246,11604.1
176245,9554.91
176244,11561.75
176243,15478.42
176242,704.89
176241,16105.92
176240,11504.42
176239,11732.16
176238,10721.78
176237,11716.46
176236,16310.55
176235,20322.31
176234,21538.4
176233,17502.38
176232,18111.03
176231,14354.9
176230,12947.65
176229,12647.28
176228,14406.45
176227,23863.81
176226,16978.54
176225,9088.57
176224,6669.48
176223,10344.12
176222,11362.78
176221,19749.2
176220,26535.75
176219,17076.09
176218,13604.19
176217,14902.78
176216,13575.02
176215,16153.73
176214,19877.55
176213,23448.03
176212,10850.68
176211,11082.54
176210,13911.53
176209,17644.15
176208,31910.72
176207,29281.32
176206,47311.51
176205,33182.97
176204,30366.04
176203,21529.79
176202,23142.36
176201,16180.59
176200,27790.05
176199,32995.53
176198,28780.35
176197,17169.61
176196,13834.06
176195,15329.5
176194,15552.97
176193,21753.13
176192,30640.98
176191,21904.98
176190,18924.7
176189,15401.95
176188,14430.14
176187,33147.13
176186,31556.38
176185,36509.18
176184,29578.29
176183,24436.94
176182,24126.63
176181,34229.12
176180,21694.91
176179,24379.71
176178,34183.42
176177,22847.41
176176,13597.88
176175,17075.21
176174,26264.7
176173,23170.8
176172,28120.86
176171,37814.77
176170,27842.77
176169,23854.96
176168,26993.82
176167,31872.25
176166,20678.35
176165,28909.3
176164,36673.83
176163,15528.39
176162,17657.35
176161,13624.59
176160,17616.34
176159,17571.59
176158,28147.54
176157,19554.97
176156,851.63
176155,13347.44
176154,25916.4
176153,17479.57
176152,25036.3
176151,34417.92
176150,21121.32
176149,11281.79
176148,13267.63
176147,14126.83
176146,17502.24
176145,17713.72
176144,29794.95
176143,20162.2
176142,11091.54
176141,13374.99
176140,12672.88
176139,29847.54
176138,27117.15
176137,33670.95
176136,25139.3
176135,15216.0
176134,19801.75
176133,17417.76
176132,15657.55
176131,29.99
176130,29715.07
176129,20624.69
176128,14951.68
176127,13492.49
176126,19223.1
176125,22978.84
176124,28860.63
176123,45362.36
176122,28166.91
176121,16097.63
176120,12810.32
176119,14279.78
176118,13322.22
176117,30758.39
176116,30795.47
176115,26964.38
176114,21125.94
176113,20792.34
176112,22544.65
176111,19753.95
176110,24906.37
176109,35651.16
176108,26326.14
176107,16038.59
176106,13609.45
176105,14013.94
176104,156.02
176103,21809.95
176102,28408.38
176101,23258.33
176100,23365.19
176099,12056.49
176098,11159.32
176097,15034.11
176096,21147.93
176095,21119.04
176094,17028.75
176093,13825.97
176092,19323.34
176091,21601.58
176090,15852.68
176089,22850.14
176088,30159.58
176087,25040.28
176086,19126.69
176085,18019.86
176084,13614.38
176083,17178.45
176082,25048.66
176081,30852.62
176080,21928.72
176079,9848.9
176078,10586.78
176077,11810.56
176076,15449.49
176075,17954.99
176074,18044.67
176073,20853.4
176072,8966.61
176071,7298.33
176070,14237.3
176069,14645.16
176068,15274.9
176067,16460.11
176066,18127.29
176065,12535.3
