215636,22507.32
215635,27399.56
215634,17916.9
215633,8071.85
215632,7350.06
215631,8839.42
215630,10419.92
215629,1737.18
215628,22017.7
215627,13847.7
215626,5653.48
215625,8105.74
215624,7492.58
215623,10700.02
215622,13757.97
215621,27020.29
215620,16944.68
215619,19961.58
215618,8066.92
215617,9586.87
215616,11469.82
215615,13182.75
215614,25401.16
215613,16333.33
215612,6172.89
215611,7371.1
215610,8651.04
215609,6832.73
215608,16499.94
215607,28381.42
215606,17504.05
215605,10375.78
215604,10237.28
215603,11433.95
215602,11881.32
215601,13627.27
215600,28721.35
215599,12796.23
215598,9955.34
215597,11257.94
215596,11393.14
215595,17212.95
215594,25897.66
215593,43423.63
215592,28104.5
215591,27074.76
215590,11394.94
215589,12699.36
215588,9621.07
215587,21023.23
215586,35733.19
215585,21811.93
215584,10025.0
215583,9224.86
215582,11954.14
215581,9619.47
215580,17458.54
215579,28061.48
215578,18091.48
215577,17049.76
215576,10037.42
215575,10651.74
215574,18838.6
215573,28204.48
215572,45327.65
215571,30773.43
215570,17149.73
215569,18693.3
215568,26235.7
215567,17475.11
215566,22135.6
215565,38662.01
215564,25889.92
215563,11431.16
215562,11200.71
215561,22823.05
215560,19743.14
215559,28939.68
215558,42669.83
215557,25180.63
215556,23378.46
215555,21440.82
215554,23718.07
215553,23819.53
215552,31414.81
215551,39228.22
215550,11025.77
215549,9942.86
215548,11687.17
215547,14964.57
215546,17749.61
215545,27688.67
215544,25277.91
215543,11725.7
215542,13702.38
215541,22883.76
215540,19083.97
215539,28241.96
215538,48348.46
215537,34725.78
215536,432.04
215535,13265.25
215534,13634.69
215533,13782.19
215532,19989.14
215531,25849.6
215530,23179.09
215529,13845.76
215528,11562.16
215527,15865.72
215526,25120.79
215525,24544.11
215524,47869.31
215523,30305.62
215522,16278.18
215521,14783.45
215520,14929.86
215519,15173.06
215518,78.68
215517,39631.64
215516,26497.07
215515,15986.79
215514,15728.41
215513,17302.9
215512,21542.5
215511,30450.59
215510,39996.63
215509,27145.07
215508,13226.23
215507,13267.38
215506,13646.65
215505,13462.03
215504,26162.03
215503,33027.19
215502,29705.96
215501,20624.3
215500,16744.27
215499,19159.78
215498,17719.85
215497,25046.09
215496,40373.57
215495,30759.71
215494,13353.61
215493,13951.76
215492,17515.7
215491,19810.57
215490,23444.33
215489,34876.77
215488,24841.4
215487,34006.9
215486,12194.1
215485,15187.89
215484,15868.72
215483,22864.56
215482,33442.62
215481,25596.13
215480,16979.3
215479,27842.19
215478,23234.28
215477,24096.33
215476,24521.54
215475,35551.44
215474,25224.88
215473,19898.63
215472,19311.66
215471,18938.09
215470,20439.8
215469,25636.58
215468,32402.19
215467,20248.0
215466,13496.2
215465,15472.45
215464,18977.05
215463,17303.61
215462,23171.31
215461,22483.67
215460,23785.46
215459,14138.77
215458,12685.55
215457,16106.97
215456,16027.02
215455,21914.99
215454,27932.29
215453,19824.22
215452,15249.77
