199424,15587.34
199423,25345.74
199422,16746.63
199421,10830.97
199420,11283.96
199419,8002.56
199418,7256.39
199417,454.71
199416,17204.55
199415,11877.24
199414,7952.73
199413,6097.1
199412,8187.76
199411,11266.3
199410,12133.43
199409,22525.63
199408,14190.22
199407,12299.1
199406,7649.33
199405,7637.36
199404,7663.45
199403,8105.02
199402,19819.6
199401,12508.63
199400,6934.26
199399,6534.96
199398,7794.11
199397,4871.66
199396,13772.48
199395,21571.73
199394,12044.08
199393,8661.26
199392,8142.92
199391,8852.85
199390,9475.8
199389,13548.92
199388,21545.23
199387,10902.9
199386,5848.74
199385,8318.78
199384,10171.51
199383,17886.85
199382,24918.27
199381,43243.5
199380,20658.17
199379,12726.27
199378,9922.16
199377,13068.83
199376,9564.41
199375,16517.06
199374,26715.96
199373,15204.27
199372,6156.98
199371,6284.65
199370,7624.85
199369,9479.02
199368,15290.48
199367,25037.44
199366,11370.25
199365,14188.55
199364,5317.45
199363,9140.05
199362,10973.14
199361,22269.36
199360,33082.84
199359,17499.51
199358,13831.6
199357,17399.43
199356,19197.72
199355,13299.92
199354,16250.98
199353,33247.57
199352,18208.31
199351,10997.08
199350,12127.6
199349,21021.95
199348,17099.43
199347,23187.45
199346,46020.63
199345,19356.48
199344,13840.04
199343,12524.87
199342,18303.95
199341,15133.41
199340,36082.65
199339,43593.73
199338,9219.44
199337,8035.61
199336,11856.41
199335,8884.87
199334,12272.96
199333,24020.9
199332,14232.97
199331,943.17
199330,8982.25
199329,16087.24
199328,14309.19
199327,20123.39
199326,27892.7
199325,17744.43
199324,6020.12
199323,8437.6
199322,8439.1
199321,8772.49
199320,14508.87
199319,19184.53
199318,14827.92
199317,7235.03
199316,8995.8
199315,9253.0
199314,13268.96
199313,15981.99
199312,26549.63
199311,16435.66
199310,14964.85
199309,12640.8
199308,10584.19
199307,13155.67
199306,537.48
199305,30216.66
199304,16595.12
199303,12494.65
199302,13841.93
199301,17748.44
199300,21588.53
199299,23912.17
199298,41723.19
199297,19744.2
199296,9172.66
199295,10768.29
199294,12241.84
199293,12207.2
199292,22408.43
199291,27483.31
199290,16645.36
199289,14502.3
199288,12134.39
199287,15406.18
199286,14516.12
199285,16933.5
199284,29411.5
199283,18358.79
199282,10026.28
199281,9184.17
199280,12352.66
199279,255.27
199278,20524.9
199277,24707.5
199276,16641.03
199275,16310.87
199274,12773.73
199273,8808.27
199272,13199.93
199271,17839.24
199270,21367.19
199269,15129.28
199268,10234.26
199267,15546.25
199266,15026.53
199265,13497.08
199264,17172.52
199263,25059.76
199262,15214.15
199261,7201.06
199260,13372.16
199259,10532.24
199258,16315.1
199257,22797.96
199256,31152.86
199255,15296.88
199254,8990.48
199253,7209.64
199252,9770.34
199251,10881.55
199250,15021.64
199249,18745.51
199248,12676.35
199247,6783.91
199246,8029.13
199245,9331.23
199244,15282.15
199243,15756.95
199242,21048.47
199241,13277.71
199240,7518.55
