152677,12514.55
152676,16826.1
152675,11608.22
152674,5965.93
152673,5460.9
152672,8070.96
152671,6358.07
152670,380.97
152669,11430.75
152668,5447.93
152667,4039.66
152666,4644.47
152665,4286.35
152664,6893.57
152663,11372.12
152662,15602.81
152661,10265.18
152660,12890.17
152659,8607.35
152658,9293.62
152657,8094.54
152656,10767.68
152655,20894.28
152654,11854.46
152653,6750.2
152652,5242.29
152651,6265.94
152650,7767.68
152649,10142.6
152648,21039.08
152647,12237.29
152646,7628.7
152645,5513.59
152644,9641.07
152643,8925.0
152642,13731.39
152641,19751.94
152640,6414.99
152639,3208.44
152638,9652.46
152637,9467.88
152636,15946.75
152635,23272.4
152634,35396.97
152633,15608.08
152632,21419.21
152631,11095.22
152630,12844.02
152629,8512.13
152628,16662.81
152627,32193.74
152626,16500.36
152625,10068.68
152624,6765.84
152623,11099.27
152622,8610.64
152621,18804.15
152620,24178.8
152619,11962.7
152618,10290.8
152617,9400.19
152616,7200.17
152615,15630.78
152614,24008.05
152613,44215.82
152612,25157.78
152611,19154.08
152610,16201.05
152609,22558.31
152608,14920.66
152607,18757.92
152606,35817.43
152605,15819.96
152604,9491.16
152603,11116.61
152602,13734.37
152601,13029.36
152600,20057.11
152599,38278.55
152598,18692.31
152597,16797.71
152596,15545.51
152595,19189.8
152594,16780.36
152593,31445.88
152592,31036.9
152591,20483.2
152590,20770.67
152589,14695.45
152588,14890.29
152587,18649.02
152586,29070.99
152585,14646.06
152584,595.68
152583,7902.16
152582,13064.62
152581,12563.21
152580,17511.49
152579,34756.4
152578,17084.8
152577,8618.43
152576,556.44
152575,1282.62
152574,169.87
152573,13721.59
152572,26810.52
152571,15812.87
152570,1373.6
152569,7936.54
152568,9467.68
152567,20749.05
152566,28013.07
152565,36973.38
152564,21788.05
152563,16754.01
152562,14300.34
152561,16173.39
152560,16763.25
152559,23401.47
152558,41777.0
152557,21349.37
152556,12075.77
152555,12802.79
152554,15850.21
152553,22824.88
152552,29960.7
152551,45217.45
152550,20019.78
152549,8318.5
152548,11800.55
152547,10888.77
152546,13441.18
152545,26532.54
152544,34097.4
152543,19743.22
152542,17792.98
152541,15175.56
152540,19451.22
152539,17487.23
152538,30331.6
152537,42009.82
152536,26740.24
152535,17782.16
152534,14546.34
152533,11697.53
152532,18848.8
152531,19887.9
152530,31820.02
152529,17366.36
152528,15381.44
152527,10069.57
152526,12144.01
152525,16327.33
152524,15197.06
152523,26748.03
152522,17200.0
152521,14239.65
152520,22447.28
152519,18064.72
152518,20888.58
152517,25458.85
152516,29274.41
152515,18036.27
152514,19782.46
152513,15412.56
152512,18157.71
152511,19794.61
152510,24779.94
152509,27766.42
152508,18499.59
152507,9879.55
152506,12280.54
152505,12459.54
152504,11031.16
152503,15314.69
152502,19660.75
152501,16541.67
152500,11493.25
152499,7130.18
152498,8614.71
152497,14739.09
152496,18175.84
152495,17911.67
152494,10736.3
152493,7578.85
