11874,32950.65
11873,64814.33
11872,51115.94
11871,15103.74
11870,17452.36
11869,22467.78
11868,17485.3
11867,348.23
11866,36614.42
11865,27214.78
11864,12210.08
11863,15162.77
11862,12971.21
11861,40923.63
11860,48467.43
11859,66692.06
11858,40351.72
11857,29154.17
11856,24457.85
11855,26584.11
11854,25127.21
11853,29500.37
11852,61186.16
11851,53882.16
11850,14271.13
11849,13193.04
11848,15467.8
11847,15734.54
11846,31628.66
11845,57228.8
11844,35156.15
11843,20054.69
11842,15443.97
11841,24530.96
11840,27716.75
11839,38465.89
11838,55697.43
11837,36543.92
11836,13289.16
11835,15777.26
11834,22498.38
11833,59658.59
11832,64811.5
11831,102347.47
11830,60480.35
11829,41649.6
11828,32613.31
11827,37676.96
11826,28867.65
11825,44225.45
11824,79764.09
11823,66367.21
11822,17840.41
11821,19897.56
11820,21539.03
11819,20128.01
11818,34388.96
11817,59832.98
11816,45090.13
11815,31270.73
11814,9919.99
11813,16897.01
11812,57664.99
11811,70187.31
11810,111968.08
11809,94579.02
11808,52036.03
11807,57205.39
11806,85036.89
11805,30004.93
11804,39986.15
11803,64338.51
11802,57572.87
11801,19631.54
11800,20775.44
11799,45097.51
11798,44918.58
11797,47518.77
11796,92696.69
11795,75677.6
11794,47902.09
11793,45991.54
11792,50491.34
11791,31575.79
11790,65040.9
11789,85986.96
11788,23135.6
11787,20405.06
11786,24074.87
11785,26370.53
11784,30739.24
11783,46965.11
11782,44099.16
11781,706.05
11780,17138.87
11779,37421.11
11778,35428.48
11777,44888.48
11776,78760.44
11775,64095.3
11774,17194.84
11773,1253.44
11772,774.04
11771,367.86
11770,32034.87
11769,47500.28
11768,48626.66
11767,1105.07
11766,14310.59
11765,20441.9
11764,61657.43
11763,66705.27
11762,87047.77
11761,72296.1
11760,35990.24
11759,41641.21
11758,43031.65
11757,35271.98
11756,61378.58
11755,102689.19
11754,48262.45
11753,27043.09
11752,30515.39
11751,32157.73
11750,51673.09
11749,56223.6
11748,100833.4
11747,61637.37
11746,23801.23
11745,14602.56
11744,25876.8
11743,21080.44
11742,59662.46
11741,79471.64
11740,72726.82
11739,37884.02
11738,40884.67
11737,43188.46
11736,39192.33
11735,54384.78
11734,70280.69
11733,85191.76
11732,29194.32
11731,28252.77
11730,26809.31
11729,47430.96
11728,54475.24
11727,73721.52
11726,57331.5
11725,64659.76
11724,28701.26
11723,27384.44
11722,38010.04
11721,43212.38
11720,66996.16
11719,53921.38
11718,23510.6
11717,63313.77
11716,51070.73
11715,52421.31
11714,66393.79
11713,92890.11
11712,71374.17
11711,40169.63
11710,45908.44
11709,43823.56
11708,46244.87
11707,67801.08
11706,73706.53
11705,63948.58
11704,22643.81
11703,20275.31
11702,25122.1
11701,33870.87
11700,49348.23
11699,47698.34
11698,64741.25
11697,25044.72
11696,18893.81
11695,23264.13
11694,33276.93
11693,38550.0
11692,47915.06
11691,43072.23
11690,22982.73
