24354,23521.06
24353,40598.86
24352,29991.55
24351,16105.27
24350,12368.01
24349,13309.95
24348,17585.5
24347,757.85
24346,27012.55
24345,22502.96
24344,11744.58
24343,13609.47
24342,11543.05
24341,19208.87
24340,23589.93
24339,34005.99
24338,22578.73
24337,28387.66
24336,14397.72
24335,18269.44
24334,16928.79
24333,16717.53
24332,37449.65
24331,23786.36
24330,14855.26
24329,13516.9
24328,14882.02
24327,15651.92
24326,26642.45
24325,37905.33
24324,28362.26
24323,17024.8
24322,16519.11
24321,19822.17
24320,18688.34
24319,19759.49
24318,35465.53
24317,18204.15
24316,14824.78
24315,16775.67
24314,17959.27
24313,35553.57
24312,37673.37
24311,61643.56
24310,37925.09
24309,32535.66
24308,22813.65
24307,23404.73
24306,19000.57
24305,30742.51
24304,41640.06
24303,32368.07
24302,16713.19
24301,16331.17
24300,17886.27
24299,17441.9
24298,23913.83
24297,40477.57
24296,22208.66
24295,21698.04
24294,17172.88
24293,16662.93
24292,38633.99
24291,44197.03
24290,54580.9
24289,38984.86
24288,26329.0
24287,28492.39
24286,29285.49
24285,27748.63
24284,27181.54
24283,49252.3
24282,36202.22
24281,23783.1
24280,22321.59
24279,38684.16
24278,33844.62
24277,37985.41
24276,53810.9
24275,31403.86
24274,23003.54
24273,26793.94
24272,29921.62
24271,29416.88
24270,42079.11
24269,57381.66
24268,15001.5
24267,15682.36
24266,17744.23
24265,22440.22
24264,24146.43
24263,41467.88
24262,23276.72
24261,431.67
24260,18655.95
24259,31707.67
24258,26103.49
24257,31617.05
24256,49929.1
24255,33187.98
24254,19014.71
24253,15166.36
24252,20494.64
24251,25470.06
24250,27787.52
24249,38590.84
24248,23614.54
24247,12907.62
24246,18169.14
24245,18546.12
24244,32260.87
24243,39412.3
24242,50829.85
24241,32792.61
24240,27840.59
24239,29101.14
24238,28474.04
24237,28910.08
24236,589.27
24235,58896.69
24234,35256.81
24233,20891.5
24232,26814.83
24231,21592.13
24230,28429.14
24229,41138.89
24228,61945.31
24227,38468.04
24226,17160.09
24225,20412.18
24224,23619.37
24223,25554.33
24222,39291.25
24221,49379.93
24220,42526.5
24219,23429.49
24218,28289.31
24217,30880.33
24216,19363.7
24215,36498.8
24214,51828.34
24213,38867.84
24212,23093.91
24211,22757.73
24210,22058.66
24209,450.26
24208,33139.53
24207,51086.82
24206,35076.37
24205,45918.08
24204,20594.67
24203,27805.52
24202,26042.26
24201,29731.35
24200,41804.44
24199,31242.25
24198,18347.13
24197,32224.17
24196,29692.76
24195,32309.54
24194,33897.34
24193,46643.23
24192,36619.38
24191,29476.12
24190,31930.69
24189,27495.68
24188,32304.43
24187,41878.72
24186,47243.87
24185,35110.44
24184,22931.79
24183,22221.06
24182,16998.22
24181,21532.42
24180,28752.14
24179,30705.93
24178,31525.76
24177,18615.16
24176,12727.05
24175,19259.3
24174,23076.56
24173,28859.35
24172,38294.49
24171,22389.88
24170,19884.1
