209303,27972.24
209302,39959.57
209301,35688.63
209300,11643.39
209299,13124.74
209298,11637.94
209297,12419.82
209296,480.61
209295,32778.34
209294,24479.5
209293,9734.32
209292,11559.48
209291,11379.48
209290,18205.1
209289,23145.12
209288,40256.53
209287,21627.27
209286,28170.38
209285,20197.23
209284,19940.43
209283,21256.03
209282,3776.58
209281,20.79
209280,2298.68
209279,6645.9
209278,9067.11
209277,10474.73
209276,9114.4
209275,21627.14
209274,42478.47
209273,23187.2
209272,12145.93
209271,15035.29
209270,10672.72
209269,15869.04
209268,23296.37
209267,39917.82
209266,19634.16
209265,12748.45
209264,14731.05
209263,15153.85
209262,38293.93
209261,43167.65
209260,70745.58
209259,39838.48
209258,11633.04
209257,16821.28
209256,23544.4
209255,18719.16
209254,30704.89
209253,48481.71
209252,34200.59
209251,12302.94
209250,14958.41
209249,10754.23
209248,15159.39
209247,22243.78
209246,50922.03
209245,24457.75
209244,25772.5
209243,15236.59
209242,11984.86
209241,37332.12
209240,33666.74
209239,72943.08
209238,48225.36
209237,30646.94
209236,35290.64
209235,47619.42
209234,30426.6
209233,36996.43
209232,53451.41
209231,41846.94
209230,16076.25
209229,17875.19
209228,37367.82
209227,31585.12
209226,39656.66
209225,68114.24
209224,41941.1
209223,28715.96
209222,29678.96
209221,41444.22
209220,34775.3
209219,46545.55
209218,63989.09
209217,16424.29
209216,15450.49
209215,20005.26
209214,23450.53
209213,24872.29
209212,36972.76
209211,28589.25
209210,785.7
209209,13113.9
209208,22618.57
209207,24593.51
209206,36280.79
209205,55071.56
209204,37926.68
209203,13264.92
209202,15204.55
209201,14645.35
209200,20730.23
209199,19494.12
209198,35548.12
209197,25499.97
209196,14709.35
209195,16853.87
209194,16821.37
209193,33769.26
209192,37919.29
209191,58537.72
209190,41558.7
209189,24615.28
209188,29066.45
209187,36198.05
209186,28186.94
209185,1103.19
209184,62600.12
209183,34755.2
209182,19143.1
209181,23105.91
209180,22702.84
209179,29804.46
209178,39472.21
209177,68507.5
209176,36352.0
209175,16553.84
209174,17224.0
209173,21244.48
209172,18358.03
209171,44156.9
209170,54733.33
209169,41270.25
209168,26722.42
209167,24138.26
209166,27995.3
209165,28393.92
209164,30763.86
209163,55598.02
209162,44437.99
209161,13421.02
209160,20814.74
209159,22439.36
209158,419.05
209157,40928.35
209156,46367.23
209155,43181.42
209154,50265.36
209153,19196.35
209152,20440.41
209151,22833.35
209150,30855.33
209149,44314.87
209148,39225.67
209147,20102.28
209146,37623.88
209145,32757.3
209144,34045.24
209143,44209.03
209142,54024.04
209141,49652.83
209140,29686.9
209139,31311.52
209138,34984.13
209137,35782.5
209136,44549.94
209135,57747.69
209134,36571.29
209133,18685.5
209132,17655.58
209131,21362.61
209130,23338.72
209129,34892.0
209128,37291.42
209127,36656.45
209126,18124.25
209125,14554.11
209124,17663.88
209123,23386.52
209122,30263.6
209121,34501.18
209120,26147.94
209119,27396.2
