63126,27236.73
63125,51345.5
63124,45186.53
63123,14656.59
63122,20420.69
63121,17258.38
63120,17682.29
63119,1454.98
63118,35033.75
63117,24270.51
63116,12278.78
63115,13459.74
63114,11689.83
63113,30173.24
63112,30013.95
63111,51636.24
63110,35900.29
63109,30422.88
63108,24919.23
63107,24913.14
63106,24905.66
63105,22428.63
63104,10515.3
63103,29757.88
63102,11841.51
63101,15893.09
63100,15597.52
63099,13833.04
63098,25094.53
63097,45264.37
63096,32189.69
63095,17837.47
63094,21227.6
63093,15296.11
63092,22214.2
63091,15918.16
63090,39659.4
63089,27611.21
63088,7750.99
63087,14827.45
63086,19113.54
63085,35677.92
63084,48970.69
63083,63655.85
63082,38841.03
63081,33959.79
63080,17006.59
63079,30601.51
63078,20770.98
63077,32253.5
63076,52830.01
63075,38930.02
63074,16585.97
63073,13685.11
63072,14713.98
63071,15209.96
63070,30452.98
63069,46842.83
63068,33362.0
63067,29058.7
63066,17095.73
63065,16352.88
63064,38910.91
63063,39645.78
63062,65988.34
63061,60048.29
63060,35406.19
63059,39717.17
63058,54686.64
63057,30169.13
63056,38260.18
63055,60874.0
63054,48364.74
63053,18737.41
63052,20356.39
63051,33006.67
63050,33263.98
63049,43056.25
63048,71028.99
63047,49834.59
63046,31858.27
63045,37001.37
63044,44923.91
63043,32005.17
63042,54416.61
63041,75837.02
63040,18957.3
63039,15999.84
63038,18056.31
63037,25620.89
63036,27378.56
63035,48265.4
63034,37913.3
63033,798.44
63032,20857.25
63031,29549.14
63030,28034.08
63029,39706.26
63028,65150.15
63027,52460.54
63026,18457.55
63025,1084.21
63024,627.66
63023,160.8
63022,28286.27
63021,43402.9
63020,30874.07
63019,754.11
63018,19951.79
63017,21375.95
63016,39321.48
63015,51511.74
63014,67215.15
63013,52229.47
63012,31211.67
63011,25598.07
63010,35241.38
63009,35967.82
63008,42553.33
63007,64781.52
63006,42059.99
63005,22710.81
63004,27635.84
63003,21813.79
63002,39141.16
63001,45993.04
63000,77401.41
62999,43743.09
62998,20492.83
62997,20766.36
62996,23848.65
62995,23315.04
62994,41353.05
62993,62462.45
62992,53837.02
62991,32423.77
62990,32668.81
62989,41127.4
62988,35981.42
62987,42067.53
62986,60529.02
62985,61400.9
62984,24249.39
62983,31159.82
62982,26450.11
62981,37880.22
62980,49058.65
62979,70510.61
62978,48393.22
62977,61228.0
62976,28738.91
62975,29387.28
62974,32331.3
62973,34928.27
62972,47965.17
62971,50196.73
62970,22779.58
62969,42130.32
62968,41296.69
62967,43021.94
62966,50568.93
62965,66056.66
62964,55209.72
62963,34764.43
62962,33551.25
62961,32908.58
62960,46052.66
62959,53485.72
62958,69523.47
62957,48837.06
62956,22687.61
62955,23989.71
62954,21991.9
62953,29062.23
62952,38825.86
62951,41596.28
62950,46601.19
62949,21865.71
62948,20299.04
62947,26591.79
62946,32078.39
62945,28433.51
62944,37364.19
62943,32123.77
62942,23144.88
