146544,28316.5
146543,34207.44
146542,29406.81
146541,14235.46
146540,13410.67
146539,13593.13
146538,19556.93
146537,1017.12
146536,28976.66
146535,23086.33
146534,13598.52
146533,18112.79
146532,11240.47
146531,17571.89
146530,21856.79
146529,34190.21
146528,28738.01
146527,23278.16
146526,15616.92
146525,15942.33
146524,13172.41
146523,16025.16
146522,34687.41
146521,26646.75
146520,8410.35
146519,9063.68
146518,11622.91
146517,11300.06
146516,18267.97
146515,27628.12
146514,24037.52
146513,15682.41
146512,15514.93
146511,14704.19
146510,13066.11
146509,18917.39
146508,23776.52
146507,20538.51
146506,12873.29
146505,14393.3
146504,15033.21
146503,25610.37
146502,29458.48
146501,55180.13
146500,37164.36
146499,27531.47
146498,17238.77
146497,22572.16
146496,16388.41
146495,24457.0
146494,43027.58
146493,31787.79
146492,16712.45
146491,14153.32
146490,12559.72
146489,11446.7
146488,21717.41
146487,40822.06
146486,27245.97
146485,21205.56
146484,14374.71
146483,19472.43
146482,25838.49
146481,26319.4
146480,48820.29
146479,39775.77
146478,24119.85
146477,19494.77
146476,30142.6
146475,26489.73
146474,23937.34
146473,46530.48
146472,33459.83
146471,17479.14
146470,20029.29
146469,29306.95
146468,20189.37
146467,26810.0
146466,42660.91
146465,37211.84
146464,19093.09
146463,21009.23
146462,25981.88
146461,25035.25
146460,50060.31
146459,61048.74
146458,20692.31
146457,12820.09
146456,13817.02
146455,19362.38
146454,20806.08
146453,35338.57
146452,28542.87
146451,443.25
146450,16239.38
146449,25289.08
146448,26061.85
146447,33297.8
146446,53116.15
146445,44536.52
146444,16035.8
146443,16606.27
146442,17874.99
146441,18531.86
146440,24253.5
146439,36730.91
146438,28514.42
146437,14851.77
146436,15129.51
146435,18633.93
146434,27345.33
146433,28194.14
146432,48173.14
146431,34972.16
146430,19760.28
146429,19257.5
146428,28294.65
146427,24600.12
146426,688.43
146425,54276.38
146424,37902.04
146423,18887.2
146422,20758.94
146421,21868.46
146420,28536.91
146419,36603.67
146418,61201.84
146417,36795.5
146416,21663.12
146415,20099.42
146414,20535.21
146413,24344.76
146412,36627.05
146411,52782.25
146410,38382.7
146409,23573.89
146408,24768.9
146407,28521.51
146406,17661.1
146405,33234.37
146404,50535.95
146403,42423.71
146402,16446.04
146401,20375.25
146400,26184.06
146399,287.24
146398,27917.89
146397,45238.22
146396,29207.86
146395,39874.49
146394,14835.62
146393,21994.86
146392,16351.74
146391,24367.39
146390,38499.58
146389,39382.87
146388,18080.89
146387,27063.53
146386,25313.93
146385,23781.74
146384,30743.35
146383,47606.24
146382,36495.11
146381,21409.57
146380,22267.15
146379,26752.24
146378,28307.64
146377,27310.37
146376,60203.05
146375,43355.24
146374,19119.26
146373,19962.76
146372,20650.15
146371,19100.02
146370,31609.09
146369,32960.45
146368,36541.16
146367,18159.34
146366,13773.41
146365,19403.92
146364,22878.94
146363,26000.46
146362,42199.2
146361,26519.39
146360,24621.43
