35676,31287.1
35675,71897.35
35674,52242.91
35673,16999.65
35672,17430.09
35671,17115.54
35670,14224.46
35669,1426.5
35668,41259.78
35667,23693.59
35666,16795.8
35665,13547.92
35664,18132.99
35663,27605.31
35662,38282.62
35661,61428.04
35660,39140.68
35659,47914.24
35658,21731.1
35657,24613.55
35656,28219.04
35655,26785.13
35654,56537.05
35653,52780.91
35652,15186.57
35651,15097.96
35650,17790.51
35649,13929.81
35648,31145.66
35647,53811.34
35646,46315.97
35645,18314.34
35644,18342.58
35643,22254.35
35642,26820.06
35641,27354.58
35640,49887.16
35639,33287.04
35638,17132.77
35637,19404.73
35636,18552.49
35635,38676.01
35634,59297.72
35633,86479.86
35632,65020.04
35631,50914.48
35630,23589.1
35629,36375.44
35628,28609.06
35627,48718.94
35626,64178.11
35625,61073.83
35624,19052.56
35623,20497.28
35622,20437.72
35621,15683.85
35620,35231.01
35619,61309.71
35618,41342.66
35617,33434.93
35616,18868.74
35615,15874.17
35614,62159.43
35613,63172.66
35612,94851.44
35611,86896.98
35610,47053.89
35609,51856.95
35608,83233.13
35607,28111.09
35606,39929.8
35605,65127.6
35604,60132.56
35603,19948.74
35602,23239.88
35601,49226.93
35600,34340.3
35599,47656.49
35598,102940.58
35597,60164.91
35596,44728.31
35595,49596.97
35594,64610.08
35593,43842.31
35592,69353.57
35591,90591.76
35590,-13.99
35589,16058.72
35588,17847.19
35587,22937.92
35586,21666.76
35585,37965.93
35584,52422.08
35583,41353.19
35582,12367.09
35581,17356.83
35580,34862.12
35579,30485.35
35578,40858.02
35577,66781.17
35576,58256.0
35575,464.36
35574,18725.17
35573,20497.05
35572,29265.15
35571,35351.0
35570,48637.9
35569,46410.4
35568,23558.02
35567,24132.01
35566,23630.93
35565,63756.65
35564,64710.13
35563,98045.48
35562,68512.71
35561,37697.86
35560,45485.04
35559,47935.91
35558,37626.07
35557,38.39
35556,101754.79
35555,52480.47
35554,25208.48
35553,31346.33
35552,29842.25
35551,50077.36
35550,53275.22
35549,88326.31
35548,48722.35
35547,18861.71
35546,25165.32
35545,23911.53
35544,26375.72
35543,65301.02
35542,87128.43
35541,78799.76
35540,41961.74
35539,38060.45
35538,48029.07
35537,44310.76
35536,53554.08
35535,88660.55
35534,73841.28
35533,22596.4
35532,25959.78
35531,32816.11
35530,131.93
35529,58233.33
35528,68039.31
35527,60977.03
35526,63191.78
35525,33853.79
35524,34223.49
35523,42047.42
35522,44210.7
35521,60970.37
35520,58926.85
35519,26246.61
35518,55691.83
35517,51446.93
35516,45085.03
35515,56104.02
35514,75205.65
35513,67482.94
35512,42605.81
35511,43191.9
35510,48041.03
35509,56127.99
35508,61219.01
35507,79941.56
35506,57660.81
35505,30919.58
35504,45945.46
35503,31496.66
35502,38052.99
35501,49814.81
35500,52309.67
35499,61382.01
35498,20255.82
35497,20534.82
35496,25006.32
35495,31282.7
35494,40019.4
35493,43998.68
35492,35343.39
35491,29208.12
