165150,15690.95
165149,28299.59
165148,32684.37
165147,11832.55
165146,10251.7
165145,11130.22
165144,15189.08
165143,233.45
165142,21554.87
165141,20379.67
165140,8148.24
165139,10561.68
165138,9848.62
165137,13452.76
165136,17682.04
165135,26491.47
165134,22621.3
165133,18585.75
165132,12107.98
165131,14091.13
165130,13433.85
165129,14036.21
165128,22014.16
165127,19230.53
165126,8922.55
165125,7328.87
165124,8732.12
165123,11442.89
165122,20871.97
165121,28937.1
165120,21598.02
165119,13045.96
165118,15346.42
165117,15274.16
165116,16506.89
165115,18885.48
165114,27005.88
165113,21927.04
165112,13641.59
165111,17368.36
165110,19025.12
165109,34466.3
165108,39880.64
165107,50441.66
165106,35004.21
165105,27411.43
165104,18414.55
165103,19048.2
165102,16751.71
165101,24391.56
165100,37327.38
165099,31360.79
165098,15836.99
165097,14225.37
165096,13701.35
165095,17031.18
165094,24660.97
165093,36082.16
165092,22393.5
165091,22358.83
165090,15925.83
165089,16269.16
165088,31007.1
165087,33024.3
165086,45487.07
165085,38183.96
165084,22277.79
165083,26067.83
165082,43061.85
165081,23497.22
165080,22724.48
165079,33568.87
165078,37831.43
165077,13098.51
165076,13342.37
165075,25370.04
165074,24546.85
165073,32511.52
165072,44554.17
165071,38024.29
165070,22468.11
165069,26808.76
165068,36441.19
165067,31115.85
165066,42711.47
165065,60387.89
165064,17394.53
165063,11884.62
165062,14937.06
165061,18754.26
165060,27462.31
165059,32737.38
165058,30050.75
165057,530.76
165056,12772.02
165055,29206.36
165054,24031.81
165053,32245.0
165052,47352.13
165051,35171.43
165050,13192.84
165049,1062.45
165048,294.11
165047,48.86
165046,20647.85
165045,29755.7
165044,26790.89
165043,645.59
165042,11194.34
165041,12670.07
165040,28119.37
165039,31994.17
165038,38854.14
165037,35089.59
165036,13783.82
165035,18572.0
165034,21282.68
165033,21423.37
165032,32063.18
165031,55086.13
165030,29748.12
165029,21125.38
165028,22917.5
165027,20021.71
165026,32369.81
165025,39814.72
165024,68641.25
165023,44529.13
165022,16252.6
165021,17898.18
165020,16584.45
165019,20026.04
165018,44144.16
165017,43704.6
165016,34622.47
165015,19217.72
165014,21050.24
165013,26841.7
165012,26036.61
165011,34503.84
165010,48533.43
165009,41078.65
165008,21354.63
165007,19200.37
165006,20247.75
165005,29110.1
165004,30581.96
165003,41117.29
165002,30120.15
165001,39629.31
165000,17650.61
164999,19215.87
164998,23438.2
164997,30439.5
164996,34870.2
164995,33778.6
164994,21180.81
164993,32189.68
164992,30486.35
164991,30544.85
164990,35648.13
164989,43038.6
164988,36182.46
164987,20310.5
164986,23776.96
164985,24659.71
164984,35080.51
164983,45262.16
164982,58023.65
164981,43934.44
164980,13476.92
164979,20790.86
164978,18558.49
164977,20508.4
164976,32914.0
164975,32335.3
164974,36724.84
164973,14549.87
164972,10838.75
164971,16667.23
164970,20783.29
164969,26885.71
164968,39897.38
164967,31323.76
164966,21086.06
