103821,27110.38
103820,43046.26
103819,40259.92
103818,11427.63
103817,17689.2
103816,16487.6
103815,19021.69
103814,874.66
103813,33719.11
103812,17320.87
103811,13732.37
103810,10250.6
103809,11933.34
103808,23944.15
103807,24200.57
103806,35474.25
103805,28336.38
103804,27391.48
103803,18590.27
103802,11624.3
103801,16604.41
103800,17693.12
103799,40247.9
103798,30746.69
103797,13714.08
103796,13031.22
103795,12859.84
103794,15076.28
103793,28231.2
103792,45012.52
103791,30886.44
103790,16113.96
103789,16074.08
103788,19843.41
103787,18013.21
103786,24657.17
103785,38312.1
103784,22619.49
103783,10830.74
103782,13891.43
103781,18559.31
103780,34578.27
103779,48474.07
103778,74672.68
103777,36522.64
103776,27695.91
103775,21480.68
103774,30142.67
103773,21061.46
103772,32477.23
103771,55477.86
103770,43873.04
103769,16667.56
103768,18613.19
103767,18655.32
103766,15102.78
103765,24405.42
103764,46092.8
103763,27912.49
103762,24646.75
103761,14077.04
103760,15310.4
103759,29255.37
103758,46462.11
103757,66814.32
103756,50908.99
103755,27554.38
103754,37740.5
103753,51929.2
103752,24203.32
103751,33993.96
103750,52942.45
103749,45630.55
103748,18896.92
103747,18915.62
103746,39034.94
103745,30710.18
103744,40221.48
103743,59854.7
103742,46406.8
103741,31035.32
103740,27520.2
103739,41218.87
103738,34257.26
103737,51829.56
103736,69243.93
103735,16288.6
103734,17981.37
103733,20158.21
103732,20639.59
103731,32724.89
103730,37107.33
103729,33113.98
103728,489.91
103727,14301.99
103726,27413.27
103725,26405.99
103724,37151.63
103723,51931.11
103722,48311.2
103721,16443.16
103720,1028.12
103719,654.5
103718,167.72
103717,24334.98
103716,41285.6
103715,35318.77
103714,468.04
103713,20993.72
103712,21561.68
103711,40346.19
103710,49200.56
103709,57670.78
103708,44378.95
103707,21798.22
103706,31647.35
103705,33131.71
103704,28668.44
103703,39344.43
103702,66321.4
103701,38945.6
103700,21496.11
103699,21427.45
103698,25525.82
103697,40454.7
103696,41073.86
103695,59004.94
103694,49688.47
103693,16920.76
103692,17880.24
103691,19572.14
103690,19613.84
103689,46685.42
103688,52399.88
103687,42000.05
103686,27821.18
103685,25013.35
103684,28504.21
103683,26826.23
103682,40288.1
103681,52142.54
103680,47732.33
103679,23739.53
103678,22160.56
103677,25273.4
103676,32855.36
103675,42399.99
103674,54114.94
103673,42721.77
103672,48286.41
103671,21972.54
103670,26351.67
103669,28200.29
103668,36577.3
103667,41234.39
103666,27490.63
103665,17393.5
103664,36669.28
103663,35223.2
103662,37553.21
103661,47319.81
103660,57410.4
103659,51267.13
103658,27007.52
103657,31224.15
103656,26901.9
103655,30620.36
103654,45552.09
103653,52813.16
103652,43705.24
103651,17373.93
103650,24899.39
103649,20793.64
103648,22947.23
103647,38200.63
103646,37242.85
103645,36923.92
103644,17264.66
103643,12970.78
103642,20973.51
103641,20715.36
103640,27414.06
103639,30893.56
103638,22342.0
103637,24668.83
