197125,35406.21
197124,50099.13
197123,40082.89
197122,20860.76
197121,17699.86
197120,18052.4
197119,13756.75
197118,787.32
197117,34072.37
197116,26363.72
197115,15480.03
197114,17910.77
197113,19121.46
197112,22892.56
197111,30916.96
197110,42621.63
197109,29513.65
197108,37034.13
197107,17926.23
197106,16803.94
197105,22162.04
197104,22429.69
197103,43981.94
197102,22625.68
197101,13397.02
197100,15102.84
197099,18366.18
197098,16816.71
197097,28318.39
197096,44257.69
197095,22594.93
197094,5916.65
197093,7753.79
197092,17776.71
197091,19637.28
197090,23174.61
197089,44793.32
197088,18168.67
197087,21970.74
197086,24919.08
197085,27498.01
197084,45239.85
197083,55320.57
197082,76254.31
197081,48530.35
197080,43093.55
197079,29799.04
197078,34593.32
197077,20842.8
197076,37976.18
197075,57842.09
197074,45607.27
197073,21138.76
197072,18389.62
197071,22409.58
197070,20502.54
197069,27107.66
197068,47013.65
197067,38618.24
197066,27012.28
197065,20283.19
197064,25192.06
197063,36828.48
197062,43329.55
197061,75021.58
197060,62207.85
197059,35432.0
197058,41272.39
197057,53141.77
197056,34640.62
197055,38987.12
197054,55602.97
197053,47732.59
197052,23313.93
197051,23945.88
197050,37513.32
197049,33044.31
197048,29474.41
197047,65686.17
197046,47101.51
197045,35707.54
197044,39538.89
197043,16746.4
197042,35243.74
197041,45236.47
197040,44822.65
197039,-56.07
197038,24391.73
197037,24130.29
197036,19799.68
197035,21419.36
197034,30495.99
197033,47507.22
197032,41002.03
197031,25.48
197030,21919.51
197029,38146.65
197028,34407.42
197027,40853.7
197026,61864.75
197025,55351.92
197024,15259.09
197023,25.53
197022,28468.7
197021,17870.52
197020,34364.35
197019,12.95
197018,18616.13
197017,23251.62
197016,41077.86
197015,48500.71
197014,59592.81
197013,54054.0
197012,36416.37
197011,26186.36
197010,32734.91
197009,29473.44
197008,28087.03
197007,77473.7
197006,39300.4
197005,28524.52
197004,28037.43
197003,28662.45
197002,35355.93
197001,46154.32
197000,72918.58
196999,49829.9
196998,21731.28
196997,24623.16
196996,24866.67
196995,26854.71
196994,48806.2
196993,58689.06
196992,54200.92
196991,26130.07
196990,37051.83
196989,40117.82
196988,34299.42
196987,44599.31
196986,61797.99
196985,65109.15
196984,25971.52
196983,28275.51
196982,28590.13
196981,35699.94
196980,40634.83
196979,50701.68
196978,43118.65
196977,45464.39
196976,28532.02
196975,26877.13
196974,30577.43
196973,33075.2
196972,42593.31
196971,45523.82
196970,25695.67
196969,37044.16
196968,41302.04
196967,40300.41
196966,46693.15
196965,61545.74
196964,53086.06
196963,35652.81
196962,38074.63
196961,39995.52
196960,39386.76
196959,47960.68
196958,53116.13
196957,48013.26
196956,24940.57
196955,26505.82
196954,29296.45
196953,29199.34
196952,38150.86
196951,40525.02
196950,43669.38
196949,20264.18
196948,19503.48
196947,24477.82
196946,27960.46
196945,28593.28
196944,34290.86
196943,29579.52
196942,19735.68
