131985,21642.91
131984,38601.46
131983,22217.02
131982,11769.13
131981,10269.69
131980,11630.58
131979,11401.6
131978,639.56
131977,23240.86
131976,12773.42
131975,8368.53
131974,8451.22
131973,9214.43
131972,13592.07
131971,14022.0
131970,32577.36
131969,19219.97
131968,22212.94
131967,12999.89
131966,10723.93
131965,10298.34
131964,9322.73
131963,27388.82
131962,17240.19
131961,9405.86
131960,9518.14
131959,8969.16
131958,8722.49
131957,18520.01
131956,30519.92
131955,17006.75
131954,11164.63
131953,10768.05
131952,11067.22
131951,16192.86
131950,18032.83
131949,33646.74
131948,15635.53
131947,10128.87
131946,11985.48
131945,14763.94
131944,24353.32
131943,31463.03
131942,55676.05
131941,28185.85
131940,16765.33
131939,14985.59
131938,20433.07
131937,13946.58
131936,23173.74
131935,40082.43
131934,19578.6
131933,11430.17
131932,7200.63
131931,9852.23
131930,12290.6
131929,17030.32
131928,31119.47
131927,13734.24
131926,17116.16
131925,12265.07
131924,12397.67
131923,20460.6
131922,30730.29
131921,51111.66
131920,33905.42
131919,20538.78
131918,20269.03
131917,27403.4
131916,20911.23
131915,24733.17
131914,46937.35
131913,30456.32
131912,14783.55
131911,16571.24
131910,27638.6
131909,24292.81
131908,31379.31
131907,57701.68
131906,24455.61
131905,20967.96
131904,23593.12
131903,23899.67
131902,20797.61
131901,44254.06
131900,51950.15
131899,14107.34
131898,10594.84
131897,12988.95
131896,12291.95
131895,15259.95
131894,35350.7
131893,19724.96
131892,11914.63
131891,11724.98
131890,20195.77
131889,18176.41
131888,32189.89
131887,38926.15
131886,27341.83
131885,746.31
131884,9766.95
131883,11709.78
131882,13159.39
131881,18033.65
131880,31308.15
131879,17805.55
131878,12372.22
131877,13447.17
131876,14636.86
131875,23345.56
131874,26535.23
131873,38493.25
131872,23715.01
131871,20087.19
131870,18406.46
131869,16994.13
131868,21098.82
131867,261.81
131866,47446.79
131865,23215.01
131864,15243.68
131863,18358.83
131862,22198.25
131861,24371.93
131860,31908.49
131859,50001.57
131858,21897.69
131857,11858.44
131856,13584.93
131855,15184.25
131854,13109.33
131853,33586.31
131852,41436.1
131851,27011.11
131850,19859.94
131849,20308.37
131848,20835.8
131847,21050.83
131846,27252.76
131845,42594.07
131844,28653.63
131843,16738.01
131842,16614.47
131841,15957.76
131840,160.17
131839,24377.36
131838,32845.75
131837,20114.14
131836,26761.14
131835,12969.2
131834,13683.57
131833,19891.31
131832,22124.23
131831,29956.14
131830,19269.91
131829,14352.66
131828,21028.93
131827,17563.41
131826,19638.75
131825,26523.34
131824,34304.61
131823,20943.2
131822,19113.05
131821,17683.73
131820,15108.33
131819,26434.49
131818,29218.86
131817,47238.74
131816,24205.73
131815,14148.28
131814,11986.52
131813,14841.7
131812,15034.32
131811,23224.66
131810,27123.03
131809,19518.11
131808,10548.83
131807,10127.3
131806,13324.37
131805,18687.19
131804,20863.74
131803,26593.77
131802,16011.92
131801,12849.83
