159584,22917.04
159583,30214.08
159582,24512.16
159581,11728.99
159580,13385.0
159579,10574.02
159578,10286.65
159577,285.2
159576,22023.15
159575,20272.99
159574,11033.29
159573,10649.13
159572,9086.25
159571,21101.2
159570,20043.17
159569,24019.14
159568,18367.14
159567,21262.61
159566,14378.67
159565,14756.75
159564,14484.6
159563,17003.42
159562,26862.53
159561,18712.99
159560,9327.04
159559,8792.94
159558,12322.9
159557,9181.34
159556,21954.68
159555,28136.93
159554,16895.29
159553,10245.79
159552,13424.6
159551,14052.76
159550,16858.56
159549,18380.56
159548,25961.2
159547,15015.61
159546,13109.44
159545,15813.2
159544,14236.72
159543,31268.51
159542,36576.04
159541,43362.33
159540,28740.81
159539,28192.75
159538,17894.73
159537,19476.79
159536,10776.32
159535,23196.96
159534,35593.98
159533,25948.3
159532,14437.21
159531,11379.55
159530,14672.61
159529,14690.5
159528,21920.61
159527,30243.63
159526,17886.59
159525,22297.27
159524,14482.53
159523,17633.32
159522,28262.66
159521,33695.91
159520,40718.63
159519,27638.8
159518,26582.0
159517,26391.47
159516,35505.86
159515,17870.1
159514,25586.07
159513,35394.47
159512,23792.74
159511,14540.03
159510,11850.66
159509,26289.47
159508,23398.08
159507,27459.85
159506,42816.92
159505,26745.64
159504,20699.18
159503,24991.14
159502,29077.27
159501,20146.54
159500,29943.06
159499,41358.75
159498,15117.8
159497,14825.84
159496,12717.64
159495,17191.19
159494,21499.02
159493,24234.8
159492,19120.61
159491,547.96
159490,15294.52
159489,26613.54
159488,20212.85
159487,30684.43
159486,39062.67
159485,33941.6
159484,11714.48
159483,13384.27
159482,14640.6
159481,18507.57
159480,23079.41
159479,28316.52
159478,20457.71
159477,10534.22
159476,13164.98
159475,16406.7
159474,32311.64
159473,34929.65
159472,34414.75
159471,28731.81
159470,19677.51
159469,21915.96
159468,22708.81
159467,23448.38
159466,481.17
159465,36240.49
159464,21794.67
159463,13835.27
159462,16373.64
159461,19338.83
159460,26479.28
159459,31638.61
159458,46992.42
159457,31348.25
159456,16259.42
159455,17762.99
159454,18001.5
159453,15386.33
159452,42322.32
159451,39514.9
159450,31939.86
159449,29126.6
159448,24373.16
159447,27767.54
159446,28088.46
159445,29652.22
159444,35620.22
159443,35001.25
159442,17737.68
159441,14746.02
159440,14302.46
159439,440.61
159438,27491.75
159437,31041.86
159436,27748.74
159435,31564.45
159434,15865.05
159433,16249.19
159432,22992.3
159431,29540.33
159430,34770.5
159429,25101.57
159428,15501.02
159427,35199.86
159426,27194.32
159425,28247.55
159424,30283.95
159423,40386.18
159422,27833.04
159421,20920.2
159420,21705.15
159419,27145.36
159418,27286.36
159417,35357.59
159416,41286.52
159415,31688.15
159414,15502.41
159413,18062.04
159412,17867.1
159411,17217.46
159410,27040.71
159409,28859.52
159408,28089.12
159407,15055.31
159406,10254.27
159405,16535.27
159404,21834.85
159403,23836.35
159402,21779.13
159401,23106.73
159400,18669.03
