72554,30150.2
72553,38360.25
72552,28944.74
72551,14079.57
72550,13365.36
72549,12932.8
72548,14908.17
72547,631.97
72546,25204.4
72545,20211.27
72544,10816.37
72543,9503.78
72542,13250.17
72541,20851.21
72540,20122.75
72539,34531.38
72538,23673.02
72537,26286.43
72536,14805.29
72535,4504.77
72534,12011.36
72533,12069.42
72532,21838.16
72531,25389.57
72530,10297.63
72529,9718.65
72528,12196.53
72527,11723.95
72526,19215.7
72525,33044.79
72524,22378.35
72523,14991.53
72522,12179.61
72521,15791.01
72520,17023.02
72519,25689.21
72518,33707.95
72517,21888.06
72516,12949.24
72515,10997.86
72514,19234.02
72513,38843.54
72512,40091.22
72511,72129.28
72510,36934.64
72509,21868.22
72508,21682.89
72507,20342.43
72506,20331.08
72505,31788.63
72504,58581.49
72503,30258.56
72502,13407.2
72501,13904.2
72500,15567.69
72499,14381.84
72498,25288.62
72497,46766.74
72496,22598.63
72495,20530.36
72494,12829.53
72493,16438.8
72492,32251.17
72491,42919.78
72490,68360.06
72489,40189.59
72488,27440.43
72487,34651.9
72486,38123.28
72485,27256.58
72484,36026.46
72483,57117.71
72482,46144.13
72481,14642.93
72480,20864.26
72479,39078.16
72478,29878.3
72477,45334.19
72476,68218.39
72475,43352.38
72474,27160.52
72473,32037.07
72472,33093.68
72471,27741.41
72470,61612.83
72469,71711.0
72468,-59.19
72467,15427.34
72466,17586.62
72465,19103.31
72464,18028.71
72463,26366.24
72462,37160.67
72461,27896.37
72460,0.33
72459,15898.74
72458,27357.61
72457,26098.49
72456,40831.18
72455,51688.94
72454,34503.38
72453,11711.79
72452,84.3
72451,23632.47
72450,34904.67
72449,30238.13
72448,13.26
72447,14868.71
72446,15500.3
72445,32095.24
72444,40861.45
72443,52539.43
72442,35167.58
72441,22810.77
72440,24962.95
72439,25638.98
72438,26508.48
72437,40200.55
72436,59292.91
72435,36957.6
72434,20337.97
72433,28139.83
72432,22627.0
72431,32707.96
72430,43425.28
72429,61789.89
72428,35445.18
72427,14523.1
72426,18667.79
72425,18968.73
72424,18372.4
72423,43012.89
72422,57686.22
72421,34799.59
72420,27618.38
72419,27167.75
72418,26374.02
72417,31070.67
72416,31882.1
72415,58973.85
72414,37284.64
72413,18287.08
72412,22337.62
72411,18311.33
72410,34993.72
72409,36480.09
72408,46189.62
72407,37547.68
72406,39561.8
72405,20522.9
72404,15873.64
72403,24938.4
72402,28546.08
72401,36405.77
72400,30462.65
72399,14538.83
72398,34317.85
72397,34159.78
72396,27163.42
72395,35713.21
72394,54949.02
72393,32626.39
72392,25349.04
72391,24914.71
72390,22998.01
72389,31568.68
72388,38090.0
72387,49377.66
72386,31135.12
72385,15670.37
72384,17208.65
72383,21758.53
72382,20016.67
72381,29575.45
72380,38997.25
72379,32754.97
72378,14112.31
72377,12660.29
72376,16228.7
72375,23853.08
72374,25666.63
72373,32873.66
72372,24031.17
72371,17476.22
