186761,21269.75
186760,41547.0
186759,32206.25
186758,14164.99
186757,15149.26
186756,11363.95
186755,16199.03
186754,447.94
186753,24718.6
186752,23264.09
186751,10874.55
186750,12693.5
186749,12455.68
186748,21011.7
186747,20261.96
186746,39457.27
186745,27082.34
186744,28346.15
186743,17549.81
186742,16989.67
186741,22606.82
186740,17519.25
186739,44103.06
186738,28161.51
186737,13407.0
186736,11442.78
186735,13630.8
186734,15160.26
186733,27033.51
186732,42003.67
186731,24352.06
186730,15249.84
186729,15827.47
186728,15550.08
186727,20887.53
186726,25112.1
186725,35748.41
186724,28833.47
186723,18257.15
186722,20265.97
186721,22227.54
186720,40527.28
186719,42447.44
186718,65689.61
186717,45460.94
186716,32939.06
186715,22961.8
186714,22974.65
186713,18005.59
186712,29246.52
186711,50881.04
186710,32355.78
186709,16557.75
186708,17102.0
186707,19627.08
186706,18019.81
186705,23217.66
186704,43048.55
186703,26461.27
186702,20345.58
186701,15506.18
186700,18481.27
186699,35505.46
186698,39328.64
186697,60982.88
186696,49204.33
186695,25699.43
186694,33305.08
186693,39303.85
186692,26534.36
186691,30895.37
186690,52857.58
186689,39900.75
186688,14841.73
186687,20096.07
186686,31218.04
186685,30075.45
186684,40019.74
186683,65790.26
186682,45749.19
186681,27215.23
186680,32341.47
186679,35660.05
186678,29752.83
186677,45900.08
186676,60274.94
186675,-19.98
186674,17575.75
186673,17124.2
186672,21388.34
186671,19322.59
186670,26921.73
186669,43879.57
186668,35675.07
186667,695.85
186666,16862.01
186665,28705.96
186664,29659.19
186663,36227.69
186662,57671.1
186661,50131.66
186660,16814.02
186659,1343.34
186658,413.81
186657,252.8
186656,26911.81
186655,44422.4
186654,36416.67
186653,1138.81
186652,16711.53
186651,17957.08
186650,27400.43
186649,41979.47
186648,57134.55
186647,43969.08
186646,23521.06
186645,24527.62
186644,24559.5
186643,24762.05
186642,35984.01
186641,56564.38
186640,42536.5
186639,22469.71
186638,25656.97
186637,19481.76
186636,34395.29
186635,47730.05
186634,74267.73
186633,40015.03
186632,21284.05
186631,19525.54
186630,20294.33
186629,21413.66
186628,35383.38
186627,55333.06
186626,42579.99
186625,22172.98
186624,22176.24
186623,24021.81
186622,25769.8
186621,29455.56
186620,58391.15
186619,48395.65
186618,19384.62
186617,15506.95
186616,22763.39
186615,26006.83
186614,38165.34
186613,45172.83
186612,39511.67
186611,40024.73
186610,18940.63
186609,17302.49
186608,25168.02
186607,27366.86
186606,42243.22
186605,39727.27
186604,18841.18
186603,32933.42
186602,27695.83
186601,26507.92
186600,31027.24
186599,57985.99
186598,44711.48
186597,23234.52
186596,27691.5
186595,26770.3
186594,32501.45
186593,40944.73
186592,56713.66
186591,38359.88
186590,19014.36
186589,13875.88
186588,19564.93
186587,20567.29
186586,26433.08
186585,38494.42
186584,39853.03
186583,15557.41
186582,12587.45
186581,14269.97
186580,21891.43
186579,26440.95
186578,36042.02
186577,26336.29
186576,23624.1
