134863,53998.23
134862,73963.59
134861,26970.02
134860,26328.44
134859,21337.52
134858,5176.67
134857,1805.84
134856,37753.44
134855,19925.42
134854,17256.09
134853,19399.58
134852,31604.77
134851,10683.86
134850,3459.67
134849,37444.25
134848,113323.3
134847,64027.16
134846,29429.65
134845,16449.69
134844,3658.98
134843,1573.74
134842,76119.83
134841,43444.21
134840,21865.84
134839,9782.5
134838,10717.0
134837,1570.61
134836,284.08
134835,129378.0
134834,64390.68
134833,54497.09
134832,6308.89
134831,52165.5
134830,30898.46
134829,1943.68
134828,4119.73
134827,788.18
134826,72615.89
134825,21883.09
134824,28557.28
134823,8675.43
134822,1534.31
134821,43925.02
134820,62566.07
134819,42915.79
134818,22845.32
134817,31119.3
134816,7231.1
134815,1390.17
134814,83968.66
134813,27474.21
134812,17537.26
134811,5456.57
134810,21878.09
134809,1687.09
134808,351.69
134807,63287.05
134806,32556.05
134805,11213.71
134804,9341.88
134803,36802.47
134802,5687.08
134801,1176.76
134800,76065.9
134799,96618.18
134798,46263.56
134797,73004.45
134796,58364.14
134795,13168.31
134794,6252.15
134793,105546.56
134792,64262.27
134791,17569.88
134790,55128.73
134789,46791.65
134788,6343.33
134787,578.96
134786,120410.26
134785,62481.39
134784,46106.09
134783,55895.5
134782,34296.88
134781,3685.86
134780,90962.87
134779,30762.55
134778,5484.36
134777,45604.25
134776,16223.62
134775,1068.68
134774,463.3
134773,55898.39
134772,15751.07
134771,3455.72
134770,33838.03
134769,27014.73
134768,1529.52
134767,286.1
134766,104930.88
134765,13221.63
134764,6447.45
134763,18826.26
134762,21821.82
134761,1218.47
134760,60.22
134759,86797.03
134758,21108.0
134757,2512.43
134756,24652.6
134755,61044.44
134754,5980.43
134753,202.81
134752,116481.52
134751,59601.06
134750,56572.06
134749,48806.91
134748,40117.75
134747,2322.97
134746,31.94
134745,96342.82
134744,16785.37
134743,12862.92
134742,13407.93
134741,35978.66
134740,2012.1
134739,409.21
134738,139574.15
134737,20888.34
134736,2485.99
134735,67774.5
134734,7771.38
134733,804.36
134732,17.17
134731,155520.13
134730,54879.57
134729,15017.08
134728,74196.27
134727,34448.48
134726,928.13
134725,100.25
134724,133136.92
134723,46533.28
134722,13035.21
134721,24628.47
134720,29276.56
134719,3975.36
134718,1274.6
134717,67.32
134716,1761.48
134715,89132.74
134714,58398.12
134713,16057.95
134712,2255.02
134711,490.37
134710,32844.61
134709,3079.52
134708,2054.03
134707,56317.0
134706,22006.5
134705,4881.0
134704,859.19
134703,83067.47
134702,33042.26
134701,8186.91
134700,31828.73
134699,20979.04
134698,1502.36
134697,359.58
134696,74358.88
134695,15900.35
134694,7436.76
134693,11973.83
134692,13784.67
134691,1890.33
134690,42.28
134689,41058.71
134688,12164.35
134687,3125.05
134686,18873.53
134685,24272.57
134684,875.43
134683,86.77
