161313,20708.88
161312,33216.94
161311,34141.96
161310,10870.43
161309,10931.04
161308,14346.97
161307,11516.86
161306,618.42
161305,25733.25
161304,22200.08
161303,10745.46
161302,11478.02
161301,12919.26
161300,20685.83
161299,23225.48
161298,29523.2
161297,21201.47
161296,22976.91
161295,15176.71
161294,15895.55
161293,13065.14
161292,13619.47
161291,26388.59
161290,24824.66
161289,10217.18
161288,13148.04
161287,15336.36
161286,13205.54
161285,17808.48
161284,33141.84
161283,24825.33
161282,12442.53
161281,15924.11
161280,15727.66
161279,19196.67
161278,22257.67
161277,26602.17
161276,18940.79
161275,15860.51
161274,13662.02
161273,18372.56
161272,30001.25
161271,38512.86
161270,55400.46
161269,42632.7
161268,34671.87
161267,25577.27
161266,29986.49
161265,18712.16
161264,24808.18
161263,39115.53
161262,33380.89
161261,17974.29
161260,15409.59
161259,18873.33
161258,16102.58
161257,25231.74
161256,34757.55
161255,31502.48
161254,23982.39
161253,20878.84
161252,18474.81
161251,30644.85
161250,34982.63
161249,47670.45
161248,42085.78
161247,24271.61
161246,28062.07
161245,34695.45
161244,23198.5
161243,25095.32
161242,37315.99
161241,40463.05
161240,14455.83
161239,21604.91
161238,30510.98
161237,30661.59
161236,31862.81
161235,47474.53
161234,42424.1
161233,25529.2
161232,26303.92
161231,30279.46
161230,23063.2
161229,35486.84
161228,54689.74
161227,19827.01
161226,19206.64
161225,17537.74
161224,19644.42
161223,28084.24
161222,32292.19
161221,31099.32
161220,16235.77
161219,15649.59
161218,24751.98
161217,22197.52
161216,29186.41
161215,43964.41
161214,40651.08
161213,781.2
161212,18373.43
161211,18426.5
161210,20367.31
161209,24380.42
161208,34821.07
161207,30383.89
161206,14400.62
161205,16667.04
161204,21462.98
161203,24819.71
161202,34490.56
161201,45289.01
161200,38706.49
161199,23365.12
161198,20100.71
161197,21660.16
161196,21996.76
161195,656.37
161194,47742.92
161193,32427.45
161192,20178.96
161191,20930.2
161190,21317.45
161189,31728.08
161188,33326.5
161187,58407.06
161186,41400.59
161185,15928.28
161184,18756.84
161183,20006.92
161182,18514.12
161181,34916.89
161180,40690.96
161179,42203.74
161178,20736.93
161177,22991.85
161176,22657.41
161175,27588.23
161174,29564.2
161173,49292.4
161172,49624.05
161171,20133.85
161170,20341.12
161169,22619.19
161168,106.58
161167,30677.36
161166,40677.72
161165,34462.06
161164,38247.63
161163,15873.83
161162,16855.46
161161,20928.32
161160,20493.1
161159,29884.99
161158,31769.88
161157,13378.26
161156,26135.54
161155,22965.01
161154,24919.87
161153,26914.94
161152,42905.46
161151,36998.88
161150,21007.32
161149,23084.22
161148,16536.2
161147,24562.4
161146,30717.7
161145,42387.93
161144,31955.59
161143,14481.15
161142,14155.28
161141,14726.45
161140,18362.24
161139,27169.59
161138,31663.31
161137,34734.2
161136,17628.56
161135,11804.12
161134,14537.07
161133,16826.31
161132,21113.81
161131,27253.9
161130,23997.34
161129,23420.23
