2882,29701.05
2881,53584.97
2880,32243.56
2879,8839.69
2878,11250.97
2877,15431.52
2876,11721.47
2875,618.7
2874,29171.17
2873,19144.97
2872,9742.26
2871,6019.08
2870,9985.58
2869,17973.56
2868,22052.79
2867,38694.25
2866,27851.25
2865,23273.66
2864,12066.96
2863,13661.24
2862,14489.56
2861,16413.13
2860,42506.63
2859,23640.34
2858,11021.84
2857,8200.38
2856,12396.86
2855,11591.29
2854,20117.02
2853,37716.68
2852,21741.46
2851,14741.52
2850,12071.25
2849,11739.87
2848,16476.37
2847,22240.24
2846,39447.69
2845,19151.46
2844,11830.89
2843,8547.62
2842,13318.82
2841,32067.08
2840,35404.24
2839,55341.97
2838,36194.0
2837,37136.79
2836,9999.81
2835,17001.59
2834,17401.07
2833,30058.57
2832,59658.58
2831,31498.0
2830,15565.31
2829,15138.15
2828,13908.62
2827,15639.06
2826,23431.58
2825,43435.2
2824,29794.18
2823,20827.41
2822,13111.4
2821,10865.38
2820,37250.69
2819,38497.5
2818,74762.36
2817,51893.38
2816,26781.27
2815,33979.31
2814,42000.55
2813,26533.44
2812,32939.33
2811,64490.61
2810,48809.4
2809,14738.88
2808,12423.22
2807,30833.19
2806,26867.05
2805,37644.56
2804,76446.3
2803,44790.62
2802,24376.25
2801,28410.05
2800,33855.21
2799,31456.52
2798,63461.34
2797,63052.98
2796,18482.89
2795,14761.11
2794,17025.13
2793,22208.2
2792,27660.66
2791,52886.94
2790,20574.11
2789,13664.38
2788,29414.74
2787,30195.4
2786,37126.91
2785,58979.99
2784,46008.85
2783,11455.42
2782,14681.85
2781,14739.32
2780,22102.72
2779,29451.58
2778,44419.98
2777,34891.59
2776,19907.48
2775,17726.64
2774,23486.68
2773,39829.56
2772,47494.38
2771,72744.65
2770,36212.34
2769,26221.23
2768,27443.58
2767,25310.98
2766,26722.62
2765,52901.5
2764,30144.04
2763,15070.06
2762,17209.05
2761,25056.09
2760,28285.42
2759,45460.32
2758,58916.46
2757,38494.93
2756,15040.46
2755,14923.39
2754,20072.18
2753,16129.02
2752,51420.11
2751,63326.45
2750,39852.49
2749,24401.44
2748,21725.96
2747,26212.52
2746,23401.94
2745,33489.3
2744,55540.56
2743,40831.07
2742,17684.13
2741,18686.4
2740,22143.96
2739,47985.36
2738,50445.43
2737,38142.79
2736,43625.4
2735,20524.07
2734,25460.55
2733,26926.29
2732,35374.44
2731,40508.84
2730,42976.77
2729,18403.42
2728,36500.18
2727,34024.79
2726,31164.67
2725,35985.6
2724,52194.95
2723,39526.4
2722,23458.56
2721,28332.13
2720,25700.3
2719,39549.18
2718,41248.56
2717,43161.49
2716,31934.73
2715,20362.56
2714,21806.72
2713,26281.42
2712,30689.56
2711,40919.59
2710,33202.8
2709,37628.75
2708,21709.52
2707,16202.05
2706,20604.61
2705,28185.86
2704,32325.8
2703,30974.94
2702,24561.78
2701,18325.99
