72363,19245.82
72362,28744.62
72361,24471.25
72360,10421.73
72359,9337.13
72358,9627.53
72357,8595.98
72356,318.47
72355,20385.21
72354,17306.45
72353,10040.69
72352,8912.26
72351,5408.44
72350,13754.4
72349,13444.29
72348,23624.9
72347,19865.99
72346,17463.9
72345,13488.94
72344,13080.9
72343,13415.16
72342,9623.12
72341,21302.86
72340,21394.43
72339,7889.42
72338,8475.19
72337,9229.65
72336,11615.63
72335,15458.77
72334,27617.95
72333,16923.44
72332,9584.69
72331,10617.94
72330,11371.57
72329,14450.79
72328,17662.09
72327,25664.83
72326,18701.07
72325,9538.1
72324,11371.25
72323,15193.94
72322,28298.7
72321,30435.55
72320,45919.33
72319,30879.1
72318,19354.44
72317,16643.42
72316,20187.77
72315,13243.95
72314,22703.21
72313,32415.29
72312,22770.67
72311,11156.29
72310,10692.0
72309,10001.95
72308,13169.36
72307,14256.04
72306,30714.16
72305,17532.79
72304,14741.66
72303,13566.09
72302,11712.11
72301,19012.02
72300,29033.17
72299,38515.05
72298,31747.07
72297,18902.58
72296,21724.02
72295,32509.7
72294,19234.71
72293,28713.87
72292,40502.26
72291,34568.58
72290,12011.9
72289,14548.71
72288,27034.63
72287,25704.5
72286,28862.81
72285,42122.57
72284,29683.88
72283,19158.89
72282,19323.04
72281,25083.45
72280,20285.65
72279,36361.49
72278,52916.87
72277,14606.71
72276,15101.38
72275,14310.48
72274,21484.27
72273,25686.74
72272,27041.54
72271,22767.58
72270,10950.33
72269,13135.19
72268,21654.15
72267,19784.81
72266,23340.08
72265,35130.04
72264,25731.9
72263,705.57
72262,10747.08
72261,11575.26
72260,11343.85
72259,14654.0
72258,27977.21
72257,20002.62
72256,12331.77
72255,10189.84
72254,11185.82
72253,24353.13
72252,27840.47
72251,39085.6
72250,26805.6
72249,13289.04
72248,12987.65
72247,21351.68
72246,20573.02
72245,1668.63
72244,47747.96
72243,28559.27
72242,15513.08
72241,21126.47
72240,20459.35
72239,28233.56
72238,32310.77
72237,52822.39
72236,31866.68
72235,13453.79
72234,13474.5
72233,15536.5
72232,14394.7
72231,27378.35
72230,36981.12
72229,27684.79
72228,16002.94
72227,17000.88
72226,21567.24
72225,22517.85
72224,23241.41
72223,42308.66
72222,39680.62
72221,16862.43
72220,23328.86
72219,18734.74
72218,193.35
72217,26911.29
72216,37704.92
72215,27372.26
72214,28224.79
72213,12925.45
72212,13916.21
72211,21037.13
72210,23906.98
72209,28596.17
72208,28208.04
72207,10726.66
72206,17703.77
72205,20714.4
72204,26171.42
72203,25146.84
72202,32038.58
72201,28775.51
72200,16493.52
72199,16908.88
72198,17673.82
72197,24327.08
72196,31076.63
72195,44640.95
72194,31214.32
72193,12172.82
72192,14367.54
72191,14575.88
72190,12964.76
72189,23742.48
72188,26637.58
72187,30605.95
72186,14111.87
72185,12015.03
72184,13097.6
72183,17146.66
72182,21112.45
72181,24692.62
72180,18527.86
72179,16601.77
