216020,15801.27
216019,27738.16
216018,17484.82
216017,9688.52
216016,11569.93
216015,8427.49
216014,11946.64
216013,480.76
216012,15819.93
216011,8826.26
216010,7636.71
216009,8600.33
216008,7002.41
216007,13168.68
216006,17380.66
216005,21952.88
216004,12662.5
216003,15052.25
216002,10205.77
216001,12141.64
216000,12590.65
215999,7597.09
215998,7.74
215997,6672.95
215996,6568.69
215995,10079.24
215994,9546.86
215993,10687.06
215992,16246.22
215991,27274.92
215990,13237.7
215989,9699.67
215988,10091.95
215987,8760.24
215986,9647.99
215985,15237.74
215984,22595.21
215983,13569.99
215982,8085.19
215981,9762.01
215980,11397.94
215979,22302.93
215978,27858.7
215977,36392.3
215976,20226.85
215975,6258.54
215974,12632.59
215973,16700.65
215972,10804.06
215971,21503.72
215970,27291.69
215969,16492.32
215968,11787.67
215967,11815.83
215966,10322.44
215965,10052.0
215964,17116.16
215963,31872.94
215962,14388.03
215961,13520.1
215960,11114.79
215959,8617.15
215958,19763.76
215957,19746.1
215956,37800.85
215955,21172.07
215954,18258.73
215953,21997.02
215952,27396.83
215951,19032.19
215950,22131.0
215949,29691.91
215948,21703.18
215947,12545.44
215946,13163.82
215945,18777.66
215944,21792.19
215943,25074.12
215942,35227.89
215941,18896.47
215940,17537.07
215939,18901.15
215938,21532.2
215937,27011.06
215936,34333.85
215935,40931.76
215934,14681.36
215933,12147.33
215932,12441.8
215931,13579.72
215930,21280.44
215929,26955.45
215928,18852.26
215927,8012.4
215926,9088.31
215925,16334.94
215924,16921.28
215923,23353.11
215922,30139.94
215921,22471.49
215920,1228.59
215919,11086.06
215918,11910.75
215917,14014.98
215916,17893.35
215915,25714.25
215914,16695.64
215913,11629.0
215912,15881.13
215911,12769.9
215910,20559.58
215909,26902.84
215908,27758.2
215907,20957.42
215906,16107.72
215905,19237.45
215904,15061.3
215903,16241.95
215902,609.27
215901,28032.79
215900,19922.23
215899,14408.41
215898,15108.51
215897,15821.21
215896,21480.3
215895,24200.79
215894,40445.01
215893,17964.07
215892,13591.09
215891,11851.87
215890,12661.96
215889,11718.73
215888,23682.32
215887,29521.51
215886,18937.45
215885,15793.63
215884,14157.14
215883,15587.34
215882,17377.36
215881,22223.0
215880,29071.27
215879,19057.47
215878,12899.46
215877,17550.17
215876,17517.5
215875,22567.08
215874,29210.22
215873,34207.19
215872,20254.78
215871,28922.41
215870,15259.79
215869,14512.47
215868,20243.29
215867,23185.46
215866,27057.73
215865,22942.05
215864,14789.61
215863,21760.11
215862,19118.1
215861,18760.32
215860,24605.11
215859,30226.68
215858,19746.95
215857,17731.19
215856,18095.64
215855,18637.07
215854,20602.61
215853,30653.41
215852,29419.55
215851,15820.24
215850,13318.83
215849,12354.21
215848,14246.35
215847,15581.44
215846,20824.6
215845,20800.45
215844,16607.16
215843,11873.98
215842,11690.79
215841,14499.57
215840,14397.34
215839,19884.01
215838,21679.56
215837,16707.01
215836,13279.34
