107827,46949.76
107826,64688.11
107825,60838.13
107824,24068.62
107823,21040.31
107822,24220.57
107821,25313.92
107820,814.35
107819,45922.61
107818,36123.49
107817,11221.64
107816,19706.01
107815,19500.63
107814,36257.33
107813,38010.38
107812,51437.54
107811,42791.17
107810,45436.05
107809,24788.64
107808,27548.16
107807,29383.49
107806,29325.04
107805,54442.42
107804,42168.82
107803,21617.45
107802,19456.33
107801,21427.73
107800,23041.82
107799,39885.98
107798,56169.97
107797,47437.09
107796,24602.74
107795,25228.13
107794,31526.02
107793,30178.35
107792,37393.75
107791,59580.36
107790,33411.7
107789,26956.53
107788,26692.39
107787,30188.21
107786,58671.33
107785,66101.08
107784,107782.62
107783,71230.65
107782,63614.45
107781,38491.62
107780,43141.31
107779,36982.75
107778,50375.94
107777,81198.39
107776,64536.06
107775,28426.19
107774,26900.34
107773,31680.72
107772,28698.3
107771,47325.76
107770,73763.48
107769,55120.5
107768,46699.51
107767,30991.54
107766,37382.07
107765,63200.94
107764,71686.52
107763,98849.99
107762,79724.63
107761,53228.59
107760,60898.67
107759,79594.48
107758,41972.06
107757,55831.55
107756,75178.5
107755,65313.71
107754,30693.63
107753,33486.57
107752,59625.88
107751,52847.5
107750,60598.02
107749,84957.8
107748,77554.32
107747,47119.72
107746,49670.14
107745,62719.29
107744,50987.11
107743,68180.48
107742,101688.92
107741,-56.25
107740,31159.54
107739,30769.73
107738,34309.57
107737,39352.62
107736,41458.04
107735,72725.09
107734,55000.37
107733,966.13
107732,26091.76
107731,48706.98
107730,43605.04
107729,63043.5
107728,92863.56
107727,64852.0
107726,28284.96
107725,30321.23
107724,33104.35
107723,39261.51
107722,43101.78
107721,53548.15
107720,57396.92
107719,24839.9
107718,24687.69
107717,28929.14
107716,61961.89
107715,63264.28
107714,85417.34
107713,65355.37
107712,43346.13
107711,39604.57
107710,44060.11
107709,41965.21
107708,1748.03
107707,92969.4
107706,58910.73
107705,39371.71
107704,38356.36
107703,39962.15
107702,53955.94
107701,65398.77
107700,108008.87
107699,73898.29
107698,28181.78
107697,29698.42
107696,36148.86
107695,37897.79
107694,65089.57
107693,92883.68
107692,72455.73
107691,50523.35
107690,42781.83
107689,49085.94
107688,40682.09
107687,62479.08
107686,90359.23
107685,88060.16
107684,36060.62
107683,34702.23
107682,37053.35
107681,863.13
107680,58797.57
107679,73011.23
107678,63878.72
107677,76025.79
107676,31398.55
107675,29843.53
107674,35671.02
107673,41834.67
107672,58510.95
107671,57197.6
107670,28146.64
107669,50604.89
107668,53215.2
107667,46480.83
107666,55086.58
107665,80858.3
107664,65123.72
107663,43885.5
107662,40190.66
107661,44714.11
107660,50258.31
107659,63757.78
107658,81399.97
107657,52252.14
107656,24226.31
107655,27751.17
107654,29690.98
107653,38118.51
107652,51511.35
107651,54621.53
107650,63061.32
107649,23549.89
107648,23744.22
107647,27311.94
107646,38281.02
107645,42074.53
107644,55623.02
107643,40928.06
107642,38062.26
