39513,19000.34
39512,48482.4
39511,43674.75
39510,16913.66
39509,18105.91
39508,19250.53
39507,15705.74
39506,553.32
39505,33996.08
39504,27955.88
39503,16623.04
39502,15045.9
39501,15465.95
39500,23610.99
39499,27326.89
39498,42803.22
39497,34275.36
39496,33373.17
39495,17305.29
39494,25745.04
39493,34455.91
39492,33587.14
39491,95.43
39490,8413.3
39489,13615.35
39488,12290.8
39487,15840.39
39486,16664.28
39485,29733.7
39484,53144.75
39483,30386.9
39482,16511.89
39481,16256.78
39480,17056.87
39479,20631.98
39478,23550.45
39477,42842.44
39476,27047.5
39475,18838.21
39474,12612.4
39473,19873.15
39472,36950.03
39471,46217.72
39470,64709.36
39469,38419.29
39468,25245.69
39467,19376.27
39466,27551.07
39465,21457.38
39464,31711.41
39463,51804.78
39462,40327.56
39461,17518.96
39460,13491.69
39459,18630.58
39458,16343.97
39457,30787.63
39456,44948.02
39455,34752.69
39454,27811.24
39453,23507.9
39452,18509.26
39451,35758.42
39450,40474.91
39449,68355.65
39448,55245.24
39447,30078.23
39446,36121.29
39445,50607.15
39444,28425.67
39443,39864.12
39442,60693.96
39441,48181.51
39440,18456.41
39439,21900.08
39438,40286.28
39437,32794.33
39436,39635.82
39435,64859.04
39434,42689.74
39433,23594.88
39432,32735.05
39431,39155.46
39430,34823.41
39429,54694.97
39428,74966.63
39427,19092.19
39426,20294.3
39425,22354.34
39424,22729.73
39423,28296.21
39422,47949.57
39421,33895.72
39420,16852.45
39419,16837.8
39418,28044.9
39417,26178.35
39416,34856.52
39415,48013.79
39414,48161.34
39413,151.24
39412,18857.33
39411,18754.87
39410,23495.7
39409,32124.93
39408,45353.11
39407,35711.74
39406,20624.95
39405,17987.28
39404,19160.9
39403,39616.11
39402,45234.78
39401,66616.08
39400,43329.72
39399,31343.06
39398,29526.02
39397,27716.56
39396,27679.81
39395,44.74
39394,64719.9
39393,32236.69
39392,20986.31
39391,25293.35
39390,23705.24
39389,43290.88
39388,43655.57
39387,75318.77
39386,45645.47
39385,16855.01
39384,19158.11
39383,23876.72
39382,21431.47
39381,43194.13
39380,62496.82
39379,48752.06
39378,25508.45
39377,23789.1
39376,32095.44
39375,30637.94
39374,43825.2
39373,59014.26
39372,54403.29
39371,20240.29
39370,28780.81
39369,30488.1
39368,51663.56
39367,61945.01
39366,41940.58
39365,49082.04
39364,27130.81
39363,24012.47
39362,34474.21
39361,34043.55
39360,52302.96
39359,39322.24
39358,24366.05
39357,38235.19
39356,35128.43
39355,40143.5
39354,45184.69
39353,67232.04
39352,46864.8
39351,30808.1
39350,34666.62
39349,33886.08
39348,38816.34
39347,52648.45
39346,65208.29
39345,51192.85
39344,26850.43
39343,25335.3
39342,22024.72
39341,24678.51
39340,38761.86
39339,37479.21
39338,43272.86
39337,23657.7
39336,15033.52
39335,22451.24
39334,28773.88
39333,31155.87
39332,38137.59
39331,25478.92
39330,19108.54
