52752,43231.55
52751,66271.69
52750,54866.93
52749,22730.68
52748,22182.16
52747,20825.73
52746,19635.25
52745,958.92
52744,49027.34
52743,35455.73
52742,18956.18
52741,21074.42
52740,21435.2
52739,29528.32
52738,36986.41
52737,52464.29
52736,37830.07
52735,36708.13
52734,25026.8
52733,24237.64
52732,23963.05
52731,22762.69
52730,59961.58
52729,34994.05
52728,19377.34
52727,21327.45
52726,20393.57
52725,24597.84
52724,34054.69
52723,61006.44
52722,43201.62
52721,16565.02
52720,14539.86
52719,21024.97
52718,29721.68
52717,40211.5
52716,62058.24
52715,32862.55
52714,27763.96
52713,29424.42
52712,27579.62
52711,53139.08
52710,61073.7
52709,102822.52
52708,61846.45
52707,44835.62
52706,36885.98
52705,36609.97
52704,26782.49
52703,44533.26
52702,72813.21
52701,63813.35
52700,26880.08
52699,22409.21
52698,25241.09
52697,27178.52
52696,38253.72
52695,64367.32
52694,54147.04
52693,38326.18
52692,23357.55
52691,26324.4
52690,46900.61
52689,56367.43
52688,90643.4
52687,76270.25
52686,39258.09
52685,49426.41
52684,66979.77
52683,37008.31
52682,40804.32
52681,72102.77
52680,63122.14
52679,29278.11
52678,26798.13
52677,46472.66
52676,34872.21
52675,38408.08
52674,90689.39
52673,71896.27
52672,41718.27
52671,43445.93
52670,2484.25
52669,40568.79
52668,58117.24
52667,101998.65
52666,-12.39
52665,34448.55
52664,26187.8
52663,31322.03
52662,30159.79
52661,45715.54
52660,62981.14
52659,49858.47
52658,1137.64
52657,24965.07
52656,44549.47
52655,48016.25
52654,55957.67
52653,80390.71
52652,73452.58
52651,28767.25
52650,23841.67
52649,28124.97
52648,30894.88
52647,32316.51
52646,43274.19
52645,46377.7
52644,23947.86
52643,24728.04
52642,27703.2
52641,50213.48
52640,53555.63
52639,77649.41
52638,67290.6
52637,34651.86
52636,33323.35
52635,42845.7
52634,33206.96
52633,1326.13
52632,93194.86
52631,48063.53
52630,35527.42
52629,34836.51
52628,38254.94
52627,52015.34
52626,62235.17
52625,103130.45
52624,69342.97
52623,24978.04
52622,32966.75
52621,32503.83
52620,30828.87
52619,60269.28
52618,79515.6
52617,70949.9
52616,35365.92
52615,40042.29
52614,50280.18
52613,40407.66
52612,54843.99
52611,78378.37
52610,90267.19
52609,39575.53
52608,35660.14
52607,42811.9
52606,640.01
52605,54468.88
52604,70465.49
52603,56291.92
52602,69438.52
52601,35670.99
52600,31112.99
52599,39847.31
52598,45588.75
52597,71814.15
52596,58149.07
52595,28636.45
52594,43714.87
52593,46631.69
52592,48739.73
52591,57160.0
52590,85950.7
52589,64492.44
52588,38429.34
52587,39476.66
52586,43166.64
52585,49493.06
52584,68182.74
52583,87981.1
52582,68229.62
52581,26540.74
52580,28852.62
52579,36107.16
52578,34753.88
52577,48947.21
52576,56765.26
52575,63837.83
52574,25619.92
52573,21485.43
52572,38509.98
52571,31808.88
52570,43829.85
52569,54579.6
52568,43145.84
52567,33439.03
