65477,29536.96
65476,46447.85
65475,40665.59
65474,15624.98
65473,14002.37
65472,13366.01
65471,15089.88
65470,822.36
65469,36519.91
65468,26125.21
65467,11341.45
65466,12059.98
65465,12103.96
65464,20610.31
65463,24056.86
65462,43749.75
65461,29590.74
65460,22816.67
65459,16947.14
65458,16258.45
65457,15415.88
65456,22254.8
65455,45766.4
65454,28875.67
65453,10650.45
65452,11427.03
65451,16819.18
65450,14761.92
65449,25922.59
65448,42473.59
65447,25923.32
65446,15756.14
65445,17016.61
65444,19006.16
65443,21868.88
65442,28054.1
65441,43563.05
65440,23263.43
65439,14616.11
65438,19237.29
65437,20471.26
65436,33984.4
65435,45970.1
65434,84088.15
65433,55196.65
65432,37628.38
65431,21150.49
65430,26006.02
65429,22513.63
65428,33631.1
65427,57943.66
65426,40721.99
65425,19932.47
65424,13368.95
65423,17384.7
65422,12382.8
65421,27306.63
65420,59096.76
65419,35391.93
65418,30240.31
65417,18471.84
65416,22330.72
65415,39872.98
65414,46709.81
65413,69206.86
65412,48099.78
65411,31819.97
65410,32778.18
65409,48782.66
65408,28768.04
65407,35751.25
65406,55443.02
65405,43489.8
65404,21055.91
65403,22868.25
65402,40166.56
65401,32289.19
65400,47801.09
65399,69123.2
65398,49080.64
65397,26766.49
65396,31035.48
65395,41437.83
65394,32967.45
65393,63536.94
65392,81062.25
65391,22528.44
65390,18765.14
65389,16627.39
65388,25206.04
65387,26810.87
65386,48578.9
65385,35671.03
65384,21727.44
65383,22897.21
65382,34106.52
65381,35044.28
65380,42896.1
65379,64977.45
65378,55486.04
65377,642.22
65376,20600.85
65375,21398.17
65374,24063.63
65373,30891.25
65372,47231.46
65371,36037.48
65370,18925.33
65369,21214.53
65368,22431.0
65367,38247.98
65366,46577.28
65365,67041.46
65364,42367.76
65363,31267.4
65362,24387.63
65361,32241.6
65360,30283.96
65359,1552.46
65358,82608.59
65357,49079.67
65356,22987.08
65355,27415.87
65354,31562.22
65353,42325.13
65352,50403.81
65351,80345.91
65350,57496.64
65349,22931.05
65348,27016.02
65347,23135.56
65346,29442.68
65345,52661.31
65344,72454.69
65343,57493.84
65342,29824.54
65341,30831.76
65340,34435.85
65339,29318.57
65338,45154.66
65337,68651.17
65336,57785.91
65335,23976.56
65334,21979.42
65333,26662.15
65332,564.18
65331,46784.88
65330,64047.05
65329,47614.9
65328,67146.33
65327,23128.98
65326,26989.16
65325,33319.05
65324,44102.31
65323,64227.31
65322,45100.28
65321,25975.92
65320,39463.2
65319,37753.27
65318,38218.08
65317,50512.36
65316,62537.56
65315,45344.41
65314,31737.37
65313,37677.22
65312,34665.95
65311,43014.2
65310,54693.25
65309,75628.48
65308,44078.22
65307,24576.6
65306,24072.8
65305,22265.62
65304,28869.98
65303,42807.84
65302,43501.88
65301,54420.41
65300,20094.18
65299,19040.9
65298,25202.98
65297,28352.91
65296,33257.11
65295,47254.36
65294,31640.64
65293,28477.2
