216980,13959.52
216979,28045.11
216978,23497.08
216977,11502.92
216976,9184.46
216975,10053.59
216974,9795.66
216973,803.91
216972,20371.72
216971,12896.98
216970,7622.95
216969,8143.49
216968,7068.3
216967,14823.31
216966,13995.43
216965,22876.68
216964,20794.3
216963,14161.67
216962,9482.47
216961,10410.18
216960,11918.55
216959,10781.71
216958,9578.79
216957,18010.17
216956,9040.2
216955,9636.04
216954,7622.34
216953,8293.58
216952,15879.34
216951,27731.59
216950,17176.9
216949,9178.59
216948,8366.41
216947,8990.84
216946,10043.03
216945,10525.59
216944,21190.76
216943,17502.46
216942,4875.17
216941,9082.59
216940,8876.73
216939,19170.36
216938,22491.27
216937,34030.29
216936,19108.6
216935,15921.79
216934,9424.16
216933,11736.67
216932,10391.46
216931,16585.03
216930,30235.53
216929,21838.11
216928,10808.97
216927,7958.57
216926,7362.49
216925,9883.63
216924,15317.38
216923,25883.25
216922,19877.0
216921,12728.75
216920,11451.67
216919,9989.93
216918,21748.82
216917,20002.19
216916,34139.74
216915,34424.88
216914,15840.95
216913,20080.08
216912,27716.76
216911,18275.1
216910,21276.71
216909,35345.15
216908,27199.11
216907,8241.95
216906,10028.05
216905,19141.37
216904,16724.84
216903,24247.24
216902,35892.02
216901,24989.15
216900,13465.61
216899,18716.05
216898,24151.97
216897,22969.63
216896,33501.69
216895,45054.64
216894,13008.75
216893,9181.19
216892,13076.32
216891,15307.13
216890,19775.01
216889,27650.28
216888,22076.99
216887,5447.19
216886,12170.55
216885,13613.91
216884,14465.85
216883,21122.76
216882,31813.2
216881,27968.57
216880,574.0
216879,16413.28
216878,13659.95
216877,17341.99
216876,16959.27
216875,24859.13
216874,21243.68
216873,14473.19
216872,12922.48
216871,8705.19
216870,20024.28
216869,24171.36
216868,34582.73
216867,28145.24
216866,13673.1
216865,12840.26
216864,18946.0
216863,15739.0
216862,882.85
216861,35542.16
216860,27767.44
216859,12978.82
216858,12833.33
216857,17264.09
216856,23662.7
216855,27013.39
216854,42890.54
216853,28646.86
216852,10662.31
216851,9477.83
216850,12808.26
216849,14466.12
216848,22832.04
216847,34440.38
216846,25802.34
216845,16821.43
216844,19358.34
216843,18767.27
216842,18897.73
216841,25101.69
216840,30627.42
216839,29136.36
216838,11810.25
216837,19179.96
216836,15294.97
216835,23255.31
216834,24485.49
216833,41989.99
216832,33544.48
216831,33800.7
216830,18513.45
216829,17101.57
216828,19896.07
216827,21605.78
216826,25720.33
216825,27510.33
216824,14968.68
216823,20289.87
216822,21829.87
216821,19683.4
216820,26385.59
216819,33536.79
216818,27479.09
216817,15244.34
216816,17445.06
216815,14541.58
216814,23929.97
216813,28836.72
216812,35374.43
216811,26605.41
216810,17158.58
216809,18274.0
216808,17479.44
216807,19370.5
216806,23600.11
216805,22317.19
216804,26921.62
216803,14869.53
216802,11091.87
216801,13545.78
216800,16879.82
216799,17920.31
216798,24088.99
216797,20230.28
216796,14493.34
