93484,17768.56
93483,41750.73
93482,29238.9
93481,14127.0
93480,13756.27
93479,14749.03
93478,10945.21
93477,590.98
93476,21248.06
93475,5857.45
93474,5917.8
93473,6204.51
93472,8707.9
93471,13508.5
93470,15941.79
93469,33923.67
93468,18106.0
93467,7425.2
93466,14070.63
93465,12872.02
93464,15661.54
93463,18831.98
93462,37912.73
93461,24147.61
93460,13013.52
93459,8298.66
93458,8067.94
93457,8328.96
93456,21651.02
93455,33919.76
93454,17971.69
93453,13745.44
93452,8749.16
93451,9796.69
93450,13799.38
93449,19136.77
93448,35199.96
93447,17124.76
93446,10175.72
93445,10868.72
93444,16164.89
93443,31475.33
93442,24608.36
93441,53437.91
93440,39187.61
93439,28205.37
93438,22815.3
93437,22796.18
93436,19016.41
93435,28503.07
93434,56518.07
93433,34896.35
93432,13124.51
93431,13073.93
93430,14550.91
93429,10910.24
93428,26443.05
93427,46662.4
93426,23677.38
93425,9461.15
93424,10705.89
93423,12659.82
93422,26711.41
93421,39201.17
93420,59665.11
93419,44790.35
93418,26370.41
93417,28935.22
93416,32565.23
93415,21453.11
93414,32948.96
93413,42879.65
93412,36655.92
93411,11128.63
93410,14446.75
93409,24467.11
93408,25610.73
93407,32974.31
93406,67943.44
93405,47903.37
93404,21541.87
93403,28297.49
93402,26612.49
93401,9101.1
93400,37109.36
93399,55832.88
93398,17415.07
93397,22834.59
93396,18761.81
93395,18787.34
93394,21673.2
93393,32844.69
93392,17228.37
93391,10295.54
93390,15100.92
93389,10797.13
93388,19199.04
93387,28700.87
93386,47850.93
93385,20804.7
93384,759.93
93383,13537.75
93382,15154.43
93381,16130.55
93380,27886.62
93379,40118.48
93378,25756.99
93377,19105.04
93376,18596.82
93375,16088.26
93374,38853.95
93373,42042.43
93372,53578.06
93371,33621.09
93370,24904.53
93369,22157.71
93368,27565.99
93367,24501.54
93366,945.02
93365,49585.12
93364,32167.18
93363,14907.93
93362,18952.48
93361,20962.87
93360,27441.33
93359,30579.05
93358,55221.63
93357,33802.17
93356,16336.07
93355,17539.39
93354,20607.48
93353,20504.17
93352,37534.18
93351,56068.43
93350,35771.68
93349,27735.58
93348,22203.2
93347,27804.37
93346,29464.47
93345,32264.45
93344,46940.15
93343,43874.76
93342,20263.74
93341,21238.44
93340,22905.86
93339,319.01
93338,38409.18
93337,51221.55
93336,39276.47
93335,30128.75
93334,21692.1
93333,23209.42
93332,24204.89
93331,27260.75
93330,37361.58
93329,37441.67
93328,15206.36
93327,30476.19
93326,30664.44
93325,34758.87
93324,34614.27
93323,48779.49
93322,35350.73
93321,28366.88
93320,30334.79
93319,25484.91
93318,31596.56
93317,40170.89
93316,38495.01
93315,36344.72
93314,20053.42
93313,20129.06
93312,19451.91
93311,22549.26
93310,39927.9
93309,30783.18
93308,35505.9
93307,19699.09
93306,15504.73
93305,20673.28
93304,25880.42
93303,33839.68
93302,36078.18
93301,23383.29
93300,15353.15
