164381,21567.16
164380,40483.49
164379,41203.24
164378,12626.1
164377,15615.7
164376,12829.35
164375,16975.37
164374,231.39
164373,29357.21
164372,23818.76
164371,12553.66
164370,11887.97
164369,13029.63
164368,22917.9
164367,20933.39
164366,27929.92
164365,25918.42
164364,24400.33
164363,13400.35
164362,17430.1
164361,20248.01
164360,16630.58
164359,31487.25
164358,26969.62
164357,15082.18
164356,17006.66
164355,13889.36
164354,14873.37
164353,26542.85
164352,36638.21
164351,23130.22
164350,13223.36
164349,14507.58
164348,17048.35
164347,19706.49
164346,20048.5
164345,32901.53
164344,17660.54
164343,12882.79
164342,14454.22
164341,19024.24
164340,30355.08
164339,41668.89
164338,48386.09
164337,36824.18
164336,37475.36
164335,19410.24
164334,24541.12
164333,15054.58
164332,25339.49
164331,38845.72
164330,33100.31
164329,16000.13
164328,15687.95
164327,15865.94
164326,19764.86
164325,22602.26
164324,37297.76
164323,28700.88
164322,23396.9
164321,15378.22
164320,17611.39
164319,34345.27
164318,31104.14
164317,54606.99
164316,44405.24
164315,24971.2
164314,26741.89
164313,39922.11
164312,24019.79
164311,26764.57
164310,39829.51
164309,34176.75
164308,17051.19
164307,18516.78
164306,28063.69
164305,22275.27
164304,32263.44
164303,44818.02
164302,36786.64
164301,21575.89
164300,30473.4
164299,30970.17
164298,25682.05
164297,43166.87
164296,57229.89
164295,-154.99
164294,21487.69
164293,21657.78
164292,21203.17
164291,23956.22
164290,34016.11
164289,40101.3
164288,26656.56
164287,16796.32
164286,19096.16
164285,26553.55
164284,24732.02
164283,27291.42
164282,40237.04
164281,40057.28
164280,0.0
164279,19194.89
164278,16472.48
164277,16288.79
164276,28371.19
164275,37985.14
164274,31327.42
164273,15555.89
164272,18508.61
164271,21506.71
164270,32573.67
164269,33117.26
164268,49726.34
164267,39037.26
164266,21061.3
164265,22612.21
164264,20015.1
164263,30420.77
164262,46559.81
164261,31846.08
164260,23294.28
164259,23499.89
164258,22993.46
164257,30752.33
164256,41458.25
164255,56550.4
164254,37775.81
164253,18192.83
164252,20431.52
164251,21660.58
164250,21650.01
164249,34475.87
164248,45255.41
164247,38396.7
164246,24991.57
164245,21429.19
164244,26818.09
164243,25496.59
164242,30301.56
164241,49291.79
164240,42437.84
164239,23039.46
164238,15228.48
164237,19210.58
164236,33398.87
164235,41790.96
164234,42005.99
164233,46348.31
164232,22572.79
164231,23412.05
164230,28922.27
164229,37056.55
164228,38775.88
164227,45516.26
164226,22751.86
164225,28531.21
164224,29423.51
164223,29643.81
164222,32779.63
164221,43809.76
164220,41166.74
164219,24024.44
164218,30132.23
164217,33398.73
164216,31325.53
164215,40578.63
164214,44923.19
164213,35105.12
164212,22616.63
164211,22071.67
164210,23840.16
164209,26751.28
164208,31418.92
164207,31287.22
164206,40166.41
164205,20771.11
164204,17632.25
164203,20527.35
164202,26554.63
164201,29717.45
164200,37138.61
164199,24390.6
164198,19099.14
