161502,22721.29
161501,26506.68
161500,18058.05
161499,6288.66
161498,5481.97
161497,6905.97
161496,5744.09
161495,417.54
161494,9438.02
161493,6988.75
161492,6279.7
161491,5799.98
161490,8478.03
161489,11969.32
161488,16098.23
161487,22424.7
161486,14259.44
161485,11059.78
161484,4743.11
161483,4387.6
161482,5532.45
161481,8218.38
161480,20481.94
161479,15921.04
161478,4500.51
161477,6033.59
161476,5900.15
161475,8193.98
161474,13003.87
161473,19054.93
161472,10941.6
161471,8560.48
161470,9862.14
161469,10220.79
161468,9833.25
161467,12848.16
161466,22500.08
161465,12444.1
161464,8543.02
161463,7762.81
161462,11467.62
161461,19857.7
161460,25275.13
161459,50579.22
161458,14817.38
161457,21890.02
161456,12236.03
161455,14434.8
161454,8818.63
161453,18750.32
161452,30882.45
161451,18651.68
161450,9501.96
161449,7429.76
161448,11271.95
161447,10667.58
161446,17207.0
161445,25732.27
161444,11780.36
161443,14014.24
161442,10388.89
161441,9486.09
161440,21955.78
161439,24761.91
161438,40479.92
161437,26811.28
161436,19233.24
161435,18564.84
161434,21276.04
161433,15035.31
161432,17147.3
161431,33308.01
161430,21571.35
161429,12673.65
161428,12882.01
161427,17904.78
161426,22967.56
161425,26886.1
161424,40473.47
161423,28698.05
161422,24183.18
161421,22732.68
161420,29496.14
161419,22614.11
161418,30206.46
161417,34430.39
161416,10124.27
161415,8978.57
161414,9204.87
161413,13538.77
161412,15056.61
161411,25207.08
161410,12801.32
161409,8814.82
161408,8516.96
161407,17835.33
161406,16948.53
161405,24817.45
161404,37150.17
161403,25339.04
161402,9929.07
161401,8572.52
161400,11327.85
161399,18323.46
161398,25253.64
161397,13898.59
161396,8871.54
161395,9801.43
161394,12615.0
161393,23900.28
161392,25916.75
161391,37248.15
161390,22879.59
161389,14379.7
161388,16381.6
161387,16137.68
161386,19245.52
161385,44667.63
161384,19079.58
161383,13450.7
161382,17696.09
161381,16202.85
161380,17934.21
161379,23191.72
161378,41481.24
161377,21291.81
161376,9607.13
161375,13762.47
161374,12214.81
161373,13972.71
161372,29987.85
161371,37781.09
161370,24801.63
161369,17256.56
161368,16870.97
161367,20516.78
161366,19638.07
161365,24584.86
161364,31843.27
161363,26296.39
161362,14570.34
161361,8977.68
161360,10761.79
161359,26335.78
161358,32251.47
161357,31409.46
161356,26684.29
161355,14503.91
161354,11591.14
161353,15187.8
161352,18738.01
161351,26950.51
161350,17545.66
161349,12313.71
161348,28691.19
161347,20528.84
161346,20896.24
161345,27764.67
161344,30238.72
161343,23204.25
161342,18805.56
161341,18192.02
161340,19052.45
161339,23276.92
161338,28515.21
161337,32657.56
161336,21010.73
161335,13036.29
161334,13679.08
161333,13635.83
161332,16762.43
161331,22003.54
161330,21877.94
161329,20962.14
161328,13080.87
161327,10421.59
161326,10851.72
161325,15785.81
161324,16878.67
161323,24960.83
161322,20162.12
161321,16931.42
