101709,43396.79
101708,60189.33
101707,52657.89
101706,15862.17
101705,18905.33
101704,19330.13
101703,22455.8
101702,826.87
101701,39595.51
101700,34638.81
101699,19363.69
101698,16342.44
101697,21230.8
101696,35509.52
101695,30516.22
101694,51749.3
101693,43094.54
101692,40468.74
101691,20484.15
101690,29239.43
101689,28605.07
101688,26770.19
101687,49225.11
101686,38036.36
101685,18408.08
101684,18784.09
101683,21211.59
101682,18419.89
101681,35160.24
101680,52732.37
101679,42855.8
101678,23980.91
101677,23712.73
101676,30815.66
101675,26392.48
101674,31468.76
101673,47250.48
101672,31039.46
101671,26699.5
101670,28324.55
101669,28027.38
101668,51765.22
101667,58239.34
101666,87395.84
101665,56596.99
101664,56745.41
101663,33693.54
101662,36334.72
101661,13746.78
101660,41220.09
101659,63073.06
101658,61586.08
101657,28200.76
101656,29562.06
101655,24927.06
101654,20942.67
101653,38101.9
101652,64892.94
101651,44258.89
101650,33549.05
101649,30902.32
101648,27590.56
101647,46722.46
101646,59608.27
101645,82819.97
101644,75831.55
101643,44389.47
101642,48967.33
101641,64450.79
101640,40568.07
101639,49565.05
101638,71625.88
101637,56100.69
101636,30774.46
101635,27946.38
101634,42402.19
101633,44701.41
101632,53933.96
101631,81315.62
101630,66480.33
101629,48486.78
101628,48431.09
101627,52007.34
101626,44987.19
101625,61586.33
101624,83646.24
101623,33214.2
101622,26159.2
101621,26332.56
101620,36301.81
101619,38318.61
101618,54563.2
101617,55961.16
101616,25197.94
101615,25237.85
101614,40432.46
101613,42860.1
101612,53197.7
101611,78577.6
101610,61026.35
101609,1399.61
101608,29469.97
101607,26914.89
101606,32650.7
101605,38572.15
101604,54871.96
101603,50330.3
101602,31216.45
101601,27066.23
101600,26764.15
101599,47421.18
101598,54496.25
101597,77830.18
101596,68983.77
101595,36620.75
101594,39526.45
101593,40190.42
101592,41177.15
101591,1526.41
101590,83245.42
101589,58536.87
101588,33929.5
101587,33512.33
101586,27394.82
101585,44646.7
101584,51479.12
101583,87546.4
101582,64443.41
101581,25410.71
101580,31926.33
101579,24120.37
101578,31196.05
101577,51687.56
101576,78742.21
101575,67764.68
101574,38757.98
101573,41046.03
101572,37406.3
101571,38923.05
101570,48817.34
101569,84832.53
101568,82177.37
101567,40905.09
101566,32742.28
101565,32460.66
101564,754.79
101563,52290.66
101562,68510.59
101561,59635.15
101560,68109.71
101559,26152.89
101558,26645.61
101557,39274.91
101556,36829.63
101555,52314.33
101554,49705.66
101553,21925.68
101552,38745.45
101551,41044.83
101550,37989.26
101549,45346.87
101548,74048.15
101547,66162.63
101546,38202.18
101545,38212.48
101544,34374.63
101543,39424.62
101542,51124.94
101541,64294.71
101540,53400.76
101539,23878.43
101538,25508.74
101537,25126.73
101536,29391.25
101535,41094.37
101534,49912.94
101533,53406.79
101532,24397.7
101531,23117.75
101530,22105.15
101529,31419.49
101528,39115.48
101527,49991.73
101526,37452.75
101525,31838.15
