94253,17468.6
94252,35903.72
94251,31454.53
94250,11273.55
94249,11106.78
94248,15336.85
94247,13269.16
94246,1198.13
94245,23252.0
94244,19748.91
94243,8596.14
94242,10310.64
94241,13510.27
94240,18331.08
94239,24649.82
94238,37480.4
94237,21513.99
94236,22144.01
94235,13416.03
94234,12094.26
94233,13881.42
94232,16769.26
94231,33790.65
94230,31496.8
94229,9978.35
94228,11907.2
94227,11724.9
94226,12480.01
94225,19644.32
94224,41937.12
94223,26669.99
94222,12587.99
94221,9672.82
94220,17553.98
94219,17490.32
94218,23562.48
94217,36584.17
94216,21704.58
94215,13624.35
94214,15524.07
94213,16814.1
94212,33756.64
94211,33451.85
94210,50493.19
94209,25203.75
94208,24924.33
94207,20117.61
94206,26392.68
94205,15749.34
94204,27368.03
94203,44440.58
94202,41024.72
94201,13894.55
94200,13839.14
94199,10785.07
94198,11960.79
94197,21000.86
94196,34263.3
94195,24919.81
94194,23247.16
94193,11471.24
94192,14179.27
94191,29265.7
94190,36627.52
94189,63091.21
94188,60972.23
94187,31349.31
94186,32283.18
94185,52275.98
94184,22563.19
94183,27007.62
94182,42839.05
94181,36557.12
94180,16058.42
94179,16926.21
94178,29675.77
94177,32029.37
94176,36808.32
94175,60526.38
94174,55738.3
94173,34118.62
94172,28061.34
94171,39611.5
94170,26699.4
94169,46410.48
94168,66965.9
94167,16515.79
94166,14426.47
94165,13498.81
94164,19210.95
94163,19147.67
94162,26164.21
94161,27567.45
94160,12472.41
94159,13029.14
94158,19062.08
94157,22728.93
94156,24795.3
94155,46366.29
94154,41214.18
94153,823.78
94152,11441.29
94151,16508.14
94150,16298.53
94149,20190.17
94148,38075.23
94147,37855.63
94146,19382.87
94145,13897.11
94144,18754.24
94143,40756.03
94142,36564.12
94141,55101.34
94140,52491.23
94139,25558.73
94138,23660.85
94137,24399.99
94136,26864.77
94135,645.94
94134,53072.74
94133,32194.14
94132,15613.77
94131,17984.47
94130,21088.54
94129,34561.6
94128,34150.18
94127,62422.68
94126,36244.93
94125,15744.68
94124,17840.8
94123,19858.15
94122,19017.2
94121,42719.27
94120,53991.03
94119,47137.76
94118,24769.87
94117,29934.35
94116,33202.33
94115,31186.1
94114,39197.67
94113,47466.85
94112,62181.06
94111,17591.06
94110,20952.88
94109,27454.72
94108,402.68
94107,41232.78
94106,44458.72
94105,43829.95
94104,45387.1
94103,19643.05
94102,24722.58
94101,29275.72
94100,29009.47
94099,40598.79
94098,29827.16
94097,14967.22
94096,34173.14
94095,36352.44
94094,33089.25
94093,38452.71
94092,45125.77
94091,46037.0
94090,27785.36
94089,30400.73
94088,33674.11
94087,35926.99
94086,44569.36
94085,56695.3
94084,41117.49
94083,17531.4
94082,18889.02
94081,13701.06
94080,25316.06
94079,29298.25
94078,31156.63
94077,44060.65
94076,13015.27
94075,15498.6
94074,19530.42
94073,24683.27
94072,25105.22
94071,22361.1
94070,23256.8
94069,19437.42
