69124,38182.85
69123,61851.25
69122,44973.48
69121,17523.89
69120,22066.84
69119,21030.1
69118,13336.98
69117,1194.05
69116,37384.15
69115,23659.2
69114,12037.98
69113,12092.94
69112,11666.94
69111,36754.81
69110,39594.24
69109,67036.75
69108,36646.26
69107,32436.02
69106,27238.97
69105,28548.04
69104,23593.13
69103,28879.53
69102,58931.42
69101,49862.76
69100,16221.72
69099,9891.38
69098,14585.28
69097,17027.83
69096,36538.88
69095,50768.3
69094,32023.03
69093,18934.67
69092,8006.77
69091,16333.59
69090,26935.15
69089,35773.2
69088,55409.95
69087,28451.71
69086,13704.52
69085,18821.4
69084,21233.56
69083,61949.71
69082,66014.7
69081,97973.43
69080,70872.08
69079,35045.74
69078,33626.12
69077,41716.82
69076,30463.61
69075,46664.43
69074,83616.01
69073,54040.47
69072,16657.95
69071,19991.78
69070,25640.34
69069,21927.48
69068,35209.57
69067,54480.24
69066,37762.19
69065,30795.98
69064,10707.97
69063,16661.75
69062,55173.14
69061,57097.28
69060,97238.63
69059,79053.92
69058,39659.13
69057,50583.11
69056,76687.62
69055,29896.46
69054,37581.2
69053,61838.1
69052,54126.19
69051,16211.41
69050,16778.42
69049,40473.93
69048,41116.72
69047,53195.36
69046,89138.74
69045,72382.61
69044,43557.7
69043,53494.67
69042,35125.98
69041,23684.19
69040,59481.04
69039,76989.92
69038,20149.51
69037,22029.26
69036,22572.12
69035,22631.66
69034,35087.38
69033,43356.96
69032,37493.48
69031,21651.93
69030,15310.52
69029,27441.94
69028,34302.1
69027,39099.66
69026,70702.74
69025,55557.09
69024,1338.78
69023,19647.74
69022,22495.43
69021,27228.75
69020,33823.87
69019,48437.5
69018,41354.27
69017,23606.77
69016,21386.65
69015,25569.54
69014,67805.86
69013,68981.2
69012,85828.71
69011,77976.05
69010,40799.18
69009,41261.72
69008,43548.42
69007,40617.18
69006,1151.09
69005,87639.06
69004,46440.42
69003,20378.45
69002,26589.37
69001,31562.51
69000,44845.41
68999,50737.02
68998,79748.27
68997,54824.84
68996,19954.11
68995,16528.99
68994,23487.53
68993,21189.42
68992,59865.9
68991,72869.63
68990,55858.57
68989,40684.06
68988,40839.71
68987,40937.06
68986,44409.25
68985,51893.59
68984,65882.17
68983,71105.7
68982,26229.5
68981,29936.45
68980,30447.74
68979,426.04
68978,52084.4
68977,60334.93
68976,53606.83
68975,51362.18
68974,26540.02
68973,30154.62
68972,31663.52
68971,39532.3
68970,58899.92
68969,43210.53
68968,23500.35
68967,58088.7
68966,54021.77
68965,50606.76
68964,61265.51
68963,75037.7
68962,56089.99
68961,39614.37
68960,41743.24
68959,42372.04
68958,50415.72
68957,66196.28
68956,62296.31
68955,47155.26
68954,21500.0
68953,21546.43
68952,26434.58
68951,29453.44
68950,42801.31
68949,43768.27
68948,54334.28
68947,23984.69
68946,13553.65
68945,23659.86
68944,29240.69
68943,39479.78
68942,32074.81
68941,26312.65
68940,19738.17
