1346,39902.76
1345,67178.23
1344,46433.93
1343,13998.33
1342,12773.69
1341,18488.94
1340,14225.69
1339,1240.57
1338,39789.7
1337,18866.78
1336,15624.47
1335,12379.92
1334,15152.31
1333,29116.66
1332,32696.84
1331,51786.17
1330,36249.78
1329,30365.36
1328,21496.91
1327,19103.4
1326,19506.29
1325,25711.64
1324,49361.15
1323,31866.43
1322,13413.43
1321,14866.01
1320,13807.76
1319,16876.06
1318,36970.92
1317,56686.0
1316,35897.99
1315,21996.57
1314,20162.24
1313,18724.6
1312,28907.19
1311,29222.46
1310,57172.86
1309,36156.24
1308,19618.49
1307,18393.06
1306,20946.75
1305,50853.14
1304,62089.93
1303,83066.74
1302,56909.31
1301,45794.89
1300,34662.97
1299,39216.65
1298,29528.77
1297,45574.49
1296,74354.88
1295,56360.51
1294,22208.43
1293,23969.61
1292,14767.46
1291,16158.92
1290,36951.34
1289,60734.05
1288,44067.0
1287,35574.79
1286,12694.09
1285,21753.59
1284,46595.67
1283,68188.1
1282,95782.11
1281,75490.9
1280,48497.18
1279,54163.03
1278,72940.25
1277,33407.26
1276,51655.69
1275,74165.77
1274,54414.78
1273,23570.94
1272,24847.29
1271,48812.26
1270,40874.53
1269,58515.29
1268,98603.46
1267,65706.87
1266,48043.63
1265,41902.35
1264,53810.4
1263,34499.85
1262,71623.55
1261,93616.85
1260,-27.98
1259,22129.51
1258,22409.02
1257,23938.89
1256,25196.15
1255,35707.13
1254,50928.6
1253,40975.38
1252,1216.0
1251,22362.12
1250,42587.42
1249,36918.36
1248,45401.56
1247,55769.97
1246,62293.65
1245,19186.48
1244,2274.63
1243,1239.51
1242,362.04
1241,33380.26
1240,51559.36
1239,48710.76
1238,1284.1
1237,22285.09
1236,26939.22
1235,52161.66
1234,63272.01
1233,89175.24
1232,55029.18
1231,40301.59
1230,39022.03
1229,45582.65
1228,43359.37
1227,54597.82
1226,89434.42
1225,46000.48
1224,29150.75
1223,32600.17
1222,33088.95
1221,51443.01
1220,57663.56
1219,94059.38
1218,60246.33
1217,21157.43
1216,25151.56
1215,26097.13
1214,22517.71
1213,60272.05
1212,86932.51
1211,62267.21
1210,39159.43
1209,34331.49
1208,49007.5
1207,41391.77
1206,62609.27
1205,72340.48
1204,66826.41
1203,28245.97
1202,31629.38
1201,31460.13
1200,48029.89
1199,60477.39
1198,75945.82
1197,57747.21
1196,57998.61
1195,28518.58
1194,28716.62
1193,46943.03
1192,48699.76
1191,63299.37
1190,56776.09
1189,30606.7
1188,65129.99
1187,55145.98
1186,49584.81
1185,63650.52
1184,90367.44
1183,65744.53
1182,45099.37
1181,43673.69
1180,46005.11
1179,49438.03
1178,68331.69
1177,79755.17
1176,64529.77
1175,24396.71
1174,32099.11
1173,28652.43
1172,37887.96
1171,49092.97
1170,48006.31
1169,57575.99
1168,22146.74
1167,15825.99
1166,27076.6
1165,31123.45
1164,38074.22
1163,46463.3
1162,38087.55
1161,29103.92
