208535,15774.58
208534,27705.54
208533,18240.99
208532,9096.78
208531,7287.19
208530,8384.11
208529,10919.58
208528,809.12
208527,16528.26
208526,10043.8
208525,6437.74
208524,8060.71
208523,7389.16
208522,10963.7
208521,15370.26
208520,22595.33
208519,13048.62
208518,16388.88
208517,8000.68
208516,4825.55
208515,9159.9
208514,9186.0
208513,18667.0
208512,15831.22
208511,5844.46
208510,8317.12
208509,10428.13
208508,8244.95
208507,17293.15
208506,23172.74
208505,15564.75
208504,8293.77
208503,9422.66
208502,8371.75
208501,11287.64
208500,14504.05
208499,24189.46
208498,10669.83
208497,5897.6
208496,6622.36
208495,10398.28
208494,23060.12
208493,31781.23
208492,44524.34
208491,12848.62
208490,19102.95
208489,12415.66
208488,20026.85
208487,12427.08
208486,18351.52
208485,32930.06
208484,22257.5
208483,12429.99
208482,10998.21
208481,4249.76
208480,10260.95
208479,20824.64
208478,34145.56
208477,15859.02
208476,15599.1
208475,12647.35
208474,11537.04
208473,19458.51
208472,28154.34
208471,37694.23
208470,26518.99
208469,21840.3
208468,18927.47
208467,21936.89
208466,16630.03
208465,20445.94
208464,35373.58
208463,25081.12
208462,10549.52
208461,15276.48
208460,25359.14
208459,21028.35
208458,29806.33
208457,46595.93
208456,27257.77
208455,18112.57
208454,21237.97
208453,27731.76
208452,24299.71
208451,39682.98
208450,40925.82
208449,14884.26
208448,13210.67
208447,13859.35
208446,16579.89
208445,22892.74
208444,26779.84
208443,18167.97
208442,6165.17
208441,10231.42
208440,14752.97
208439,20151.63
208438,22834.79
208437,33415.71
208436,21037.93
208435,420.73
208434,8338.59
208433,11188.63
208432,13549.5
208431,17774.08
208430,25679.77
208429,18537.77
208428,11562.28
208427,11197.12
208426,14506.59
208425,22859.65
208424,27594.07
208423,34564.64
208422,19230.67
208421,14685.92
208420,17093.06
208419,19792.36
208418,18488.87
208417,1100.76
208416,39822.87
208415,22787.1
208414,15112.91
208413,15246.22
208412,18231.76
208411,20940.63
208410,24033.85
208409,36681.58
208408,24155.63
208407,12188.66
208406,13846.43
208405,11749.83
208404,16349.92
208403,30947.24
208402,28904.43
208401,21118.93
208400,13422.89
208399,18574.45
208398,20071.37
208397,15894.13
208396,24337.03
208395,29488.7
208394,19702.63
208393,11051.29
208392,11896.33
208391,12923.4
208390,130.35
208389,27031.86
208388,27405.59
208387,16988.6
208386,21765.55
208385,11280.22
208384,14371.82
208383,17252.62
208382,20655.01
208381,25520.89
208380,16526.7
208379,12197.14
208378,19969.92
208377,18552.61
208376,18940.2
208375,25422.48
208374,30399.6
208373,21022.48
208372,18533.16
208371,17567.92
208370,17641.96
208369,22480.76
208368,29008.01
208367,24469.35
208366,17939.16
208365,11690.84
208364,13046.57
208363,14418.49
208362,12768.61
208361,23479.3
208360,20579.76
208359,20203.86
208358,10355.23
208357,9251.79
208356,10501.9
208355,13370.77
208354,17162.11
208353,17562.24
208352,14046.97
208351,14014.37
