93676,21323.18
93675,26314.61
93674,22265.43
93673,10390.0
93672,11812.69
93671,11036.17
93670,10397.36
93669,611.69
93668,20520.97
93667,14188.74
93666,8390.69
93665,7915.38
93664,6895.05
93663,16154.5
93662,12138.23
93661,24858.42
93660,10776.65
93659,16688.42
93658,12614.69
93657,9161.98
93656,12671.27
93655,1117.09
93654,2802.53
93653,5187.21
93652,9686.06
93651,11489.56
93650,9388.22
93649,11340.8
93648,18005.95
93647,32594.05
93646,19837.94
93645,10825.67
93644,14148.34
93643,13480.09
93642,24392.7
93641,23054.23
93640,32505.53
93639,17803.27
93638,10698.16
93637,8428.59
93636,17201.03
93635,31493.9
93634,35783.78
93633,49823.35
93632,24575.61
93631,4721.24
93630,12632.28
93629,20300.25
93628,13958.93
93627,26001.12
93626,35399.3
93625,23249.52
93624,10190.6
93623,11417.58
93622,11713.82
93621,13524.42
93620,19013.99
93619,29722.26
93618,19309.71
93617,14376.36
93616,8011.53
93615,10632.66
93614,29086.68
93613,32155.3
93612,46272.5
93611,32975.72
93610,21008.01
93609,24054.85
93608,30026.22
93607,18644.2
93606,26218.7
93605,33876.26
93604,28064.25
93603,12066.58
93602,16128.75
93601,22373.7
93600,27013.44
93599,30181.82
93598,51895.23
93597,31057.87
93596,19381.61
93595,20067.49
93594,29068.3
93593,24565.43
93592,45711.65
93591,57432.34
93590,15389.74
93589,14238.96
93588,13707.54
93587,15914.24
93586,23411.63
93585,28714.57
93584,18909.92
93583,863.02
93582,11186.56
93581,20090.26
93580,23249.12
93579,29393.99
93578,42303.06
93577,26978.81
93576,8689.58
93575,1148.07
93574,169.59
93573,9.25
93572,18134.31
93571,26574.45
93570,16055.0
93569,780.96
93568,11579.28
93567,13083.37
93566,23469.62
93565,28393.16
93564,37561.01
93563,24316.18
93562,12358.04
93561,15483.54
93560,19804.83
93559,20066.38
93558,27272.95
93557,38681.33
93556,24886.52
93555,15234.37
93554,19536.05
93553,16263.7
93552,24805.83
93551,36617.26
93550,54370.28
93549,29245.58
93548,11768.91
93547,14488.47
93546,16023.59
93545,15644.56
93544,34542.11
93543,34616.63
93542,29727.58
93541,15643.31
93540,17467.91
93539,18074.59
93538,17796.44
93537,27748.13
93536,39041.33
93535,27431.62
93534,12205.09
93533,14247.47
93532,14896.02
93531,24578.24
93530,29006.85
93529,32525.86
93528,26491.26
93527,29677.99
93526,15050.59
93525,12626.24
93524,17892.88
93523,23941.72
93522,26100.69
93521,21339.53
93520,11498.66
93519,23366.51
93518,20700.09
93517,21565.45
93516,36208.91
93515,36483.65
93514,25845.87
93513,19902.24
93512,21436.13
93511,16885.14
93510,25812.1
93509,33824.25
93508,39634.36
93507,23768.22
93506,14319.04
93505,11225.79
93504,13591.27
93503,17987.71
93502,24947.72
93501,26640.5
93500,25883.04
93499,12492.23
93498,9623.36
93497,11696.41
93496,13620.32
93495,19720.76
93494,21586.19
93493,15297.13
93492,15605.21
