194437,17004.96
194436,37159.79
194435,28206.26
194434,8182.41
194433,10751.99
194432,11689.18
194431,11496.22
194430,352.26
194429,18730.4
194428,9298.34
194427,7535.48
194426,6898.47
194425,8695.23
194424,16514.79
194423,17980.14
194422,30474.44
194421,15546.38
194420,19597.73
194419,10885.48
194418,13246.51
194417,16402.45
194416,3970.01
194415,169.1
194414,4647.55
194413,9915.7
194412,9728.93
194411,12179.08
194410,10673.88
194409,19745.55
194408,34469.53
194407,21204.74
194406,16316.71
194405,13882.07
194404,13284.28
194403,16937.84
194402,22374.76
194401,32502.32
194400,17820.13
194399,13686.78
194398,8139.2
194397,14369.09
194396,29589.34
194395,31926.28
194394,50073.75
194393,33213.82
194392,16621.54
194391,12546.5
194390,20491.4
194389,17951.32
194388,28160.47
194387,44277.7
194386,28741.07
194385,13814.27
194384,9616.33
194383,13635.18
194382,14042.0
194381,22232.23
194380,43568.14
194379,23117.83
194378,21381.7
194377,15533.73
194376,12901.46
194375,35348.47
194374,36081.54
194373,56060.89
194372,33617.99
194371,26900.79
194370,32372.52
194369,46809.87
194368,27719.93
194367,33062.95
194366,48798.59
194365,30434.02
194364,16486.89
194363,13653.22
194362,33379.69
194361,33118.91
194360,35095.19
194359,52712.38
194358,34654.96
194357,29647.34
194356,35248.88
194355,34848.57
194354,39334.08
194353,60253.86
194352,67531.45
194351,17513.32
194350,14212.32
194349,15853.87
194348,17109.4
194347,25156.21
194346,37919.99
194345,19847.16
194344,680.54
194343,13579.93
194342,28570.45
194341,21980.41
194340,29945.33
194339,43300.49
194338,35352.5
194337,14999.44
194336,13671.49
194335,13607.11
194334,17555.58
194333,23509.97
194332,29476.84
194331,24561.44
194330,18453.58
194329,14691.73
194328,16850.72
194327,32652.9
194326,34804.05
194325,53598.41
194324,32407.37
194323,26824.56
194322,29301.86
194321,28812.3
194320,21326.57
194319,1270.33
194318,46470.13
194317,28402.1
194316,20931.78
194315,19440.01
194314,21246.78
194313,32029.35
194312,40721.55
194311,53496.13
194310,30917.83
194309,13344.5
194308,15674.46
194307,14326.51
194306,18392.63
194305,33371.92
194304,43180.16
194303,27467.25
194302,21790.96
194301,22260.61
194300,26837.48
194299,22125.12
194298,32991.83
194297,42411.57
194296,37692.07
194295,16248.54
194294,16862.11
194293,18586.32
194292,333.03
194291,26438.26
194290,36470.61
194289,27064.44
194288,32546.38
194287,19740.64
194286,21412.27
194285,23899.92
194284,27814.97
194283,34205.7
194282,23637.66
194281,14673.44
194280,31751.85
194279,31444.08
194278,28947.34
194277,35236.59
194276,41212.44
194275,28618.02
194274,28609.6
194273,25408.98
194272,24965.17
194271,29502.91
194270,39751.91
194269,39648.26
194268,25439.02
194267,18109.53
194266,17866.09
194265,14094.08
194264,22412.04
194263,28466.02
194262,27404.5
194261,24645.73
194260,14755.25
194259,12034.7
194258,14158.8
194257,20258.3
194256,23721.77
194255,24472.67
194254,16916.75
194253,16356.2
