13220,31283.34
13219,46146.21
13218,40054.05
13217,13513.96
13216,15182.17
13215,11336.57
13214,11660.26
13213,1928.8
13212,30798.55
13211,22641.77
13210,12582.96
13209,12459.18
13208,14069.66
13207,16334.37
13206,26462.24
13205,45880.07
13204,23586.59
13203,26671.59
13202,10332.4
13201,16261.15
13200,18817.66
13199,18485.49
13198,42386.5
13197,38042.94
13196,6096.21
13195,12787.21
13194,12005.65
13193,13696.45
13192,24753.55
13191,46732.95
13190,31751.95
13189,14862.05
13188,1146.14
13187,12270.18
13186,17725.86
13185,22023.7
13184,39948.36
13183,28346.07
13182,13653.49
13181,14432.19
13180,19304.12
13179,34925.46
13178,41089.7
13177,75952.12
13176,50990.15
13175,36446.17
13174,23764.05
13173,25919.3
13172,17309.75
13171,35718.94
13170,54201.81
13169,42376.11
13168,17582.89
13167,15108.53
13166,16042.11
13165,14217.54
13164,27991.73
13163,45086.45
13162,29929.57
13161,22887.52
13160,14821.61
13159,14504.42
13158,32609.57
13157,41979.56
13156,76989.47
13155,59051.24
13154,31854.93
13153,37865.64
13152,45322.75
13151,28055.58
13150,29877.14
13149,61159.68
13148,48401.64
13147,14635.22
13146,17823.72
13145,37115.96
13144,30617.43
13143,38185.88
13142,67711.93
13141,48315.17
13140,30887.78
13139,31935.11
13138,33452.98
13137,29369.7
13136,45630.86
13135,71386.84
13134,16738.54
13133,17775.21
13132,15514.54
13131,21746.35
13130,21837.21
13129,47743.14
13128,33493.68
13127,525.93
13126,15652.27
13125,29740.27
13124,28161.08
13123,33314.1
13122,59291.53
13121,44075.02
13120,14187.91
13119,16568.65
13118,19939.17
13117,20852.88
13116,27654.15
13115,41983.74
13114,37136.55
13113,17390.81
13112,19818.72
13111,17100.74
13110,31531.79
13109,41229.15
13108,63762.87
13107,52259.91
13106,29690.8
13105,20782.07
13104,25814.28
13103,25714.29
13102,1419.0
13101,67927.39
13100,40453.33
13099,21458.34
13098,22464.79
13097,21886.84
13096,34580.1
13095,38881.57
13094,67816.56
13093,50775.17
13092,17340.02
13091,18172.59
13090,18474.59
13089,21706.6
13088,47529.59
13087,63774.91
13086,48727.1
13085,28620.33
13084,26378.3
13083,30274.31
13082,25285.92
13081,39197.7
13080,61870.55
13079,57770.01
13078,22277.57
13077,20056.57
13076,26357.59
13075,311.74
13074,44674.97
13073,53345.43
13072,42798.93
13071,45684.38
13070,19946.33
13069,22817.02
13068,29640.53
13067,32107.65
13066,50469.58
13065,41399.96
13064,22427.0
13063,35503.23
13062,41369.54
13061,39691.05
13060,46738.54
13059,61219.34
13058,52672.5
13057,28877.11
13056,32052.21
13055,29620.46
13054,37156.59
13053,46935.81
13052,60064.9
13051,46699.65
13050,20359.94
13049,21355.01
13048,21574.82
13047,26784.37
13046,37034.32
13045,37916.37
13044,43551.62
13043,19381.99
13042,12264.32
13041,16386.47
13040,22992.88
13039,29353.04
13038,32009.82
13037,27217.31
13036,17492.65
