76203,45292.91
76202,63760.65
76201,46211.91
76200,17567.64
76199,15273.89
76198,14384.48
76197,17832.59
76196,1052.03
76195,41304.55
76194,26450.85
76193,12382.98
76192,14560.91
76191,16233.26
76190,36671.42
76189,35049.27
76188,51244.8
76187,30175.39
76186,38103.14
76185,11970.18
76184,15054.89
76183,19957.35
76182,29496.01
76181,56172.73
76180,36378.44
76179,13819.72
76178,13998.66
76177,13948.77
76176,16506.75
76175,33271.66
76174,56360.77
76173,35842.42
76172,20035.71
76171,14974.48
76170,17312.78
76169,24600.18
76168,29875.05
76167,53426.86
76166,23028.5
76165,14783.34
76164,22471.55
76163,22463.04
76162,49581.16
76161,60273.82
76160,90710.6
76159,57511.17
76158,52769.28
76157,27142.74
76156,32341.99
76155,25053.91
76154,44340.37
76153,73317.06
76152,51000.9
76151,22493.64
76150,24152.98
76149,20719.56
76148,20820.36
76147,34427.88
76146,56153.49
76145,39204.43
76144,29620.64
76143,20307.16
76142,22021.21
76141,51330.06
76140,71543.23
76139,102154.22
76138,64256.72
76137,40462.88
76136,42419.85
76135,63794.41
76134,34985.47
76133,45782.21
76132,67625.26
76131,60800.81
76130,23589.45
76129,27147.27
76128,45100.61
76127,43991.26
76126,51890.74
76125,85390.75
76124,54100.4
76123,37677.18
76122,43056.49
76121,49488.64
76120,32893.38
76119,72619.54
76118,85630.77
76117,22307.03
76116,23556.58
76115,20877.5
76114,33487.47
76113,32764.67
76112,58784.39
76111,34775.91
76110,743.8
76109,22920.5
76108,33442.35
76107,37800.3
76106,45733.14
76105,77643.97
76104,50391.26
76103,21163.12
76102,774.49
76101,496.69
76100,242.9
76099,35798.25
76098,58213.23
76097,43608.61
76096,901.52
76095,22049.99
76094,26648.06
76093,52178.04
76092,59164.83
76091,76496.95
76090,58984.77
76089,38206.02
76088,31632.32
76087,45691.02
76086,40029.03
76085,50516.66
76084,97615.53
76083,44619.65
76082,30947.5
76081,33822.05
76080,32050.78
76079,43807.54
76078,52499.3
76077,83970.48
76076,53166.36
76075,24607.82
76074,27031.87
76073,25677.66
76072,30533.79
76071,60165.1
76070,82315.8
76069,47655.63
76068,42618.12
76067,39382.75
76066,43074.42
76065,40799.46
76064,51841.95
76063,71133.91
76062,65772.41
76061,27336.44
76060,29851.99
76059,33786.01
76058,40241.89
76057,58319.91
76056,68925.81
76055,50764.07
76054,64015.18
76053,24909.72
76052,31538.71
76051,38093.62
76050,40986.82
76049,58517.9
76048,45221.32
76047,27141.89
76046,50415.76
76045,52088.5
76044,44014.84
76043,58308.38
76042,86007.89
76041,59741.66
76040,44127.86
76039,43670.86
76038,43526.94
76037,52408.6
76036,65890.77
76035,80116.51
76034,56897.81
76033,25797.34
76032,27609.94
76031,30249.16
76030,34206.52
76029,45372.6
76028,50818.46
76027,55520.24
76026,27338.55
76025,18794.68
76024,27996.52
76023,32062.3
76022,36483.1
76021,43780.39
76020,33578.17
76019,22566.81
