147694,18620.1
147693,39982.49
147692,23691.93
147691,11011.33
147690,12796.3
147689,12479.18
147688,10863.16
147687,1309.39
147686,17902.44
147685,12052.09
147684,12347.19
147683,4335.39
147682,6342.58
147681,22755.25
147680,26677.54
147679,34609.38
147678,15838.43
147677,21148.55
147676,13819.92
147675,15530.41
147674,18582.77
147673,10248.39
147672,21.67
147671,23072.62
147670,13408.14
147669,9467.07
147668,10399.14
147667,13580.82
147666,17462.23
147665,39250.34
147664,24063.49
147663,14822.65
147662,12838.96
147661,13175.38
147660,16096.54
147659,17364.32
147658,36585.65
147657,18955.75
147656,12597.92
147655,7665.0
147654,13316.36
147653,27735.27
147652,31159.9
147651,58410.98
147650,33350.49
147649,21564.93
147648,13508.86
147647,22563.72
147646,17895.04
147645,29632.93
147644,42313.76
147643,32241.18
147642,14805.49
147641,14639.13
147640,15184.96
147639,10375.41
147638,20074.92
147637,40618.46
147636,21883.09
147635,21473.06
147634,12199.98
147633,13043.37
147632,35434.37
147631,35501.13
147630,65232.7
147629,46891.33
147628,33213.42
147627,35295.94
147626,43086.36
147625,25159.03
147624,29921.18
147623,45811.5
147622,30850.4
147621,14473.62
147620,14347.58
147619,35453.83
147618,27286.63
147617,37825.09
147616,59800.1
147615,34181.67
147614,24656.97
147613,29715.96
147612,38992.0
147611,31024.94
147610,42878.3
147609,55905.85
147608,15041.13
147607,15479.19
147606,14343.51
147605,16723.12
147604,23522.69
147603,34487.5
147602,22476.43
147601,11304.15
147600,11463.97
147599,28663.73
147598,24671.32
147597,28547.98
147596,41709.87
147595,43331.32
147594,1041.65
147593,14423.47
147592,17387.0
147591,16027.89
147590,21169.26
147589,32017.37
147588,23290.13
147587,15361.47
147586,14718.3
147585,16192.61
147584,37409.62
147583,39489.58
147582,56367.41
147581,38082.83
147580,26563.5
147579,28819.64
147578,27602.17
147577,23011.99
147576,832.65
147575,59033.3
147574,36368.32
147573,20494.57
147572,19063.73
147571,20784.28
147570,31147.58
147569,42008.21
147568,49017.72
147567,33003.37
147566,9535.98
147565,13867.59
147564,12968.11
147563,14417.75
147562,36478.28
147561,52686.75
147560,38264.44
147559,24598.87
147558,24812.89
147557,23963.55
147556,22431.82
147555,31826.63
147554,43643.05
147553,36090.7
147552,15824.71
147551,16031.22
147550,20192.67
147549,219.27
147548,34470.55
147547,46923.62
147546,35108.28
147545,36535.18
147544,14909.14
147543,23268.93
147542,25487.06
147541,29421.83
147540,32303.23
147539,30681.23
147538,17420.31
147537,29368.01
147536,31001.46
147535,31723.25
147534,36444.46
147533,51286.11
147532,33472.22
147531,27044.16
147530,29472.48
147529,33499.15
147528,31188.62
147527,42567.96
147526,45416.39
147525,30250.23
147524,14971.79
147523,15844.71
147522,16606.95
147521,19487.2
147520,30699.94
147519,28056.53
147518,28016.11
147517,15718.51
147516,11280.49
147515,16674.18
147514,19831.43
147513,24814.2
147512,25223.06
147511,20035.07
147510,15848.03
