136005,25529.79
136004,43853.04
136003,37110.2
136002,14716.27
136001,14594.82
136000,15840.67
135999,20266.22
135998,1297.81
135997,28556.1
135996,19452.35
135995,13990.34
135994,15045.01
135993,17406.58
135992,22630.02
135991,23582.96
135990,36304.25
135989,28307.88
135988,28767.83
135987,20590.79
135986,18380.69
135985,20083.57
135984,22667.52
135983,40192.52
135982,27511.18
135981,14989.6
135980,15110.58
135979,13373.49
135978,14302.4
135977,24050.21
135976,38406.89
135975,24058.48
135974,18721.91
135973,17231.21
135972,17691.44
135971,19920.86
135970,24487.2
135969,36866.7
135968,28243.23
135967,18301.39
135966,19077.05
135965,23001.44
135964,43369.24
135963,51051.51
135962,75778.82
135961,43386.99
135960,30404.77
135959,20664.45
135958,26907.92
135957,19573.02
135956,30213.88
135955,46840.43
135954,36633.01
135953,21308.88
135952,17795.56
135951,19176.65
135950,19190.28
135949,31157.78
135948,48235.41
135947,27969.03
135946,25143.17
135945,19331.8
135944,18435.29
135943,38899.75
135942,41578.61
135941,53126.93
135940,48812.66
135939,29350.68
135938,30934.79
135937,44192.34
135936,26371.75
135935,34943.34
135934,50779.4
135933,45158.31
135932,16888.58
135931,16196.45
135930,36152.05
135929,28747.08
135928,37815.73
135927,55629.87
135926,39144.52
135925,29788.31
135924,34040.12
135923,31746.97
135922,32687.25
135921,49939.0
135920,64637.78
135919,19567.88
135918,17736.95
135917,21898.89
135916,20661.01
135915,28976.85
135914,47532.04
135913,31161.18
135912,573.91
135911,18951.74
135910,34013.23
135909,31921.37
135908,41270.76
135907,54183.17
135906,48307.64
135905,15209.09
135904,21325.27
135903,19307.76
135902,22613.73
135901,27008.71
135900,44973.61
135899,31351.29
135898,16028.89
135897,22728.14
135896,16131.76
135895,34406.48
135894,39279.26
135893,47452.06
135892,37100.61
135891,26526.52
135890,25497.22
135889,20657.27
135888,29438.06
135887,1015.32
135886,58474.48
135885,35123.78
135884,25322.25
135883,30421.35
135882,23973.87
135881,41656.89
135880,52281.95
135879,80251.58
135878,41647.43
135877,18640.3
135876,16764.4
135875,22453.97
135874,22650.14
135873,46483.6
135872,55784.46
135871,44357.3
135870,26644.76
135869,25228.63
135868,30751.65
135867,29249.83
135866,37793.98
135865,57668.0
135864,42119.62
135863,21410.25
135862,19830.42
135861,23802.4
135860,410.73
135859,42656.6
135858,56613.38
135857,40321.3
135856,42806.4
135855,21035.33
135854,18539.69
135853,29838.13
135852,31053.81
135851,45509.52
135850,38705.31
135849,20511.49
135848,36537.5
135847,26858.79
135846,31042.71
135845,40463.91
135844,52954.86
135843,41011.77
135842,24335.48
135841,23956.23
135840,29251.94
135839,33915.44
135838,45598.36
135837,58554.94
135836,45460.57
135835,16451.2
135834,17990.17
135833,17099.11
135832,26169.07
135831,31793.09
135830,37005.75
135829,41571.57
135828,15947.57
135827,14258.2
135826,17856.99
135825,24237.09
135824,30916.63
135823,35567.47
135822,28963.91
135821,24615.83
