153062,23242.44
153061,46255.52
153060,41146.05
153059,14190.22
153058,12748.43
153057,13497.91
153056,13014.84
153055,2685.67
153054,25399.37
153053,17420.56
153052,11696.75
153051,11552.09
153050,14068.97
153049,22592.04
153048,29275.88
153047,36799.32
153046,26733.19
153045,23975.43
153044,15028.58
153043,16431.4
153042,21524.97
153041,18695.46
153040,34702.05
153039,31579.41
153038,12826.3
153037,9814.83
153036,12779.42
153035,13313.75
153034,26382.14
153033,38649.61
153032,25890.83
153031,16545.4
153030,16254.34
153029,21786.04
153028,21244.36
153027,22422.85
153026,34742.15
153025,24598.18
153024,12674.29
153023,12589.77
153022,17549.36
153021,34332.03
153020,46260.87
153019,65092.37
153018,43088.66
153017,34026.54
153016,23194.4
153015,25260.62
153014,21551.22
153013,34651.03
153012,50577.72
153011,41772.39
153010,18675.75
153009,17551.15
153008,22462.5
153007,13608.76
153006,24316.77
153005,47968.4
153004,29997.06
153003,26866.73
153002,16369.41
153001,13167.4
153000,45838.93
152999,42649.95
152998,68233.81
152997,52825.16
152996,31154.46
152995,37554.18
152994,55266.41
152993,26241.18
152992,34475.01
152991,54399.64
152990,40425.78
152989,20981.63
152988,20391.05
152987,34543.0
152986,30861.94
152985,42554.2
152984,65054.0
152983,47274.24
152982,28304.4
152981,33193.7
152980,43837.97
152979,36048.24
152978,52132.22
152977,79361.01
152976,15360.44
152975,19575.19
152974,19428.91
152973,20796.14
152972,31589.79
152971,36456.88
152970,27162.02
152969,362.81
152968,16595.76
152967,36924.47
152966,27502.91
152965,36042.41
152964,44896.4
152963,39498.72
152962,14274.97
152961,14861.36
152960,18822.26
152959,21517.82
152958,29793.6
152957,36888.59
152956,35178.44
152955,22583.08
152954,14942.61
152953,19099.87
152952,45091.56
152951,49231.1
152950,63871.25
152949,47446.23
152948,31780.47
152947,33162.92
152946,32021.33
152945,32899.93
152944,612.72
152943,71261.33
152942,38393.27
152941,26102.85
152940,20716.62
152939,24420.66
152938,47492.45
152937,52249.49
152936,72908.85
152935,46983.18
152934,19455.2
152933,18986.22
152932,23926.73
152931,21911.09
152930,53470.22
152929,57525.65
152928,39590.4
152927,30401.71
152926,32236.0
152925,33307.47
152924,33050.22
152923,38505.54
152922,59362.08
152921,50173.21
152920,18669.98
152919,22075.45
152918,28211.89
152917,360.99
152916,49363.34
152915,63010.96
152914,52572.54
152913,47761.39
152912,23611.64
152911,28751.14
152910,37568.05
152909,41250.07
152908,54126.58
152907,38849.15
152906,17678.25
152905,49408.37
152904,35790.44
152903,31530.44
152902,43409.24
152901,56347.79
152900,48503.56
152899,32371.53
152898,30296.96
152897,34220.75
152896,39977.19
152895,47398.07
152894,64413.91
152893,47549.66
152892,27778.2
152891,38593.87
152890,26274.89
152889,34484.12
152888,46375.25
152887,44447.72
152886,43818.74
152885,20911.16
152884,16485.31
152883,17196.94
152882,30937.09
152881,39484.53
152880,39795.6
152879,26384.15
152878,25006.47
