138116,31502.04
138115,47649.99
138114,33415.51
138113,16890.12
138112,15913.41
138111,15747.94
138110,15541.47
138109,550.99
138108,31009.61
138107,31381.54
138106,14545.28
138105,16551.78
138104,13897.16
138103,22656.44
138102,26390.45
138101,40948.23
138100,27880.84
138099,30852.17
138098,20132.03
138097,22486.26
138096,20018.48
138095,22251.6
138094,44790.61
138093,27530.83
138092,18873.9
138091,16882.02
138090,16119.14
138089,15052.59
138088,26767.94
138087,42024.56
138086,30135.94
138085,10250.88
138084,9191.15
138083,17564.4
138082,22197.91
138081,28741.8
138080,44075.31
138079,21630.2
138078,18385.36
138077,21501.87
138076,23684.67
138075,42673.57
138074,49816.41
138073,77641.33
138072,48207.12
138071,42236.35
138070,23573.71
138069,26885.45
138068,23584.48
138067,33315.04
138066,57242.7
138065,41215.08
138064,19196.62
138063,18726.55
138062,18028.82
138061,17411.89
138060,26566.17
138059,45991.53
138058,35961.49
138057,23494.45
138056,14753.18
138055,16729.38
138054,37174.5
138053,43504.0
138052,60462.8
138051,59439.95
138050,30169.98
138049,39002.78
138048,49750.42
138047,27020.61
138046,29507.18
138045,51283.16
138044,43587.33
138043,17818.91
138042,17980.05
138041,35473.44
138040,26422.72
138039,29254.04
138038,64889.26
138037,52341.16
138036,28052.63
138035,31147.16
138034,1263.08
138033,28250.09
138032,39902.01
138031,80843.75
138030,-132.99
138029,20539.42
138028,19403.84
138027,17329.04
138026,25189.14
138025,27306.55
138024,40766.76
138023,28587.24
138022,18677.57
138021,16900.46
138020,36401.15
138019,37305.33
138018,40147.03
138017,47949.2
138016,47252.04
138015,467.03
138014,22391.71
138013,18706.22
138012,21761.44
138011,23058.96
138010,37148.88
138009,30049.46
138008,18156.33
138007,17177.62
138006,19567.76
138005,39117.74
138004,42614.49
138003,61722.61
138002,49656.09
138001,25958.24
138000,24786.08
137999,35266.08
137998,24622.67
137997,66965.7
137996,45762.31
137995,21896.16
137994,23681.46
137993,21311.65
137992,31900.2
137991,40803.16
137990,62472.83
137989,53281.04
137988,20395.89
137987,19494.9
137986,25061.39
137985,24315.92
137984,43061.7
137983,58543.61
137982,53280.0
137981,27778.66
137980,29036.94
137979,32496.24
137978,30438.62
137977,43160.13
137976,58269.8
137975,57228.65
137974,27053.52
137973,27253.7
137972,28611.97
137971,19.19
137970,48183.3
137969,43196.23
137968,40104.77
137967,48832.35
137966,22967.07
137965,22490.67
137964,28877.3
137963,32313.41
137962,41220.28
137961,40232.91
137960,27231.89
137959,38063.09
137958,38370.0
137957,33903.35
137956,42203.09
137955,58976.34
137954,52151.95
137953,32680.1
137952,34535.54
137951,32188.12
137950,41085.41
137949,45543.2
137948,60872.68
137947,47527.51
137946,23042.41
137945,21179.95
137944,23157.42
137943,25011.38
137942,35286.93
137941,36991.9
137940,48426.66
137939,19510.72
137938,17299.4
137937,21975.32
137936,27976.38
137935,28661.75
137934,37594.1
137933,33126.18
137932,19923.28
