130068,20174.06
130067,30558.56
130066,22696.14
130065,8246.95
130064,11751.59
130063,7301.73
130062,11104.42
130061,361.06
130060,21711.35
130059,15882.01
130058,8084.83
130057,7870.89
130056,10541.91
130055,12012.37
130054,14198.83
130053,28749.08
130052,14408.89
130051,16035.96
130050,10414.15
130049,10768.77
130048,14352.05
130047,12880.5
130046,26256.63
130045,14584.29
130044,9880.25
130043,8283.24
130042,8594.83
130041,10505.59
130040,16141.05
130039,20514.94
130038,19225.25
130037,10375.83
130036,9838.57
130035,11794.76
130034,13715.98
130033,20450.83
130032,32727.47
130031,18775.91
130030,13760.68
130029,11579.55
130028,15663.29
130027,26707.91
130026,32452.39
130025,56032.41
130024,25072.26
130023,27070.89
130022,18212.01
130021,13948.83
130020,11758.73
130019,22589.24
130018,37696.66
130017,27676.53
130016,9970.14
130015,11508.83
130014,12994.31
130013,11775.58
130012,18505.73
130011,34508.17
130010,17489.59
130009,15047.68
130008,12497.91
130007,14058.76
130006,25028.31
130005,35648.02
130004,47810.58
130003,27527.56
130002,18623.39
130001,23450.53
130000,33916.24
129999,21691.57
129998,26801.62
129997,37920.57
129996,29570.14
129995,10546.23
129994,13376.79
129993,23726.93
129992,19932.72
129991,28265.7
129990,47219.56
129989,27348.54
129988,15669.23
129987,15851.78
129986,28687.44
129985,22765.35
129984,33360.31
129983,51878.68
129982,12726.73
129981,11447.91
129980,14344.48
129979,16460.58
129978,18070.43
129977,28757.69
129976,22645.71
129975,10685.47
129974,11466.39
129973,25131.37
129972,18990.9
129971,28805.08
129970,44293.22
129969,24676.31
129968,9.99
129967,13567.61
129966,15286.14
129965,15508.29
129964,19920.54
129963,35625.54
129962,21926.06
129961,10141.77
129960,10253.71
129959,12718.1
129958,27049.33
129957,25744.2
129956,40150.3
129955,28554.65
129954,13059.8
129953,14676.09
129952,15785.74
129951,17778.42
129950,45728.36
129949,29446.55
129948,15904.0
129947,18628.48
129946,18193.02
129945,28398.55
129944,34417.2
129943,61475.2
129942,31766.86
129941,14023.93
129940,15368.44
129939,13646.33
129938,13729.3
129937,35305.43
129936,40243.97
129935,27450.96
129934,15649.51
129933,21297.35
129932,21687.63
129931,20832.83
129930,26433.5
129929,48323.19
129928,29246.62
129927,13317.5
129926,13712.89
129925,16023.7
129924,29216.32
129923,32684.56
129922,23591.12
129921,34072.9
129920,13236.09
129919,15832.95
129918,19248.57
129917,26463.52
129916,33245.45
129915,20580.99
129914,12206.93
129913,23479.55
129912,22598.66
129911,20402.1
129910,25241.64
129909,39648.72
129908,27570.73
129907,17588.79
129906,19140.0
129905,20374.33
129904,25682.86
129903,31039.34
129902,41294.39
129901,32055.26
129900,12698.87
129899,13124.85
129898,14466.45
129897,17449.72
129896,25104.98
129895,26383.08
129894,26291.66
129893,13188.73
129892,10574.81
129891,14178.1
129890,18857.99
129889,21960.94
129888,31241.57
129887,19403.62
129886,16222.37
