129301,34500.34
129300,54106.8
129299,47974.09
129298,12596.68
129297,13019.26
129296,14408.2
129295,16607.41
129294,980.42
129293,39431.64
129292,25719.13
129291,15060.52
129290,14099.44
129289,10933.32
129288,33854.45
129287,36783.21
129286,50638.09
129285,41230.96
129284,27060.11
129283,20588.05
129282,24986.96
129281,23356.43
129280,28752.75
129279,57255.82
129278,48439.32
129277,12124.17
129276,10421.46
129275,12065.9
129274,14216.81
129273,30247.85
129272,51457.19
129271,33086.48
129270,17474.19
129269,20139.57
129268,18364.4
129267,25994.11
129266,28321.48
129265,47189.1
129264,29559.27
129263,14387.28
129262,19140.3
129261,17943.6
129260,37694.59
129259,55730.53
129258,56357.49
129257,47979.79
129256,51139.1
129255,2335.75
129254,33886.72
129253,28649.46
129252,45408.89
129251,68804.62
129250,52765.06
129249,19124.83
129248,18852.0
129247,15551.15
129246,15695.24
129245,28924.23
129244,52962.74
129243,37370.67
129242,27263.45
129241,13627.84
129240,13470.62
129239,56115.37
129238,66080.84
129237,87970.95
129236,77863.52
129235,48627.08
129234,48441.96
129233,67970.33
129232,29985.43
129231,44186.03
129230,63364.21
129229,58503.63
129228,16776.18
129227,17707.12
129226,47340.02
129225,42036.28
129224,45244.58
129223,87663.67
129222,66169.74
129221,36016.2
129220,38109.94
129219,45946.69
129218,31706.74
129217,57426.18
129216,80841.53
129215,19668.36
129214,24067.83
129213,19519.41
129212,25728.98
129211,32842.81
129210,44377.22
129209,28370.2
129208,42.49
129207,16992.91
129206,37649.06
129205,27536.09
129204,42640.36
129203,67614.33
129202,55172.36
129201,15200.02
129200,129.99
129199,27245.44
129198,45315.07
129197,36803.89
129196,283.57
129195,20799.94
129194,20735.66
129193,53985.57
129192,63522.66
129191,85912.33
129190,62145.87
129189,35382.42
129188,36379.04
129187,41541.62
129186,38538.45
129185,50271.55
129184,83284.77
129183,41984.88
129182,21949.39
129181,25086.64
129180,26530.13
129179,49183.92
129178,58639.92
129177,77899.43
129176,50511.4
129175,18918.61
129174,18468.53
129173,23666.42
129172,18963.11
129171,65833.67
129170,80490.92
129169,62180.17
129168,41698.31
129167,38116.91
129166,40956.91
129165,38345.32
129164,55987.4
129163,64943.32
129162,67059.71
129161,18612.75
129160,29535.44
129159,28740.08
129158,55573.13
129157,65246.68
129156,74592.54
129155,63075.36
129154,68303.29
129153,25975.43
129152,26477.19
129151,36165.77
129150,30135.81
129149,50564.04
129148,52476.07
129147,22382.94
129146,58669.26
129145,47372.61
129144,42347.34
129143,47164.92
129142,71617.66
129141,63464.76
129140,36722.7
129139,35909.98
129138,36439.96
129137,48134.03
129136,55497.68
129135,72383.88
129134,46168.95
129133,28687.57
129132,25315.76
129131,25053.28
129130,40649.87
129129,52442.41
129128,50655.34
129127,52906.54
129126,26677.57
129125,20080.38
129124,28441.46
129123,36366.26
129122,36168.73
129121,39058.17
129120,29136.96
129119,25247.12
