148653,19366.91
148652,29943.76
148651,16360.21
148650,8634.97
148649,9165.96
148648,6952.69
148647,7744.42
148646,520.18
148645,18320.6
148644,11064.89
148643,5480.35
148642,6795.05
148641,7075.27
148640,12763.2
148639,16760.29
148638,25594.16
148637,13935.41
148636,13781.33
148635,11665.77
148634,7752.2
148633,9725.58
148632,4449.44
148631,21021.41
148630,12745.17
148629,7630.07
148628,4770.94
148627,6118.35
148626,6589.59
148625,16036.2
148624,24339.76
148623,11543.53
148622,9504.17
148621,4935.17
148620,7886.48
148619,13389.21
148618,16395.18
148617,28555.92
148616,11490.49
148615,7166.5
148614,7570.91
148613,11526.19
148612,25346.24
148611,33407.81
148610,50764.26
148609,18959.59
148608,16017.57
148607,11473.51
148606,16607.01
148605,11589.56
148604,20512.77
148603,29251.94
148602,14732.41
148601,10072.85
148600,6886.72
148599,7382.42
148598,10527.72
148597,17401.21
148596,26114.66
148595,14846.47
148594,12778.22
148593,7205.58
148592,9417.26
148591,23353.79
148590,30651.64
148589,46661.2
148588,26665.91
148587,18732.44
148586,25310.05
148585,30236.15
148584,14717.77
148583,25543.8
148582,39348.65
148581,24176.63
148580,11263.83
148579,11329.71
148578,27020.33
148577,21510.98
148576,29144.78
148575,48072.64
148574,22461.04
148573,19662.2
148572,20878.99
148571,26800.76
148570,18597.29
148569,43154.26
148568,50631.35
148567,10109.4
148566,12762.32
148565,11637.01
148564,11208.44
148563,17998.67
148562,26997.21
148561,13151.28
148560,489.41
148559,8848.16
148558,17485.73
148557,20441.1
148556,29085.54
148555,37391.11
148554,24322.1
148553,7144.15
148552,695.23
148551,417.68
148550,229.35
148549,14789.26
148548,22488.46
148547,12811.24
148546,181.18
148545,9557.31
148544,8411.13
148543,21070.87
148542,27088.68
148541,31696.27
148540,20572.17
148539,14901.14
148538,18629.1
148537,14842.71
148536,15155.62
148535,24667.04
148534,40419.12
148533,20488.13
148532,13767.02
148531,18655.32
148530,16855.92
148529,24164.43
148528,28193.85
148527,46660.61
148526,21131.73
148525,10495.14
148524,12825.53
148523,12917.37
148522,15122.7
148521,31123.08
148520,37191.11
148519,25519.21
148518,15512.47
148517,17902.82
148516,19834.22
148515,19027.67
148514,22992.64
148513,35203.12
148512,23603.93
148511,12953.37
148510,12383.26
148509,13194.27
148508,20542.95
148507,25853.42
148506,29512.93
148505,18702.51
148504,23121.13
148503,12090.5
148502,9872.88
148501,14246.99
148500,20116.97
148499,25430.82
148498,18529.29
148497,14036.75
148496,26146.16
148495,19284.43
148494,20642.85
148493,25904.63
148492,34860.65
148491,21898.32
148490,20333.35
148489,18146.57
148488,19390.98
148487,23061.0
148486,29731.16
148485,38619.98
148484,20049.25
148483,8806.56
148482,11205.33
148481,12980.98
148480,13438.43
148479,20949.04
148478,23967.44
148477,21145.98
148476,7620.56
148475,7551.9
148474,10862.17
148473,13436.64
148472,18235.12
148471,22309.6
148470,13136.58
148469,11238.82
