91563,27354.47
91562,46741.19
91561,33669.59
91560,13313.2
91559,11451.19
91558,10994.48
91557,14025.08
91556,336.5
91555,28815.92
91554,22960.89
91553,11156.04
91552,8764.53
91551,13814.68
91550,18843.26
91549,22087.33
91548,34284.99
91547,23515.5
91546,21412.2
91545,15461.4
91544,12812.02
91543,15800.39
91542,16592.19
91541,39283.32
91540,25419.8
91539,15281.58
91538,10993.84
91537,13097.46
91536,13880.81
91535,26989.45
91534,41501.88
91533,29344.97
91532,15449.36
91531,15648.14
91530,19583.06
91529,24500.99
91528,28243.62
91527,46075.58
91526,19465.58
91525,15396.87
91524,16640.21
91523,22337.76
91522,38915.12
91521,51659.59
91520,77209.84
91519,50958.41
91518,30661.45
91517,27828.57
91516,28221.8
91515,21482.53
91514,36866.48
91513,54725.54
91512,38328.89
91511,17761.75
91510,17716.64
91509,18095.57
91508,22203.63
91507,30406.74
91506,52374.86
91505,28919.75
91504,25377.84
91503,18616.82
91502,22665.16
91501,36340.1
91500,47574.51
91499,73661.85
91498,47776.49
91497,30245.23
91496,23014.67
91495,33045.07
91494,33789.2
91493,38944.32
91492,66634.09
91491,40448.08
91490,24828.93
91489,25076.84
91488,33379.37
91487,36326.7
91486,44876.31
91485,61197.04
91484,43790.76
91483,23780.09
91482,28772.57
91481,36204.27
91480,30822.17
91479,65825.94
91478,68793.22
91477,15744.83
91476,16600.86
91475,14587.32
91474,27016.21
91473,30684.6
91472,48383.96
91471,31619.59
91470,816.27
91469,19805.42
91468,32710.49
91467,32946.25
91466,47810.29
91465,65179.2
91464,49935.41
91463,19955.02
91462,17705.13
91461,23814.57
91460,29032.39
91459,33226.27
91458,49354.53
91457,37331.21
91456,13019.02
91455,19672.75
91454,18243.04
91453,35277.33
91452,45612.45
91451,59354.24
91450,34163.67
91449,29138.31
91448,25436.66
91447,28816.09
91446,27682.24
91445,434.31
91444,66654.36
91443,37666.59
91442,21967.91
91441,24652.28
91440,28985.67
91439,42081.05
91438,55943.47
91437,90848.74
91436,43814.34
91435,19069.95
91434,23472.01
91433,22257.28
91432,24609.18
91431,48463.57
91430,59977.32
91429,48015.24
91428,22085.14
91427,31509.91
91426,29507.79
91425,23633.35
91424,57239.51
91423,62326.92
91422,55201.59
91421,27280.04
91420,25858.29
91419,27443.01
91418,302.91
91417,31890.95
91416,70623.67
91415,45975.49
91414,53089.88
91413,23494.53
91412,25352.65
91411,19716.28
91410,34036.07
91409,51855.28
91408,37807.88
91407,24062.67
91406,37977.77
91405,29501.91
91404,32153.71
91403,42611.66
91402,63993.86
91401,35222.27
91400,26698.98
91399,29842.7
91398,32564.86
91397,36216.98
91396,56334.64
91395,61303.31
91394,46153.43
91393,22181.36
91392,20378.56
91391,23650.46
91390,26650.92
91389,44220.07
91388,45787.43
91387,39799.09
91386,16574.03
91385,17368.97
91384,21010.8
91383,23853.31
91382,35649.84
91381,44796.92
91380,29799.89
91379,27248.64
