28003,31163.27
28002,60855.27
28001,41890.68
28000,10221.35
27999,12745.31
27998,11095.7
27997,14557.2
27996,1462.2
27995,26386.34
27994,10548.86
27993,8019.23
27992,6289.59
27991,10988.68
27990,28124.32
27989,31350.72
27988,48678.94
27987,32343.58
27986,29033.3
27985,21369.29
27984,20435.36
27983,22571.19
27982,27342.07
27981,37879.53
27980,34319.12
27979,10553.69
27978,12355.57
27977,14365.12
27976,14296.66
27975,30665.72
27974,43219.89
27973,26898.93
27972,20631.69
27971,17711.53
27970,20288.47
27969,20946.26
27968,28854.12
27967,42091.06
27966,26713.05
27965,15715.1
27964,12051.12
27963,16995.56
27962,48159.59
27961,53257.39
27960,87474.51
27959,53694.84
27958,40996.93
27957,33436.91
27956,31582.63
27955,30619.81
27954,42032.91
27953,73278.49
27952,45557.74
27951,18263.4
27950,21628.37
27949,8373.99
27948,6246.13
27947,26588.23
27946,52528.52
27945,35500.79
27944,30505.34
27943,6888.65
27942,14257.5
27941,46253.1
27940,70196.79
27939,97703.92
27938,74593.3
27937,45841.38
27936,51949.3
27935,65940.3
27934,29352.27
27933,44920.01
27932,70928.9
27931,47332.3
27930,16331.15
27929,20222.07
27928,42373.84
27927,38712.12
27926,58084.55
27925,105341.47
27924,59626.13
27923,39506.95
27922,48858.75
27921,28771.72
27920,29320.43
27919,69126.22
27918,80067.25
27917,22375.99
27916,23986.46
27915,20706.43
27914,24810.72
27913,30747.69
27912,42231.73
27911,25735.09
27910,1237.16
27909,18015.38
27908,32714.52
27907,31760.63
27906,49092.44
27905,83231.44
27904,36231.28
27903,16592.25
27902,20323.21
27901,21751.84
27900,22782.24
27899,34557.75
27898,42923.01
27897,35805.47
27896,23544.14
27895,20276.13
27894,25464.3
27893,55867.59
27892,68760.67
27891,80644.52
27890,50063.68
27889,36957.3
27888,32857.85
27887,41000.16
27886,35158.9
27885,1101.07
27884,73087.58
27883,38260.95
27882,22045.1
27881,30057.72
27880,27143.95
27879,42792.07
27878,53957.05
27877,77882.98
27876,38814.75
27875,23968.91
27874,21624.46
27873,23749.55
27872,21738.32
27871,60596.48
27870,76367.39
27869,51225.64
27868,33716.78
27867,33016.35
27866,43414.89
27865,33708.06
27864,47785.56
27863,65267.77
27862,54052.89
27861,25290.47
27860,26483.72
27859,28054.19
27858,380.25
27857,54761.8
27856,55201.44
27855,46156.97
27854,51157.83
27853,26463.42
27852,26835.78
27851,32546.18
27850,37256.45
27849,55275.74
27848,48702.13
27847,23739.06
27846,53416.88
27845,45828.1
27844,43808.04
27843,56623.64
27842,68199.14
27841,48531.87
27840,36827.73
27839,43897.64
27838,40404.25
27837,49377.3
27836,59562.06
27835,57074.63
27834,41753.83
27833,27005.26
27832,26696.42
27831,25346.19
27830,35913.89
27829,46242.21
27828,36929.95
27827,44369.21
27826,19241.21
27825,17463.78
27824,24021.07
27823,30809.28
27822,32482.84
27821,28436.97
27820,20728.72
27819,21628.32
