115893,32021.04
115892,40035.87
115891,26047.2
115890,13005.44
115889,13555.24
115888,12262.38
115887,12400.15
115886,2351.51
115885,26584.47
115884,20828.37
115883,11245.94
115882,12988.56
115881,11740.74
115880,18668.07
115879,21537.59
115878,41783.91
115877,22127.87
115876,25361.54
115875,12841.08
115874,14416.02
115873,15575.04
115872,6437.68
115871,41708.14
115870,21809.22
115869,12538.0
115868,12727.55
115867,11358.74
115866,12787.56
115865,21257.01
115864,36958.4
115863,22735.54
115862,14527.42
115861,15390.97
115860,13338.68
115859,16613.0
115858,23434.81
115857,34702.94
115856,12774.47
115855,12380.0
115854,15392.14
115853,18696.43
115852,33994.65
115851,46313.79
115850,75244.62
115849,34538.42
115848,27198.47
115847,23373.78
115846,25287.92
115845,22022.14
115844,29598.88
115843,53892.64
115842,27841.46
115841,16213.5
115840,11324.96
115839,18261.04
115838,16711.35
115837,25519.77
115836,51530.73
115835,26459.39
115834,21125.06
115833,18583.47
115832,15956.13
115831,33542.83
115830,47160.04
115829,61213.07
115828,41341.79
115827,32604.7
115826,28117.6
115825,31193.37
115824,23208.71
115823,36445.55
115822,65909.77
115821,29890.57
115820,18074.47
115819,18551.58
115818,32789.69
115817,29336.23
115816,41210.66
115815,60965.69
115814,33697.91
115813,29148.5
115812,35683.27
115811,35227.99
115810,40222.84
115809,46640.81
115808,58949.91
115807,-9.99
115806,12384.21
115805,13536.27
115804,12905.22
115803,18702.45
115802,23507.52
115801,40012.37
115800,22667.5
115799,14427.3
115798,19602.0
115797,32715.48
115796,30070.13
115795,36627.02
115794,52465.56
115793,38694.26
115792,110.83
115791,17109.5
115790,18597.37
115789,20776.1
115788,28149.25
115787,39804.82
115786,27382.66
115785,13362.99
115784,13193.82
115783,16756.29
115782,32221.2
115781,42760.46
115780,51274.68
115779,32585.09
115778,27767.03
115777,25400.85
115776,24656.51
115775,28966.1
115774,62999.14
115773,30277.32
115772,21883.22
115771,23468.47
115770,26430.19
115769,33642.92
115768,36356.77
115767,67354.98
115766,33207.95
115765,67.54
115764,26425.36
115763,24309.68
115762,53755.21
115761,60010.75
115760,29870.03
115759,23185.43
115758,29182.85
115757,28600.97
115756,25042.2
115755,36530.2
115754,53266.59
115753,35964.12
115752,18208.25
115751,24421.33
115750,22638.81
115749,0.0
115748,37665.99
115747,50640.49
115746,27390.09
115745,38568.79
115744,20695.55
115743,19584.25
115742,24442.55
115741,32842.35
115740,48318.1
115739,28008.09
115738,18544.96
115737,31896.06
115736,34930.95
115735,27052.09
115734,41770.56
115733,47708.44
115732,32597.25
115731,25779.32
115730,23282.32
115729,25144.74
115728,37711.15
115727,47690.59
115726,51630.02
115725,30772.3
115724,18788.04
115723,26198.37
115722,21388.69
115721,22188.04
115720,36648.96
115719,42493.26
115718,29046.09
115717,14579.62
115716,14450.76
115715,20437.84
115714,19758.18
115713,27481.62
115712,37312.31
115711,20344.59
115710,21517.98
