119545,30421.23
119544,40396.7
119543,33262.29
119542,13963.05
119541,10693.85
119540,10870.89
119539,10584.57
119538,585.52
119537,28459.22
119536,25629.92
119535,10516.13
119534,13592.72
119533,11264.48
119532,20071.15
119531,20872.05
119530,41604.64
119529,26159.48
119528,28306.43
119527,12354.21
119526,12152.41
119525,10609.99
119524,9026.96
119523,37546.29
119522,24614.47
119521,9596.37
119520,10811.63
119519,11554.5
119518,11821.81
119517,24530.97
119516,39340.47
119515,22944.38
119514,10921.49
119513,8375.46
119512,15640.94
119511,16525.43
119510,20547.88
119509,36906.82
119508,17968.36
119507,13662.19
119506,12564.45
119505,15088.17
119504,31038.16
119503,39516.73
119502,72878.35
119501,35236.47
119500,27023.63
119499,20224.18
119498,20882.8
119497,16823.07
119496,24615.62
119495,53018.63
119494,31070.67
119493,12085.88
119492,11662.67
119491,15891.22
119490,18899.98
119489,23847.26
119488,48217.57
119487,29162.39
119486,25760.09
119485,15376.19
119484,17212.01
119483,33124.3
119482,35528.32
119481,65680.75
119480,44707.02
119479,27715.96
119478,30726.27
119477,29516.58
119476,17464.77
119475,28524.78
119474,64801.53
119473,40434.63
119472,16532.26
119471,18347.63
119470,34232.3
119469,31927.17
119468,35037.7
119467,69042.21
119466,40448.81
119465,31078.72
119464,32437.75
119463,35797.91
119462,31410.38
119461,60003.96
119460,74267.34
119459,-61.6
119458,16199.2
119457,14849.81
119456,13149.09
119455,17835.48
119454,27486.47
119453,45380.54
119452,32827.08
119451,505.84
119450,12546.74
119449,27470.84
119448,28745.05
119447,40748.53
119446,60715.3
119445,47993.86
119444,14065.04
119443,16591.59
119442,16991.55
119441,18648.38
119440,25937.28
119439,41901.01
119438,33486.66
119437,18081.57
119436,15405.44
119435,13893.77
119434,31420.33
119433,39828.13
119432,52259.09
119431,37555.87
119430,23077.0
119429,21650.93
119428,25744.47
119427,30086.58
119426,774.67
119425,74735.52
119424,39167.49
119423,17812.46
119422,21124.0
119421,28458.18
119420,29085.83
119419,43470.1
119418,71899.74
119417,37665.42
119416,13591.55
119415,23113.46
119414,24423.45
119413,21335.99
119412,44774.61
119411,67905.73
119410,40338.07
119409,26276.99
119408,27025.85
119407,30044.69
119406,25734.21
119405,38049.24
119404,65539.77
119403,49221.96
119402,22598.4
119401,23646.21
119400,20479.17
119399,515.18
119398,34638.62
119397,58500.55
119396,36082.31
119395,42693.73
119394,19212.19
119393,17688.92
119392,22188.95
119391,27956.01
119390,50039.98
119389,37493.82
119388,18885.0
119387,29241.5
119386,33524.38
119385,24997.44
119384,35275.87
119383,53961.43
119382,39852.61
119381,26517.13
119380,24900.87
119379,24814.16
119378,36067.35
119377,40091.69
119376,66170.32
119375,41369.44
119374,17736.1
119373,18094.29
119372,18293.44
119371,20131.55
119370,29615.17
119369,41869.68
119368,40450.92
119367,16210.38
119366,13382.06
119365,19963.09
119364,26089.82
119363,26150.86
119362,40079.37
119361,25636.11
119360,23584.51
