92716,45067.55
92715,77389.77
92714,57454.65
92713,24965.63
92712,30338.74
92711,25655.67
92710,26729.64
92709,530.5
92708,55471.92
92707,36044.63
92706,18181.54
92705,21589.72
92704,24267.71
92703,37367.91
92702,35732.61
92701,63937.29
92700,38399.53
92699,48896.56
92698,26301.1
92697,28768.61
92696,31370.52
92695,22493.81
92694,52994.82
92693,43967.44
92692,22000.41
92691,22866.55
92690,22223.56
92689,20207.98
92688,38853.73
92687,60894.96
92686,36752.62
92685,22486.27
92684,17877.72
92683,22448.13
92682,33426.54
92681,43568.31
92680,63242.24
92679,37472.94
92678,22013.76
92677,27529.6
92676,39042.91
92675,56746.82
92674,77856.52
92673,116817.48
92672,61252.69
92671,42193.17
92670,29633.04
92669,36805.61
92668,29045.01
92667,50225.34
92666,77468.31
92665,47478.08
92664,19952.24
92663,24267.51
92662,23268.88
92661,27654.04
92660,45808.14
92659,76541.29
92658,35996.21
92657,35545.25
92656,23668.65
92655,31793.05
92654,53761.05
92653,71093.85
92652,106555.23
92651,69325.21
92650,46021.18
92649,57095.03
92648,73372.71
92647,44774.85
92646,62759.35
92645,100531.72
92644,74075.25
92643,34749.89
92642,38142.22
92641,64448.57
92640,59154.39
92639,74702.46
92638,113665.34
92637,71162.27
92636,42077.22
92635,50119.57
92634,58670.14
92633,58635.12
92632,95290.65
92631,134735.44
92630,36083.62
92629,32084.72
92628,33627.15
92627,37652.91
92626,44240.34
92625,72397.96
92624,46083.0
92623,916.58
92622,22337.71
92621,47451.89
92620,44215.47
92619,62154.11
92618,87047.63
92617,62132.93
92616,24272.55
92615,1373.61
92614,1099.78
92613,54.97
92612,40796.35
92611,63027.79
92610,45059.21
92609,1413.83
92608,26306.62
92607,31635.96
92606,46928.92
92605,61703.68
92604,95110.98
92603,55923.48
92602,36186.61
92601,41661.43
92600,40254.24
92599,43357.04
92598,70161.54
92597,88366.26
92596,60900.78
92595,36637.93
92594,48372.01
92593,43384.73
92592,58548.56
92591,79413.26
92590,123995.46
92589,56576.88
92588,31107.92
92587,38415.55
92586,33524.47
92585,39909.75
92584,74519.18
92583,86208.71
92582,63878.68
92581,40643.16
92580,41203.88
92579,46740.45
92578,33039.63
92577,58205.27
92576,93645.09
92575,56976.26
92574,29631.96
92573,32354.63
92572,34727.96
92571,46161.47
92570,66091.48
92569,78786.39
92568,57820.05
92567,74833.26
92566,34910.07
92565,40688.96
92564,47926.24
92563,56568.02
92562,62449.84
92561,49443.27
92560,28133.0
92559,53806.87
92558,47922.17
92557,44022.22
92556,61060.57
92555,84108.52
92554,54776.81
92553,38703.95
92552,41665.41
92551,42740.5
92550,50879.49
92549,68557.07
92548,90395.09
92547,49910.16
92546,26252.63
92545,28900.89
92544,30315.26
92543,35192.51
92542,54202.4
92541,52644.43
92540,47095.29
92539,25355.59
92538,20114.54
92537,31137.65
92536,32354.69
92535,47529.25
92534,56038.37
92533,35581.79
92532,30155.56
