170302,24406.32
170301,56937.08
170300,37228.7
170299,16770.99
170298,14685.64
170297,18240.04
170296,15137.62
170295,1234.42
170294,35811.47
170293,22784.5
170292,12428.74
170291,14256.51
170290,11617.05
170289,27950.59
170288,31099.28
170287,49145.02
170286,28490.58
170285,37272.45
170284,22152.02
170283,22222.23
170282,29983.04
170281,18682.16
170280,207.08
170279,7035.11
170278,13173.26
170277,13064.62
170276,16837.41
170275,16623.02
170274,30883.8
170273,48414.77
170272,26856.56
170271,19209.39
170270,16993.36
170269,18482.82
170268,23277.07
170267,32222.25
170266,47905.63
170265,22629.05
170264,15399.31
170263,9858.49
170262,22433.73
170261,45248.44
170260,49115.86
170259,73598.03
170258,45948.75
170257,24537.47
170256,17709.36
170255,32131.45
170254,20490.74
170253,42375.43
170252,64441.52
170251,34464.0
170250,20102.42
170249,19945.17
170248,17137.07
170247,17629.21
170246,35234.26
170245,55817.61
170244,24816.83
170243,20528.02
170242,13550.8
170241,17078.76
170240,45334.06
170239,47588.11
170238,82422.17
170237,56503.66
170236,37885.95
170235,47863.26
170234,63800.29
170233,32176.97
170232,49009.19
170231,60856.86
170230,42837.02
170229,18174.62
170228,18082.18
170227,38586.44
170226,40079.52
170225,48192.73
170224,77415.17
170223,46663.02
170222,30667.65
170221,35666.08
170220,49340.31
170219,42602.13
170218,67178.39
170217,79654.49
170216,19417.67
170215,16200.01
170214,22909.79
170213,26908.75
170212,40581.09
170211,55865.65
170210,29836.41
170209,943.1
170208,18576.04
170207,34981.15
170206,29463.81
170205,45217.77
170204,64023.5
170203,44962.06
170202,15821.04
170201,749.91
170200,829.73
170199,436.62
170198,35179.42
170197,43809.16
170196,32728.5
170195,914.66
170194,22623.62
170193,24841.18
170192,46530.81
170191,59077.28
170190,68294.45
170189,46236.9
170188,33357.26
170187,35410.23
170186,40325.76
170185,33195.63
170184,49611.44
170183,77046.8
170182,37831.47
170181,24347.38
170180,27389.7
170179,29494.84
170178,40141.43
170177,53069.68
170176,73212.93
170175,44912.27
170174,23999.49
170173,22043.56
170172,21409.35
170171,19918.58
170170,54756.94
170169,58770.81
170168,40806.66
170167,31196.72
170166,33220.65
170165,35134.67
170164,28657.91
170163,43370.8
170162,62805.32
170161,48955.87
170160,20848.77
170159,22757.89
170158,27112.32
170157,39032.9
170156,52807.48
170155,54046.98
170154,38806.68
170153,52959.01
170152,31091.48
170151,28187.43
170150,33294.26
170149,40079.98
170148,46106.02
170147,36546.5
170146,23427.25
170145,45992.04
170144,44923.43
170143,41535.33
170142,47380.42
170141,60300.45
170140,41119.89
170139,33266.91
170138,38252.42
170137,28212.2
170136,41221.67
170135,50463.39
170134,49124.07
170133,38102.37
170132,20205.04
170131,16726.16
170130,23971.09
170129,28603.23
170128,43682.17
170127,36929.02
170126,38973.1
170125,19204.27
170124,16198.12
170123,25740.43
170122,28507.84
170121,30347.35
170120,37947.4
170119,24148.7
170118,26174.19
