51983,41918.97
51982,61780.61
51981,51016.54
51980,22413.01
51979,21598.66
51978,17904.46
51977,16802.11
51976,1582.7
51975,47430.46
51974,46045.38
51973,20826.47
51972,19060.24
51971,23784.68
51970,34755.81
51969,39060.37
51968,60538.07
51967,37599.39
51966,46766.64
51965,28587.23
51964,26149.53
51963,27315.78
51962,29106.79
51961,65039.06
51960,36457.35
51959,17083.31
51958,26686.39
51957,23836.11
51956,22683.04
51955,34620.74
51954,62072.96
51953,43912.6
51952,17973.02
51951,12578.57
51950,25731.61
51949,27034.02
51948,37264.49
51947,64873.11
51946,29966.03
51945,29503.25
51944,30649.78
51943,34163.27
51942,62240.25
51941,74214.06
51940,110534.02
51939,82098.52
51938,67922.37
51937,42808.0
51936,41131.14
51935,30242.08
51934,48484.26
51933,84783.1
51932,73060.48
51931,25495.75
51930,22736.02
51929,27899.8
51928,26755.5
51927,39873.74
51926,61076.6
51925,49384.2
51924,40530.77
51923,30185.45
51922,26889.0
51921,49789.42
51920,58679.94
51919,96731.16
51918,85506.97
51917,42885.01
51916,56414.39
51915,74298.84
51914,37459.55
51913,48003.84
51912,78851.99
51911,72205.39
51910,23158.74
51909,30384.96
51908,58326.15
51907,43046.13
51906,45193.22
51905,96103.41
51904,75750.11
51903,42866.0
51902,48942.0
51901,2868.86
51900,36942.04
51899,56458.6
51898,80821.06
51897,31309.85
51896,26743.28
51895,26727.95
51894,28819.86
51893,40742.49
51892,59755.3
51891,58608.56
51890,26199.41
51889,27749.62
51888,45906.39
51887,47939.22
51886,54306.06
51885,82875.88
51884,71078.75
51883,2034.32
51882,33645.01
51881,30600.25
51880,34907.33
51879,34179.13
51878,19459.39
51877,29928.34
51876,24509.25
51875,26516.37
51874,29531.6
51873,57219.15
51872,58421.64
51871,97111.52
51870,75220.41
51869,45760.74
51868,43771.62
51867,46587.68
51866,39377.29
51865,1770.65
51864,96895.65
51863,54278.1
51862,34434.91
51861,33273.9
51860,39042.66
51859,53797.41
51858,55006.66
51857,91404.14
51856,69111.98
51855,26876.36
51854,26890.05
51853,33863.62
51852,36354.46
51851,62418.08
51850,86748.06
51849,78130.01
51848,44160.95
51847,54729.16
51846,53455.42
51845,51451.28
51844,60747.59
51843,88352.21
51842,103553.12
51841,37141.81
51840,39610.16
51839,41227.06
51838,664.66
51837,61417.26
51836,71400.49
51835,66493.34
51834,70578.22
51833,33368.59
51832,38440.16
51831,41080.36
51830,49707.82
51829,65942.55
51828,60758.26
51827,28532.13
51826,50814.45
51825,60466.25
51824,56464.77
51823,62277.34
51822,87434.85
51821,89185.16
51820,48079.65
51819,54694.33
51818,57808.89
51817,52453.29
51816,71591.3
51815,79205.99
51814,71240.35
51813,26866.13
51812,33218.12
51811,35422.53
51810,33255.85
51809,47145.78
51808,56792.14
51807,66126.39
51806,33063.15
51805,24748.09
51804,32830.77
51803,39423.73
51802,39361.22
51801,59561.65
51800,45998.77
51799,31431.51
