117624,31567.64
117623,56196.77
117622,56951.17
117621,23540.78
117620,16847.44
117619,18903.23
117618,21118.52
117617,1135.88
117616,42691.52
117615,37070.34
117614,21016.12
117613,14484.88
117612,20117.24
117611,27363.3
117610,31966.5
117609,44150.61
117608,39408.57
117607,36763.04
117606,22517.25
117605,24154.25
117604,22081.94
117603,27739.64
117602,50679.5
117601,38488.74
117600,16450.6
117599,18671.68
117598,15856.14
117597,20143.94
117596,34717.35
117595,49311.67
117594,31529.65
117593,19669.77
117592,26292.55
117591,26631.56
117590,32726.07
117589,34801.67
117588,54162.44
117587,35646.55
117586,22146.81
117585,25101.1
117584,29085.48
117583,50289.36
117582,64778.92
117581,81096.7
117580,49913.62
117579,47553.38
117578,31521.63
117577,37157.88
117576,27010.52
117575,43977.48
117574,65860.82
117573,54202.63
117572,23314.84
117571,26159.12
117570,27558.83
117569,26452.09
117568,38032.78
117567,56048.73
117566,42241.79
117565,38378.97
117564,24246.45
117563,23560.62
117562,53492.84
117561,53854.05
117560,78334.71
117559,69350.5
117558,33812.13
117557,48652.66
117556,65660.85
117555,35970.28
117554,41930.54
117553,67898.94
117552,58087.72
117551,27337.92
117550,26503.38
117549,44044.49
117548,40151.38
117547,48091.7
117546,78814.6
117545,65690.59
117544,41166.59
117543,40942.38
117542,55581.58
117541,43686.68
117540,62374.4
117539,87453.19
117538,28381.8
117537,21107.35
117536,25622.33
117535,32587.5
117534,36549.5
117533,56708.29
117532,48825.66
117531,1656.08
117530,26559.23
117529,40751.84
117528,34233.61
117527,48979.86
117526,70218.61
117525,75379.99
117524,24512.35
117523,24296.73
117522,26086.02
117521,27103.5
117520,40113.99
117519,49211.62
117518,50223.48
117517,25991.44
117516,28755.94
117515,27292.52
117514,48494.18
117513,52916.66
117512,75094.45
117511,58506.45
117510,37214.1
117509,41556.1
117508,36501.17
117507,39001.26
117506,1647.28
117505,82210.88
117504,55286.42
117503,30489.28
117502,36827.14
117501,33818.52
117500,48716.76
117499,63826.35
117498,86910.34
117497,63996.1
117496,29485.59
117495,31711.51
117494,33922.83
117493,29911.98
117492,61570.46
117491,70515.28
117490,61721.47
117489,36002.23
117488,39234.44
117487,42865.01
117486,42428.3
117485,57161.97
117484,72190.87
117483,64830.57
117482,28577.74
117481,28234.38
117480,29538.36
117479,646.6
117478,44502.57
117477,64531.15
117476,57718.35
117475,67735.51
117474,33659.13
117473,29591.35
117472,33896.29
117471,42962.85
117470,63284.38
117469,59637.63
117468,34471.68
117467,51808.5
117466,49232.02
117465,42328.34
117464,55675.98
117463,68823.1
117462,61663.51
117461,40038.89
117460,39855.7
117459,40289.78
117458,51817.21
117457,67244.14
117456,84152.9
117455,68068.8
117454,36236.2
117453,40860.88
117452,37958.16
117451,37016.37
117450,50193.66
117449,53647.13
117448,62200.7
117447,34403.26
117446,21294.16
117445,35260.81
117444,34834.33
117443,40309.39
117442,64192.36
117441,46291.78
117440,32207.52
