162653,16106.38
162652,27081.17
162651,19868.09
162650,11334.89
162649,6994.48
162648,9450.85
162647,11229.44
162646,346.76
162645,23061.86
162644,12715.84
162643,5659.13
162642,9569.12
162641,10487.56
162640,13540.78
162639,15955.37
162638,24569.5
162637,16830.51
162636,20214.65
162635,10357.93
162634,11682.99
162633,13120.86
162632,15014.7
162631,27203.22
162630,13633.86
162629,9690.88
162628,9383.41
162627,9710.02
162626,11211.24
162625,16969.03
162624,27144.55
162623,20542.84
162622,14272.23
162621,11034.1
162620,14065.79
162619,16500.96
162618,17917.97
162617,29215.47
162616,15340.12
162615,9604.55
162614,11568.65
162613,13932.67
162612,24223.05
162611,29043.6
162610,44623.66
162609,25413.43
162608,21305.52
162607,16422.21
162606,17250.73
162605,14674.88
162604,22149.82
162603,41213.18
162602,23237.76
162601,12945.05
162600,11390.07
162599,13623.56
162598,15217.77
162597,17815.53
162596,30869.54
162595,15474.96
162594,13600.48
162593,11740.91
162592,14173.17
162591,22008.8
162590,31158.99
162589,42769.5
162588,28190.47
162587,19380.2
162586,20548.33
162585,17506.99
162584,21730.83
162583,28647.72
162582,37066.96
162581,25083.3
162580,19183.81
162579,17509.97
162578,22931.37
162577,22834.21
162576,29345.92
162575,39139.68
162574,23743.57
162573,14379.66
162572,15979.16
162571,20201.34
162570,19844.28
162569,39952.2
162568,43859.73
162567,12272.55
162566,12315.32
162565,15333.68
162564,15418.08
162563,17927.04
162562,27782.73
162561,15561.95
162560,0.0
162559,12536.8
162558,24795.39
162557,21567.61
162556,32213.84
162555,43806.12
162554,27437.34
162553,11003.26
162552,12353.59
162551,10651.54
162550,13889.18
162549,19023.72
162548,30949.25
162547,19171.07
162546,8448.99
162545,11467.96
162544,12111.21
162543,21687.53
162542,27315.44
162541,39732.11
162540,23240.07
162539,16499.68
162538,15127.03
162537,20326.21
162536,19875.34
162535,58.64
162534,44296.03
162533,21263.27
162532,15255.36
162531,15036.37
162530,17334.56
162529,23200.09
162528,25886.48
162527,47216.79
162526,24557.11
162525,13960.78
162524,18178.74
162523,17916.04
162522,18509.76
162521,29342.81
162520,34601.37
162519,30018.23
162518,21773.55
162517,17389.4
162516,22303.31
162515,17643.05
162514,27865.41
162513,34580.98
162512,30810.19
162511,15431.13
162510,14777.25
162509,16090.54
162508,16623.38
162507,42423.86
162506,24317.0
162505,30334.57
162504,14051.34
162503,14889.27
162502,18005.2
162501,22990.91
162500,32164.95
162499,20148.38
162498,16838.18
162497,24798.95
162496,19638.3
162495,21074.74
162494,26712.47
162493,40128.82
162492,23656.56
162491,19732.69
162490,20705.22
162489,21212.83
162488,23158.33
162487,28480.52
162486,31275.9
162485,23035.38
162484,11825.94
162483,15588.67
162482,17642.44
162481,14569.02
162480,21223.37
162479,22088.37
162478,23024.7
162477,13524.19
162476,8507.74
162475,16478.14
162474,19063.39
162473,18639.91
162472,26690.75
162471,17176.9
162470,15367.41
