30891,51999.35
30890,87537.45
30889,78451.37
30888,28484.53
30887,29226.13
30886,31507.41
30885,33600.31
30884,2206.04
30883,50782.3
30882,43826.3
30881,20592.82
30880,18543.07
30879,24145.21
30878,45044.69
30877,55241.09
30876,77003.78
30875,48941.03
30874,50527.72
30873,36007.54
30872,32503.11
30871,42002.74
30870,41825.55
30869,76568.72
30868,57424.89
30867,22245.94
30866,24100.11
30865,26292.2
30864,23846.79
30863,53816.97
30862,73531.6
30861,55435.14
30860,30416.55
30859,25482.56
30858,35430.87
30857,38129.08
30856,53325.29
30855,73741.37
30854,39765.54
30853,25896.81
30852,26345.11
30851,31296.59
30850,74709.23
30849,94050.78
30848,126700.79
30847,69050.77
30846,61862.48
30845,49195.84
30844,57555.16
30843,40689.04
30842,67585.08
30841,104624.81
30840,72826.11
30839,29085.7
30838,33189.98
30837,8126.31
30836,25958.65
30835,44225.24
30834,78422.39
30833,56960.74
30832,49250.45
30831,24323.35
30830,32206.39
30829,65754.26
30828,96619.36
30827,133073.76
30826,117057.31
30825,67711.98
30824,82893.64
30823,107562.96
30822,49406.86
30821,65641.33
30820,104758.11
30819,83744.93
30818,33723.12
30817,32981.24
30816,70221.34
30815,66724.5
30814,73563.42
30813,118557.6
30812,94855.82
30811,62721.64
30810,73657.79
30809,79142.54
30808,53961.14
30807,95084.36
30806,124362.84
30805,-24.99
30804,41514.29
30803,36332.88
30802,32198.62
30801,41763.94
30800,55847.93
30799,72560.87
30798,65839.02
30797,1311.38
30796,28898.94
30795,55812.38
30794,54870.41
30793,71000.57
30792,108039.5
30791,87946.71
30790,31093.95
30789,2443.37
30788,1658.78
30787,400.98
30786,55079.41
30785,73697.81
30784,70264.18
30783,2184.16
30782,34152.78
30781,38191.61
30780,89749.09
30779,87471.8
30778,117332.72
30777,93072.9
30776,60405.62
30775,59673.28
30774,61272.15
30773,62971.18
30772,89169.32
30771,131784.17
30770,70752.44
30769,46583.37
30768,44659.18
30767,54111.85
30766,81655.6
30765,98561.93
30764,139202.67
30763,78432.1
30762,32447.63
30761,33789.27
30760,39920.43
30759,39942.42
30758,86362.07
30757,113357.37
30756,92194.67
30755,59275.03
30754,56275.45
30753,68013.95
30752,56111.96
30751,82150.57
30750,97366.97
30749,102244.65
30748,52379.09
30747,47679.2
30746,54321.54
30745,73144.17
30744,85143.72
30743,116427.6
30742,82008.65
30741,88217.6
30740,47232.66
30739,57211.76
30738,63491.95
30737,76542.25
30736,91725.5
30735,73089.68
30734,44956.45
30733,84629.42
30732,79885.38
30731,75498.31
30730,92034.14
30729,113362.17
30728,90420.14
30727,62726.22
30726,68350.79
30725,73369.34
30724,83622.29
30723,110922.01
30722,115563.94
30721,85573.48
30720,41402.46
30719,42159.13
30718,38988.58
30717,57754.15
30716,71576.15
30715,80012.0
30714,83839.55
30713,37911.9
30712,30620.58
30711,41905.21
30710,47450.28
30709,57021.34
30708,59785.58
30707,48341.41
30706,29666.22
