82926,30708.17
82925,54913.61
82924,43726.53
82923,16688.89
82922,15355.57
82921,11452.68
82920,20605.5
82919,692.5
82918,37309.97
82917,27694.25
82916,11293.22
82915,12417.62
82914,13363.35
82913,25176.39
82912,28862.98
82911,44130.92
82910,32821.82
82909,37067.87
82908,17420.64
82907,21660.51
82906,14976.47
82905,19302.24
82904,44246.08
82903,37005.55
82902,11819.98
82901,12901.4
82900,13196.76
82899,12727.93
82898,25819.11
82897,44234.63
82896,36172.7
82895,19202.85
82894,11832.84
82893,18458.78
82892,22944.56
82891,26306.82
82890,47364.83
82889,29569.56
82888,15387.46
82887,16372.8
82886,19761.85
82885,40525.78
82884,51071.28
82883,82210.84
82882,47107.97
82881,40203.67
82880,21709.04
82879,26614.35
82878,20022.39
82877,34326.58
82876,61153.34
82875,49988.4
82874,14711.29
82873,15387.36
82872,18413.01
82871,15735.83
82870,24572.72
82869,50926.29
82868,29538.97
82867,28880.24
82866,20983.07
82865,19311.35
82864,40246.12
82863,47749.22
82862,78945.63
82861,61459.19
82860,29984.71
82859,35961.05
82858,41419.89
82857,30355.61
82856,32379.27
82855,59442.78
82854,45445.26
82853,23808.82
82852,28880.07
82851,43877.05
82850,39783.45
82849,38700.11
82848,57993.51
82847,46862.77
82846,21701.0
82845,32723.77
82844,39393.9
82843,31459.13
82842,50623.5
82841,78746.56
82840,19784.72
82839,15606.35
82838,19183.91
82837,27212.37
82836,33638.25
82835,48789.69
82834,41812.8
82833,645.36
82832,21107.87
82831,29952.99
82830,29005.4
82829,40063.91
82828,57993.01
82827,55049.08
82826,22486.3
82825,16655.47
82824,19130.63
82823,23688.7
82822,28152.06
82821,51686.39
82820,33321.88
82819,16326.59
82818,20824.92
82817,22962.48
82816,37810.73
82815,44127.29
82814,61415.01
82813,50819.63
82812,30947.82
82811,32086.79
82810,30688.76
82809,33574.84
82808,1088.14
82807,87304.39
82806,49901.7
82805,19407.94
82804,27340.67
82803,28145.08
82802,33640.96
82801,46834.69
82800,82254.36
82799,47998.67
82798,17615.12
82797,22656.14
82796,21798.1
82795,25808.91
82794,53198.11
82793,73609.43
82792,58407.51
82791,33282.05
82790,33576.68
82789,40893.68
82788,27396.98
82787,40594.53
82786,69608.98
82785,64075.6
82784,25532.11
82783,22959.0
82782,22309.48
82781,590.1
82780,40336.69
82779,67523.29
82778,56211.46
82777,67829.22
82776,20377.3
82775,26194.25
82774,28976.26
82773,36900.13
82772,54440.64
82771,49855.05
82770,20283.23
82769,36818.35
82768,33575.27
82767,35121.24
82766,45094.02
82765,65658.25
82764,54590.6
82763,34388.08
82762,33715.56
82761,38426.14
82760,37124.75
82759,50080.82
82758,69076.36
82757,52490.33
82756,22918.41
82755,23732.42
82754,20887.95
82753,28195.91
82752,34150.84
82751,39910.91
82750,51051.58
82749,22012.43
82748,14195.26
82747,24952.37
82746,28239.57
82745,34322.0
82744,46521.07
82743,37166.7
82742,30296.72
