116663,38431.79
116662,57756.9
116661,57990.04
116660,22269.87
116659,20934.28
116658,22578.33
116657,26343.88
116656,935.4
116655,45732.6
116654,36271.86
116653,18754.47
116652,20925.15
116651,18101.81
116650,33626.55
116649,37011.4
116648,48140.23
116647,38241.92
116646,35586.71
116645,14897.83
116644,26409.61
116643,24838.74
116642,27978.46
116641,45553.78
116640,38800.63
116639,18561.35
116638,20618.47
116637,27104.8
116636,21255.29
116635,42017.61
116634,55664.89
116633,32306.75
116632,28817.05
116631,27330.5
116630,33401.66
116629,36767.32
116628,46723.18
116627,50552.84
116626,31667.42
116625,31530.79
116624,28668.98
116623,35050.25
116622,54775.49
116621,69216.04
116620,90478.88
116619,64665.89
116618,57096.82
116617,34027.6
116616,38354.66
116615,34416.12
116614,48906.74
116613,67024.1
116612,48621.54
116611,33288.99
116610,28128.78
116609,36378.13
116608,29216.59
116607,44503.4
116606,72824.67
116605,46553.14
116604,39986.24
116603,34517.47
116602,40775.83
116601,64661.66
116600,70977.26
116599,80998.57
116598,79474.16
116597,44553.05
116596,54107.61
116595,68587.69
116594,45438.64
116593,46262.31
116592,79728.45
116591,60383.01
116590,37323.79
116589,34933.35
116588,64145.22
116587,50229.52
116586,58101.39
116585,78511.79
116584,59515.69
116583,48186.63
116582,55785.97
116581,65258.11
116580,62599.74
116579,77784.69
116578,101856.93
116577,32949.77
116576,27074.94
116575,34982.84
116574,40913.66
116573,47555.16
116572,66376.07
116571,51777.98
116570,27592.5
116569,36760.79
116568,56944.42
116567,51987.1
116566,64716.64
116565,83983.23
116564,76653.29
116563,1725.71
116562,31584.3
116561,38665.37
116560,41491.02
116559,50282.64
116558,62576.25
116557,57687.41
116556,31912.32
116555,32625.56
116554,38844.12
116553,65206.36
116552,63359.63
116551,87866.7
116550,64090.82
116549,41425.87
116548,39205.77
116547,47305.27
116546,40873.5
116545,1820.53
116544,85919.65
116543,71598.2
116542,42710.22
116541,43158.62
116540,51111.74
116539,56927.44
116538,80035.81
116537,122878.94
116536,70627.89
116535,34814.92
116534,36296.91
116533,42419.47
116532,43536.67
116531,84218.57
116530,91972.36
116529,72558.32
116528,53306.33
116527,53569.57
116526,58904.63
116525,50085.44
116524,64565.2
116523,82306.94
116522,81705.55
116521,35259.21
116520,33199.34
116519,40143.44
116518,851.16
116517,57010.22
116516,80381.54
116515,73164.52
116514,88855.81
116513,44505.56
116512,57838.13
116511,57028.42
116510,63697.64
116509,75321.79
116508,60403.8
116507,40482.06
116506,56217.66
116505,57986.37
116504,56635.43
116503,61134.56
116502,80699.52
116501,64919.78
116500,38670.9
116499,49091.1
116498,52280.58
116497,59609.93
116496,72661.14
116495,86859.74
116494,62244.7
116493,36899.77
116492,30898.04
116491,34512.79
116490,40229.09
116489,52526.34
116488,49169.76
116487,61495.01
116486,26878.69
116485,26436.51
116484,36734.61
116483,43397.54
116482,46545.45
116481,67601.56
116480,47566.91
116479,33188.6
