44868,32584.98
44867,46542.49
44866,31748.53
44865,13278.41
44864,9892.69
44863,10777.16
44862,11930.08
44861,552.17
44860,30093.04
44859,20178.17
44858,10794.1
44857,8977.37
44856,8760.31
44855,16504.86
44854,22945.57
44853,46315.61
44852,19121.15
44851,30265.54
44850,13679.35
44849,15756.89
44848,16180.77
44847,908.35
44846,5846.57
44845,17079.39
44844,11338.07
44843,12751.67
44842,16663.73
44841,14870.87
44840,19876.1
44839,46877.5
44838,26333.12
44837,13355.31
44836,14293.65
44835,12313.98
44834,25192.28
44833,25629.1
44832,42816.32
44831,19086.52
44830,13502.54
44829,12755.05
44828,16863.43
44827,32827.23
44826,46849.03
44825,79649.8
44824,41583.74
44823,12715.37
44822,20614.88
44821,20644.11
44820,15104.02
44819,33621.66
44818,55839.28
44817,30938.57
44816,11197.16
44815,15009.32
44814,9432.33
44813,12258.54
44812,25645.34
44811,49358.8
44810,22852.61
44809,18987.08
44808,13227.25
44807,14276.73
44806,27920.31
44805,40416.45
44804,69752.63
44803,49619.25
44802,27906.78
44801,35586.79
44800,40753.28
44799,22627.9
44798,33096.64
44797,71804.33
44796,46646.92
44795,16764.59
44794,16291.71
44793,31082.28
44792,32164.34
44791,38985.35
44790,80059.9
44789,39246.98
44788,22293.1
44787,23129.84
44786,38053.71
44785,26143.46
44784,54955.32
44783,72147.35
44782,19442.04
44781,15110.93
44780,17897.18
44779,18037.11
44778,27340.81
44777,43474.82
44776,26352.04
44775,135.51
44774,10315.71
44773,20573.78
44772,24423.21
44771,34335.09
44770,56319.91
44769,41557.67
44768,11438.36
44767,12769.02
44766,14206.39
44765,18219.1
44764,20839.38
44763,38232.7
44762,26996.42
44761,12289.55
44760,13138.12
44759,16082.92
44758,28670.92
44757,33096.63
44756,57021.95
44755,43308.04
44754,22298.62
44753,21817.47
44752,26812.13
44751,26763.91
44750,1.98
44749,66038.26
44748,37296.82
44747,20020.37
44746,20658.11
44745,24817.97
44744,29675.88
44743,45520.15
44742,64987.66
44741,39813.04
44740,16195.27
44739,18733.68
44738,17587.98
44737,17944.19
44736,41909.92
44735,58125.89
44734,41115.01
44733,23875.79
44732,21340.9
44731,27181.38
44730,25268.36
44729,35410.47
44728,70191.41
44727,44367.21
44726,16665.12
44725,18763.53
44724,16185.82
44723,21.98
44722,37209.34
44721,45757.65
44720,40752.11
44719,49269.63
44718,16274.16
44717,16604.9
44716,22183.06
44715,34667.6
44714,46492.86
44713,39802.49
44712,15514.77
44711,25386.59
44710,33681.91
44709,29617.72
44708,37801.58
44707,57319.96
44706,39587.28
44705,27932.99
44704,26805.25
44703,23034.39
44702,34318.26
44701,43334.03
44700,59437.47
44699,43754.28
44698,16277.19
44697,10981.25
44696,17489.68
44695,19508.76
44694,35326.33
44693,39210.56
44692,39440.64
44691,15585.86
44690,14116.79
44689,16877.77
44688,21264.5
44687,26282.28
44686,38730.61
44685,25918.13
44684,23761.67
