35483,44728.33
35482,82585.49
35481,57917.55
35480,20373.86
35479,23426.82
35478,19444.53
35477,23901.25
35476,933.77
35475,49607.41
35474,25257.88
35473,20937.44
35472,13250.86
35471,20131.95
35470,37466.43
35469,40529.16
35468,64040.37
35467,45131.4
35466,41007.56
35465,27600.36
35464,22764.07
35463,30454.16
35462,31768.5
35461,65079.3
35460,46083.06
35459,16059.99
35458,16376.03
35457,21086.61
35456,22566.26
35455,36045.1
35454,67028.14
35453,37146.22
35452,23458.61
35451,19307.69
35450,28528.65
35449,30919.19
35448,41062.74
35447,64864.86
35446,39234.0
35445,24014.75
35444,20289.63
35443,29804.82
35442,65467.28
35441,69615.65
35440,106057.5
35439,66181.29
35438,51760.03
35437,36752.13
35436,41975.97
35435,39507.43
35434,57616.25
35433,85980.17
35432,62042.44
35431,29818.64
35430,24850.27
35429,19811.99
35428,21228.36
35427,45548.02
35426,78150.55
35425,48180.59
35424,40021.56
35423,18142.45
35422,26851.26
35421,55241.84
35420,70903.28
35419,112308.3
35418,84193.39
35417,51510.93
35416,61931.92
35415,87279.58
35414,42858.8
35413,51133.05
35412,84937.9
35411,57305.75
35410,28076.84
35409,29324.38
35408,52932.5
35407,50152.71
35406,66567.92
35405,121306.28
35404,81269.94
35403,49091.68
35402,56353.03
35401,66558.38
35400,50282.33
35399,85891.1
35398,107024.65
35397,31591.01
35396,26091.43
35395,29528.42
35394,32446.53
35393,44901.28
35392,64543.9
35391,49755.02
35390,1773.54
35389,23079.16
35388,47755.19
35387,43355.91
35386,53153.73
35385,76384.6
35384,59586.08
35383,23314.28
35382,26686.74
35381,28566.21
35380,35257.69
35379,40381.23
35378,63199.93
35377,45635.44
35376,30791.45
35375,31686.76
35374,33898.68
35373,60897.15
35372,72002.82
35371,102207.94
35370,59935.73
35369,48216.12
35368,49966.66
35367,50728.84
35366,52915.04
35365,3433.32
35364,112627.45
35363,61488.29
35362,32624.45
35361,40181.99
35360,42542.68
35359,63793.6
35358,66977.19
35357,98637.96
35356,61520.48
35355,26878.53
35354,25635.17
35353,33113.51
35352,32611.45
35351,70422.65
35350,102363.04
35349,72667.92
35348,47923.0
35347,45415.3
35346,53549.65
35345,47815.9
35344,63260.72
35343,92832.78
35342,70768.87
35341,35839.69
35340,35044.95
35339,42584.17
35338,457.59
35337,82134.66
35336,100497.08
35335,71464.41
35334,74835.19
35333,43442.86
35332,38605.84
35331,49298.52
35330,57691.38
35329,76770.95
35328,59795.76
35327,30036.69
35326,73758.57
35325,59177.81
35324,56169.64
35323,73233.73
35322,89639.37
35321,66734.65
35320,51719.15
35319,47075.66
35318,48587.82
35317,64959.54
35316,80749.1
35315,92289.72
35314,66213.27
35313,31100.0
35312,37837.78
35311,38568.9
35310,48908.88
35309,64421.17
35308,54321.86
35307,62170.66
35306,34059.83
35305,24096.41
35304,29761.37
35303,39232.84
35302,46849.75
35301,53297.19
35300,39253.55
35299,32889.94
