20321,26957.95
20320,36635.61
20319,35943.13
20318,10059.4
20317,12412.34
20316,12810.77
20315,17138.7
20314,315.16
20313,31151.81
20312,21137.85
20311,10626.25
20310,9511.63
20309,13385.11
20308,22112.01
20307,20958.63
20306,33581.81
20305,25286.37
20304,22527.63
20303,16120.28
20302,11108.28
20301,16316.97
20300,2385.59
20299,14835.59
20298,21235.72
20297,9953.02
20296,12586.44
20295,14712.25
20294,15418.73
20293,23676.16
20292,38056.82
20291,21368.51
20290,11859.43
20289,13294.58
20288,17286.06
20287,18337.03
20286,24290.41
20285,28115.41
20284,22809.13
20283,11777.46
20282,12175.09
20281,15479.17
20280,36281.51
20279,35380.77
20278,59956.97
20277,28131.89
20276,14038.26
20275,15598.1
20274,21421.37
20273,15920.38
20272,29626.1
20271,45046.56
20270,32903.02
20269,16611.06
20268,14099.31
20267,12949.48
20266,12548.77
20265,24774.35
20264,44358.1
20263,24108.87
20262,19806.92
20261,13996.07
20260,15914.98
20259,22369.43
20258,36233.25
20257,53637.3
20256,46098.9
20255,22848.76
20254,30969.44
20253,37004.97
20252,23289.96
20251,27992.91
20250,45926.44
20249,35678.51
20248,18446.96
20247,17994.12
20246,31544.27
20245,21704.49
20244,35804.8
20243,56738.78
20242,44987.8
20241,28192.0
20240,31422.92
20239,36837.04
20238,30554.15
20237,50584.2
20236,77032.68
20235,16286.0
20234,21542.55
20233,19694.84
20232,17031.61
20231,26968.46
20230,36045.41
20229,24268.01
20228,592.97
20227,16350.99
20226,25583.73
20225,26129.91
20224,33869.04
20223,46030.74
20222,31777.16
20221,14416.14
20220,17478.32
20219,13727.53
20218,21512.77
20217,31551.87
20216,40880.16
20215,29581.38
20214,18861.47
20213,19676.02
20212,20684.72
20211,34797.17
20210,41444.93
20209,49555.48
20208,32958.03
20207,21080.99
20206,23386.16
20205,23940.58
20204,28345.93
20203,445.98
20202,58443.6
20201,35874.0
20200,16109.1
20199,23686.63
20198,26869.24
20197,37341.81
20196,49687.42
20195,61478.83
20194,39075.52
20193,16311.92
20192,15266.14
20191,21298.9
20190,18308.6
20189,38799.58
20188,55381.4
20187,38257.27
20186,20554.26
20185,25336.52
20184,25045.6
20183,23522.95
20182,33732.54
20181,56892.14
20180,45987.01
20179,17762.64
20178,24101.16
20177,27734.95
20176,193.52
20175,43756.41
20174,45762.93
20173,33579.44
20172,42558.84
20171,18624.36
20170,20182.56
20169,25218.11
20168,31175.38
20167,35949.97
20166,35243.12
20165,17435.31
20164,31255.39
20163,27869.09
20162,32739.3
20161,40642.43
20160,46497.15
20159,35844.42
20158,23447.29
20157,26137.31
20156,26090.72
20155,38176.41
20154,43861.58
20153,46554.64
20152,37143.57
20151,18050.5
20150,22018.91
20149,20190.45
20148,20570.43
20147,39068.49
20146,41212.36
20145,38143.43
20144,16728.8
20143,13939.22
20142,18683.89
20141,24964.52
20140,25667.81
20139,27061.62
20138,28848.63
20137,30069.19
