158435,13956.29
158434,23078.67
158433,17448.09
158432,8340.4
158431,8480.15
158430,8814.5
158429,8658.49
158428,379.16
158427,16696.67
158426,8831.1
158425,6385.42
158424,7164.41
158423,10114.29
158422,10753.82
158421,12271.76
158420,20826.87
158419,10339.97
158418,14905.57
158417,9144.8
158416,9535.83
158415,10085.15
158414,12589.37
158413,20598.76
158412,10856.45
158411,8049.33
158410,8507.65
158409,6099.53
158408,8547.76
158407,14276.28
158406,21156.05
158405,12791.01
158404,9805.31
158403,10426.81
158402,9455.71
158401,12520.92
158400,13364.36
158399,23609.85
158398,13047.61
158397,13535.95
158396,11731.12
158395,11145.1
158394,18293.92
158393,23782.09
158392,39633.04
158391,23182.28
158390,20288.99
158389,11715.12
158388,13246.73
158387,11499.05
158386,17917.93
158385,27893.74
158384,19374.07
158383,8660.05
158382,9027.0
158381,10871.18
158380,9448.05
158379,14444.22
158378,23335.45
158377,16300.59
158376,12536.56
158375,9191.68
158374,9111.42
158373,22973.31
158372,24228.62
158371,32888.65
158370,26965.24
158369,14328.53
158368,16187.17
158367,22192.08
158366,12158.98
158365,16038.55
158364,30195.81
158363,22458.8
158362,13232.6
158361,13001.95
158360,23676.22
158359,19676.14
158358,21581.18
158357,32180.57
158356,23548.36
158355,18821.52
158354,17748.04
158353,22758.74
158352,18871.71
158351,30388.39
158350,33518.84
158349,14089.08
158348,14538.31
158347,13404.65
158346,18384.68
158345,19306.91
158344,26668.71
158343,19464.65
158342,494.71
158341,17300.81
158340,22453.26
158339,17020.09
158338,27495.81
158337,38219.6
158336,27181.72
158335,9052.24
158334,10291.22
158333,14190.5
158332,14388.17
158331,17508.34
158330,27137.94
158329,21651.8
158328,15250.75
158327,13880.32
158326,13358.83
158325,24344.86
158324,26873.91
158323,38448.22
158322,27635.18
158321,18768.74
158320,14871.76
158319,15349.24
158318,18976.25
158317,605.35
158316,36317.34
158315,22768.74
158314,16256.43
158313,13142.56
158312,19562.63
158311,20642.69
158310,27130.71
158309,37537.03
158308,27090.57
158307,12384.18
158306,14201.84
158305,16360.91
158304,17225.28
158303,24912.25
158302,37720.19
158301,27794.7
158300,18258.54
158299,19022.4
158298,23849.92
158297,20110.71
158296,31823.67
158295,55173.01
158294,51444.39
158293,24440.89
158292,11394.52
158291,10856.27
158290,217.11
158289,20354.55
158288,28145.58
158287,22088.48
158286,21525.36
158285,10766.62
158284,11174.58
158283,15037.98
158282,22633.14
158281,26932.66
158280,25670.87
158279,14455.29
158278,21634.16
158277,20985.77
158276,23957.06
158275,29203.05
158274,37232.57
158273,29154.17
158272,19990.37
158271,19421.0
158270,16131.91
158269,17624.02
158268,27047.17
158267,34819.18
158266,22953.27
158265,14467.54
158264,12908.2
158263,15259.93
158262,14911.76
158261,22716.65
158260,24027.15
158259,17779.65
158258,13984.36
158257,13183.05
158256,16723.63
158255,17174.92
158254,24232.26
158253,27889.52
158252,19798.87
158251,14531.42
