58508,24615.17
58507,44621.03
58506,40668.6
58505,18587.67
58504,17090.43
58503,13251.89
58502,16006.94
58501,727.57
58500,31731.73
58499,23929.27
58498,15495.87
58497,14276.65
58496,12763.7
58495,23748.84
58494,28344.32
58493,40463.16
58492,33054.44
58491,32505.4
58490,23083.16
58489,21215.8
58488,22400.28
58487,27711.86
58486,159.49
58485,12294.61
58484,15559.6
58483,13166.94
58482,12754.53
58481,16449.52
58480,25393.49
58479,41222.7
58478,31245.45
58477,13780.2
58476,17867.86
58475,14030.24
58474,23432.68
58473,12655.69
58472,35418.91
58471,33400.18
58470,12878.06
58469,15646.26
58468,20649.51
58467,39847.89
58466,39649.26
58465,64915.17
58464,37083.21
58463,30327.31
58462,22463.38
58461,28633.5
58460,20086.24
58459,31458.72
58458,44504.99
58457,35737.27
58456,14696.36
58455,15656.81
58454,15834.46
58453,14214.86
58452,24945.25
58451,40555.54
58450,31415.17
58449,20895.72
58448,13468.08
58447,16320.28
58446,35021.52
58445,32881.57
58444,64583.19
58443,55292.53
58442,29341.21
58441,37862.96
58440,51866.25
58439,29476.13
58438,33186.5
58437,52279.67
58436,46657.11
58435,13268.97
58434,19798.55
58433,44020.89
58432,31196.81
58431,40676.46
58430,65862.38
58429,50318.47
58428,28269.41
58427,36540.17
58426,41743.31
58425,35450.78
58424,49742.44
58423,75365.38
58422,20797.73
58421,16101.28
58420,21013.91
58419,23275.54
58418,25937.65
58417,44488.63
58416,33736.3
58415,15445.37
58414,17815.02
58413,31172.53
58412,24220.06
58411,38588.75
58410,53695.15
58409,55129.75
58408,992.14
58407,19053.69
58406,20964.04
58405,25584.26
58404,29147.28
58403,44679.62
58402,39367.61
58401,18261.44
58400,20564.08
58399,24210.75
58398,42302.81
58397,45912.29
58396,64535.37
58395,50235.92
58394,32983.1
58393,32786.77
58392,35538.73
58391,34078.96
58390,758.73
58389,61324.05
58388,37265.92
58387,23296.06
58386,25031.82
58385,26672.16
58384,41723.5
58383,52360.73
58382,75695.78
58381,49669.71
58380,19276.27
58379,23623.67
58378,25359.58
58377,23646.62
58376,48645.44
58375,62949.74
58374,52776.46
58373,35297.9
58372,27862.26
58371,32099.13
58370,31999.54
58369,42746.24
58368,55184.12
58367,60711.5
58366,20635.19
58365,26400.77
58364,30464.2
58363,212.08
58362,48348.39
58361,57159.01
58360,46605.37
58359,65922.06
58358,29903.75
58357,24833.37
58356,32180.64
58355,36704.53
58354,46946.47
58353,44089.41
58352,24238.66
58351,40919.92
58350,36611.17
58349,42883.38
58348,49190.83
58347,63671.04
58346,53512.34
58345,32566.64
58344,32980.03
58343,34995.89
58342,43686.31
58341,56507.14
58340,72155.81
58339,53120.83
58338,25101.62
58337,30079.17
58336,29417.48
58335,27667.83
58334,42782.77
58333,43856.54
58332,44008.9
58331,22921.71
58330,16488.0
58329,24187.84
58328,29580.89
58327,33945.18
58326,46270.9
58325,36812.72
58324,33703.26
