43168,29210.79
43167,68813.35
43166,49032.13
43165,14104.41
43164,16671.48
43163,17705.13
43162,21294.45
43161,1424.5
43160,32717.85
43159,25478.89
43158,15227.89
43157,7772.66
43156,12186.56
43155,35325.65
43154,38982.9
43153,59986.26
43152,38627.41
43151,35982.83
43150,25161.0
43149,23684.5
43148,24647.88
43147,21447.47
43146,22850.19
43145,46877.86
43144,17512.62
43143,16839.28
43142,15461.2
43141,17048.38
43140,35929.82
43139,58533.57
43138,33238.89
43137,19146.02
43136,23270.75
43135,19076.27
43134,24794.94
43133,32415.1
43132,56442.51
43131,28646.7
43130,15842.5
43129,14368.44
43128,17601.93
43127,50518.8
43126,57221.39
43125,80398.07
43124,54392.2
43123,40139.9
43122,22861.94
43121,35073.47
43120,29193.97
43119,45003.22
43118,80351.32
43117,53185.76
43116,20657.29
43115,21460.55
43114,23402.6
43113,16905.25
43112,30833.03
43111,71840.4
43110,42687.21
43109,29399.48
43108,21898.22
43107,19342.52
43106,55361.78
43105,59727.49
43104,97897.49
43103,77888.95
43102,45584.31
43101,60429.96
43100,78058.12
43099,36131.69
43098,44482.79
43097,72467.58
43096,54761.09
43095,23507.81
43094,26288.63
43093,57018.8
43092,52033.35
43091,63761.48
43090,105604.36
43089,63167.32
43088,45576.03
43087,49715.23
43086,61934.81
43085,45841.35
43084,82585.56
43083,92988.94
43082,-9.52
43081,25245.18
43080,21727.48
43079,28860.07
43078,29399.9
43077,41766.88
43076,60337.09
43075,41988.08
43074,20252.28
43073,19595.24
43072,36881.73
43071,38055.34
43070,50416.07
43069,70349.01
43068,61781.01
43067,1224.87
43066,20245.83
43065,24084.97
43064,26380.18
43063,35854.28
43062,57853.69
43061,47146.66
43060,28242.53
43059,28394.53
43058,30251.44
43057,58464.44
43056,77680.57
43055,97271.22
43054,71052.01
43053,46715.27
43052,47993.63
43051,47111.78
43050,47453.64
43049,886.74
43048,97535.36
43047,49551.81
43046,29658.69
43045,35927.37
43044,35311.43
43043,49927.27
43042,63293.05
43041,88790.32
43040,53265.23
43039,24873.9
43038,24400.9
43037,24159.7
43036,29469.64
43035,66685.98
43034,96894.28
43033,68581.94
43032,45241.9
43031,44078.68
43030,48216.17
43029,41236.36
43028,54914.15
43027,85397.06
43026,67763.04
43025,22830.4
43024,26945.42
43023,34264.3
43022,878.68
43021,57124.2
43020,67593.08
43019,52375.41
43018,53265.63
43017,27421.45
43016,31029.27
43015,40047.55
43014,42756.11
43013,54663.88
43012,53605.5
43011,31334.5
43010,66229.69
43009,52856.3
43008,46727.83
43007,60579.92
43006,88343.8
43005,58121.93
43004,43218.08
43003,46791.66
43002,48071.21
43001,51325.08
43000,65328.27
42999,84290.76
42998,61598.4
42997,25311.83
42996,27618.58
42995,33097.14
42994,34949.26
42993,51376.49
42992,50676.05
42991,55010.2
42990,21820.22
42989,20356.02
42988,28203.68
42987,40208.05
42986,41233.64
42985,41313.72
42984,32637.17
42983,30458.39
