84273,23328.61
84272,34077.93
84271,29622.71
84270,15693.55
84269,13941.09
84268,12547.37
84267,14730.81
84266,705.18
84265,24658.52
84264,17352.84
84263,12697.98
84262,9336.6
84261,11308.91
84260,16940.62
84259,17071.16
84258,31595.46
84257,21054.42
84256,21121.42
84255,18359.31
84254,9105.18
84253,13382.54
84252,6141.96
84251,19323.4
84250,23286.04
84249,11339.82
84248,10825.47
84247,15847.41
84246,8937.14
84245,21842.86
84244,31533.42
84243,20513.58
84242,14083.71
84241,11647.22
84240,12714.66
84239,15082.62
84238,20946.06
84237,30562.5
84236,21006.51
84235,12115.42
84234,12668.3
84233,17793.81
84232,29566.37
84231,36610.39
84230,63053.46
84229,35973.79
84228,14918.65
84227,21637.3
84226,20844.94
84225,14905.74
84224,25940.16
84223,40671.29
84222,24002.04
84221,14262.5
84220,10787.77
84219,13990.26
84218,13008.24
84217,23111.39
84216,35108.17
84215,22502.15
84214,21457.44
84213,14011.99
84212,13977.76
84211,22026.92
84210,34266.35
84209,51847.02
84208,32966.14
84207,22404.37
84206,27005.97
84205,31009.06
84204,20541.77
84203,28805.26
84202,45821.67
84201,38823.5
84200,15320.67
84199,18339.03
84198,31010.61
84197,32809.84
84196,38162.51
84195,56851.75
84194,32833.77
84193,21711.75
84192,24375.97
84191,31560.68
84190,29764.41
84189,49420.59
84188,63953.82
84187,17640.64
84186,18978.42
84185,21138.12
84184,16795.04
84183,27118.57
84182,37687.97
84181,24915.09
84180,16057.86
84179,16703.99
84178,22938.66
84177,25579.08
84176,33782.38
84175,43365.51
84174,29815.66
84173,1435.78
84172,17784.21
84171,16367.19
84170,17631.52
84169,18984.12
84168,34202.31
84167,24540.77
84166,14941.4
84165,15773.82
84164,13602.3
84163,24323.74
84162,34234.61
84161,43684.57
84160,27151.81
84159,20970.5
84158,19328.74
84157,22737.37
84156,20718.73
84155,893.54
84154,53263.53
84153,31877.89
84152,17591.65
84151,21919.24
84150,21697.13
84149,26968.71
84148,38571.78
84147,55280.98
84146,37225.42
84145,18049.23
84144,19344.38
84143,16356.99
84142,16406.41
84141,37871.57
84140,47289.38
84139,31915.26
84138,24325.55
84137,21890.65
84136,30513.2
84135,22959.27
84134,34634.89
84133,50622.6
84132,43774.64
84131,17448.74
84130,18841.24
84129,19882.91
84128,216.07
84127,31876.09
84126,44092.18
84125,19863.78
84124,29782.38
84123,16765.03
84122,18090.72
84121,20853.06
84120,31907.97
84119,39058.59
84118,28066.05
84117,15346.41
84116,25925.81
84115,25167.59
84114,23353.09
84113,34562.66
84112,43708.2
84111,29008.28
84110,22308.99
84109,23091.85
84108,25933.04
84107,31329.09
84106,41094.38
84105,45668.9
84104,35236.26
84103,11571.74
84102,18414.87
84101,18890.43
84100,16918.04
84099,26325.65
84098,30057.13
84097,23507.77
84096,13869.02
84095,14049.28
84094,16464.49
84093,19006.28
84092,24746.07
84091,30375.59
84090,22033.79
84089,15929.28
