20129,29091.84
20128,48735.54
20127,34510.5
20126,14650.51
20125,16171.03
20124,12686.42
20123,19009.01
20122,938.95
20121,27921.73
20120,11175.33
20119,9345.33
20118,11774.7
20117,14372.06
20116,21235.8
20115,27098.89
20114,40627.0
20113,31776.27
20112,27044.04
20111,23989.37
20110,10339.88
20109,17465.81
20108,7887.51
20107,39516.21
20106,29381.59
20105,12360.57
20104,14123.13
20103,16686.77
20102,14534.02
20101,30840.79
20100,36788.69
20099,26060.11
20098,19695.62
20097,14285.73
20096,22665.44
20095,22292.32
20094,33842.42
20093,41835.29
20092,21615.47
20091,12030.11
20090,15039.76
20089,21411.84
20088,43924.55
20087,41984.19
20086,75644.66
20085,20165.09
20084,29604.35
20083,18341.38
20082,28131.93
20081,23195.83
20080,41337.9
20079,48945.43
20078,35854.69
20077,17451.64
20076,19096.91
20075,13952.14
20074,17196.76
20073,32577.0
20072,49786.13
20071,24171.5
20070,25030.54
20069,14253.63
20068,18944.73
20067,42380.05
20066,47833.1
20065,72933.39
20064,40592.56
20063,29325.65
20062,35682.48
20061,40938.35
20060,22995.91
20059,30277.77
20058,51691.96
20057,40911.48
20056,21512.47
20055,22339.37
20054,43797.14
20053,37057.12
20052,44903.42
20051,57681.5
20050,38853.95
20049,31970.34
20048,28606.05
20047,38011.47
20046,34457.7
20045,56496.89
20044,61246.89
20043,-29.48
20042,19509.56
20041,19575.82
20040,17553.56
20039,20910.35
20038,32209.2
20037,41305.55
20036,32281.63
20035,446.28
20034,17643.54
20033,33665.43
20032,31030.32
20031,43362.56
20030,58560.2
20029,38401.22
20028,17124.52
20027,18243.83
20026,23373.9
20025,20793.31
20024,30466.37
20023,37294.68
20022,32749.53
20021,21208.99
20020,22140.69
20019,20080.16
20018,40654.01
20017,49480.59
20016,59793.66
20015,36557.01
20014,25138.55
20013,24634.93
20012,31065.48
20011,34146.86
20010,918.6
20009,71443.72
20008,36931.52
20007,22469.96
20006,25419.55
20005,24871.25
20004,35959.7
20003,45945.78
20002,55127.36
20001,37674.73
20000,18096.96
19999,23824.37
19998,18320.57
19997,26054.64
19996,45267.13
19995,51149.17
19994,39996.76
19993,26993.98
19992,30984.37
19991,31723.25
19990,26596.09
19989,40047.11
19988,55904.75
19987,37946.53
19986,18829.64
19985,16742.4
19984,19460.47
19983,183.71
19982,38585.44
19981,43250.99
19980,36214.28
19979,34366.73
19978,17789.48
19977,24216.16
19976,24553.63
19975,31916.15
19974,37564.59
19973,28817.34
19972,19726.51
19971,37016.97
19970,34493.06
19969,31961.03
19968,47261.55
19967,52881.1
19966,38565.27
19965,30773.54
19964,28857.97
19963,27389.61
19962,37166.4
19961,46897.91
19960,49035.1
19959,34282.73
19958,16551.75
19957,16641.08
19956,20181.68
19955,26994.69
19954,37621.66
19953,33074.31
19952,38758.57
19951,20375.53
19950,13446.75
19949,21495.28
19948,20548.99
19947,26685.11
19946,24803.95
19945,20566.52
19944,19032.0
