222354,12530.82
222353,26088.08
222352,15320.8
222351,7669.01
222350,11649.82
222349,5767.23
222348,8902.71
222347,1061.21
222346,15594.8
222345,11676.78
222344,7731.03
222343,5827.3
222342,7372.23
222341,10235.67
222340,13408.5
222339,27781.82
222338,14239.5
222337,13156.82
222336,9784.17
222335,10149.33
222334,11883.13
222333,10659.53
222332,26520.1
222331,21949.86
222330,5377.3
222329,9112.83
222328,7590.94
222327,9480.3
222326,14828.52
222325,30138.97
222324,21267.74
222323,11774.16
222322,3902.59
222321,6979.7
222320,9405.93
222319,13649.41
222318,23286.22
222317,13570.4
222316,6439.33
222315,10249.8
222314,10497.55
222313,20450.64
222312,20433.11
222311,42082.28
222310,21703.56
222309,18528.08
222308,13707.9
222307,15730.79
222306,11949.77
222305,21362.53
222304,37577.78
222303,26130.04
222302,8336.33
222301,10440.43
222300,12398.12
222299,10828.04
222298,14051.4
222297,32636.15
222296,19631.64
222295,13731.69
222294,6321.0
222293,8098.25
222292,18880.1
222291,26974.19
222290,50939.2
222289,34692.84
222288,20296.09
222287,22152.33
222286,28195.52
222285,16728.0
222284,20736.03
222283,28136.39
222282,22260.76
222281,10477.24
222280,10355.69
222279,18123.02
222278,15695.86
222277,24688.77
222276,31933.1
222275,23376.05
222274,17327.02
222273,17505.21
222272,16690.53
222271,15010.16
222270,25251.54
222269,38710.12
222268,11602.82
222267,10099.13
222266,8887.83
222265,14425.5
222264,17272.05
222263,26981.29
222262,20267.75
222261,9965.63
222260,8520.82
222259,16378.14
222258,13526.52
222257,23469.53
222256,37024.49
222255,23993.56
222254,799.02
222253,8538.19
222252,11916.47
222251,16352.47
222250,17817.35
222249,29969.05
222248,24293.18
222247,12900.07
222246,14305.27
222245,14753.05
222244,20140.92
222243,25260.56
222242,37965.71
222241,27458.74
222240,13851.87
222239,13074.19
222238,16207.16
222237,17862.71
222236,503.61
222235,35440.48
222234,19007.3
222233,14053.64
222232,12701.14
222231,13295.11
222230,19391.1
222229,29301.05
222228,34890.47
222227,24627.57
222226,10627.7
222225,13231.92
222224,15479.75
222223,13312.12
222222,26684.63
222221,32004.07
222220,22441.25
222219,17211.94
222218,15163.29
222217,18846.61
222216,18177.15
222215,20459.59
222214,29535.91
222213,27684.41
222212,14392.51
222211,13149.88
222210,14001.53
222209,18501.14
222208,23064.51
222207,37231.83
222206,19832.89
222205,23126.31
222204,15625.6
222203,13978.05
222202,18341.85
222201,18925.46
222200,26126.56
222199,18906.04
222198,13657.47
222197,22087.36
222196,23107.13
222195,22514.15
222194,24838.45
222193,38294.59
222192,26707.89
222191,17878.86
222190,19996.14
222189,20897.66
222188,23691.97
222187,24175.99
222186,28312.99
222185,20718.81
222184,13318.56
222183,15730.12
222182,14889.94
222181,14603.42
222180,19621.61
222179,21620.94
222178,20649.53
222177,11654.25
222176,9487.56
222175,12769.21
222174,13453.42
222173,13906.72
222172,18479.65
222171,12743.89
222170,10372.51
