167068,30038.88
167067,40854.3
167066,32122.71
167065,13360.35
167064,12436.36
167063,12924.45
167062,13500.63
167061,853.6
167060,22445.45
167059,19911.72
167058,10685.7
167057,11885.74
167056,10080.55
167055,18203.88
167054,22052.16
167053,16490.11
167052,31405.71
167051,17350.25
167050,12729.94
167049,13379.98
167048,16336.72
167047,15390.87
167046,29939.08
167045,24120.02
167044,11501.78
167043,9608.73
167042,11584.92
167041,10873.77
167040,19501.56
167039,36715.69
167038,24163.01
167037,15920.69
167036,14187.56
167035,9306.07
167034,17658.54
167033,7401.94
167032,37284.07
167031,24309.74
167030,8161.79
167029,11205.26
167028,22427.41
167027,28119.2
167026,37213.57
167025,57184.17
167024,33631.74
167023,27171.31
167022,14154.78
167021,22160.8
167020,17347.01
167019,26703.9
167018,36418.54
167017,26132.44
167016,19334.97
167015,15691.28
167014,9817.21
167013,15972.54
167012,23257.18
167011,35009.46
167010,23458.97
167009,19241.21
167008,13711.09
167007,12127.92
167006,31961.81
167005,30444.55
167004,56418.19
167003,43693.93
167002,18966.04
167001,26271.31
167000,32735.35
166999,20925.62
166998,28546.49
166997,41140.43
166996,39459.19
166995,13756.19
166994,16078.93
166993,30862.49
166992,24293.29
166991,34501.84
166990,51008.11
166989,40935.03
166988,18017.91
166987,27008.44
166986,28623.28
166985,23097.02
166984,34372.94
166983,64782.69
166982,14207.81
166981,16144.01
166980,18132.08
166979,21816.04
166978,25203.05
166977,40780.9
166976,29755.71
166975,703.53
166974,13327.22
166973,22528.7
166972,16924.64
166971,31531.75
166970,50676.53
166969,42910.14
166968,14668.34
166967,943.02
166966,502.15
166965,62.85
166964,22062.3
166963,45609.45
166962,33382.53
166961,934.82
166960,14539.1
166959,20483.25
166958,34429.18
166957,42366.33
166956,55250.19
166955,36816.78
166954,24512.39
166953,21057.02
166952,27629.61
166951,23355.11
166950,29957.47
166949,45621.56
166948,30300.03
166947,15560.57
166946,18900.42
166945,19228.48
166944,26104.52
166943,35844.56
166942,53765.75
166941,36804.6
166940,14074.81
166939,16034.07
166938,20412.71
166937,20626.71
166936,37070.49
166935,47892.64
166934,37522.39
166933,25289.99
166932,24369.34
166931,24419.55
166930,25485.52
166929,33770.18
166928,37346.36
166927,44237.83
166926,18863.31
166925,18198.16
166924,21453.38
166923,31859.66
166922,38906.58
166921,49378.62
166920,40619.73
166919,43967.83
166918,18897.85
166917,20103.72
166916,28277.99
166915,30726.62
166914,32114.86
166913,39177.93
166912,16929.78
166911,32546.61
166910,30757.29
166909,27482.98
166908,32999.88
166907,39280.23
166906,37590.3
166905,20731.64
166904,21207.2
166903,24756.24
166902,29524.39
166901,38170.41
166900,38166.71
166899,34076.16
166898,17915.36
166897,21625.66
166896,23528.78
166895,25520.63
166894,35822.48
166893,33223.95
166892,32480.0
166891,18740.05
166890,16385.36
166889,19576.45
166888,27449.47
166887,30889.98
166886,30986.2
166885,26381.46
166884,18757.01
