195205,21411.54
195204,34626.93
195203,28354.66
195202,9455.44
195201,10528.92
195200,12017.51
195199,9388.7
195198,313.66
195197,24408.84
195196,14609.8
195195,8220.16
195194,8055.28
195193,9929.67
195192,19552.34
195191,23558.41
195190,31544.31
195189,16420.56
195188,14653.53
195187,17820.69
195186,17575.25
195185,14535.27
195184,18692.29
195183,31278.55
195182,22208.3
195181,8335.73
195180,7834.74
195179,11152.33
195178,11677.4
195177,21615.88
195176,32425.5
195175,19904.14
195174,12750.98
195173,7679.31
195172,11464.01
195171,13323.92
195170,24167.83
195169,31080.48
195168,19994.23
195167,11255.75
195166,11765.66
195165,17675.95
195164,32997.3
195163,39047.09
195162,55014.56
195161,30154.46
195160,20291.19
195159,18814.17
195158,27394.11
195157,18252.86
195156,33986.28
195155,46888.16
195154,32512.31
195153,11857.06
195152,14491.05
195151,15452.71
195150,14311.04
195149,24202.86
195148,35703.28
195147,24357.6
195146,17582.68
195145,7668.49
195144,12968.93
195143,37623.39
195142,40361.8
195141,49312.02
195140,45623.62
195139,23063.33
195138,28530.27
195137,39802.44
195136,20699.28
195135,26690.32
195134,37643.68
195133,31852.19
195132,12300.89
195131,10402.27
195130,22881.55
195129,28396.41
195128,33661.69
195127,53099.88
195126,37893.89
195125,22527.11
195124,25554.91
195123,21171.45
195122,12183.48
195121,35790.61
195120,57296.32
195119,18932.54
195118,14098.46
195117,17157.72
195116,17763.48
195115,25551.65
195114,29071.58
195113,24580.33
195112,1216.41
195111,9578.35
195110,19949.85
195109,19304.46
195108,25641.53
195107,42898.76
195106,27309.97
195105,11263.59
195104,718.03
195103,500.89
195102,131.41
195101,18556.04
195100,27735.59
195099,26895.63
195098,1403.49
195097,14804.36
195096,14019.74
195095,40594.31
195094,45472.9
195093,45935.27
195092,38479.77
195091,18568.09
195090,23904.48
195089,26157.96
195088,26963.47
195087,34802.9
195086,54248.24
195085,25390.87
195084,15663.31
195083,19328.35
195082,18358.27
195081,29222.38
195080,32054.27
195079,49644.42
195078,28007.54
195077,11796.31
195076,12585.25
195075,9571.51
195074,15857.16
195073,33394.63
195072,43849.76
195071,34379.45
195070,22321.34
195069,23945.91
195068,23226.02
195067,25872.02
195066,33734.64
195065,40074.1
195064,41284.42
195063,14958.23
195062,16968.14
195061,18805.55
195060,31090.63
195059,35989.63
195058,38718.07
195057,34346.58
195056,31065.35
195055,14620.22
195054,15424.93
195053,24134.95
195052,35303.97
195051,35006.78
195050,27765.43
195049,14002.07
195048,30758.21
195047,29844.54
195046,34815.89
195045,38704.1
195044,47695.5
195043,33307.05
195042,26214.96
195041,25294.32
195040,20821.38
195039,26802.71
195038,38570.45
195037,40180.42
195036,31176.04
195035,16216.54
195034,15395.26
195033,15636.2
195032,20439.63
195031,28173.47
195030,28790.54
195029,32095.81
195028,15108.58
195027,11403.43
195026,16124.99
195025,20893.62
195024,26585.95
195023,30124.03
195022,18936.6
195021,15782.51
