198464,23149.46
198463,45936.95
198462,43673.22
198461,19566.28
198460,16475.26
198459,21724.3
198458,16374.31
198457,1409.51
198456,33697.46
198455,29386.54
198454,13873.4
198453,13545.0
198452,15108.99
198451,19805.96
198450,21966.93
198449,33123.71
198448,32344.1
198447,29691.93
198446,16471.85
198445,17790.72
198444,18760.27
198443,22757.35
198442,1573.53
198441,15555.52
198440,9559.39
198439,13088.02
198438,14121.04
198437,15855.97
198436,22200.03
198435,45483.51
198434,32002.45
198433,21720.81
198432,20629.39
198431,17197.12
198430,23968.75
198429,20083.54
198428,40084.91
198427,35702.58
198426,17221.48
198425,22033.44
198424,22241.67
198423,33889.31
198422,33329.84
198421,49035.92
198420,41518.3
198419,40242.42
198418,23276.75
198417,31484.19
198416,24995.26
198415,28821.28
198414,58527.35
198413,43535.19
198412,19334.21
198411,17857.95
198410,15985.99
198409,17379.06
198408,26470.7
198407,51494.22
198406,37254.26
198405,23586.73
198404,21828.8
198403,19018.41
198402,38909.48
198401,36778.32
198400,61121.24
198399,61423.65
198398,35559.39
198397,43136.74
198396,52919.19
198395,26860.23
198394,38986.43
198393,59775.07
198392,57518.43
198391,19157.56
198390,23463.58
198389,40244.41
198388,30680.15
198387,40147.35
198386,78709.92
198385,56930.51
198384,28375.55
198383,32095.32
198382,33698.77
198381,36760.86
198380,58934.48
198379,79069.8
198378,22164.17
198377,24308.57
198376,21198.57
198375,23092.19
198374,31151.18
198373,49014.82
198372,43458.21
198371,17148.32
198370,19325.37
198369,33112.3
198368,30622.5
198367,49583.33
198366,71236.84
198365,74406.6
198364,1786.61
198363,19848.18
198362,23740.3
198361,26602.12
198360,31040.75
198359,61645.83
198358,52570.03
198357,21470.66
198356,28145.69
198355,25509.69
198354,40204.44
198353,39841.63
198352,74280.47
198351,62447.72
198350,34816.99
198349,39582.83
198348,42522.29
198347,36422.27
198346,2525.21
198345,74446.83
198344,52385.12
198343,23415.14
198342,32150.28
198341,34217.73
198340,38879.15
198339,49209.56
198338,94117.6
198337,55068.79
198336,23217.53
198335,23299.49
198334,25722.67
198333,26137.46
198332,41919.62
198331,69903.94
198330,62728.34
198329,35018.54
198328,31960.63
198327,36187.33
198326,34484.49
198325,43550.99
198324,71518.04
198323,60164.83
198322,22471.1
198321,25496.19
198320,35225.88
198319,642.17
198318,55307.8
198317,80240.2
198316,72808.1
198315,79633.3
198314,31625.98
198313,35040.39
198312,32336.89
198311,37221.72
198310,64152.49
198309,57608.05
198308,32183.78
198307,47197.09
198306,42534.18
198305,45523.62
198304,47212.02
198303,76012.26
198302,68368.76
198301,34386.97
198300,46263.85
198299,44662.43
198298,43369.26
198297,55706.12
198296,88034.07
198295,63896.04
198294,31853.72
198293,33374.86
198292,32630.4
198291,34659.76
198290,40628.58
198289,62391.84
198288,60763.62
198287,35082.1
198286,23001.54
198285,29193.61
198284,45083.23
198283,39251.35
198282,62190.01
198281,55290.2
198280,43890.34
