77933,25026.03
77932,60180.88
77931,56245.16
77930,15359.59
77929,11718.32
77928,20604.31
77927,19893.21
77926,2291.39
77925,34923.7
77924,21509.02
77923,15029.01
77922,13102.26
77921,21617.57
77920,39214.59
77919,39602.25
77918,61221.41
77917,42560.06
77916,50681.49
77915,29904.28
77914,30033.41
77913,31048.78
77912,30262.66
77911,58310.58
77910,52799.17
77909,21513.97
77908,17836.34
77907,6092.93
77906,19282.18
77905,42416.81
77904,54402.31
77903,40133.51
77902,20883.18
77901,22106.87
77900,26627.31
77899,28592.69
77898,37018.53
77897,54841.56
77896,37256.37
77895,17908.63
77894,15432.99
77893,22706.26
77892,65147.82
77891,67713.82
77890,88909.25
77889,59825.55
77888,46785.64
77887,37559.47
77886,42767.78
77885,31611.58
77884,46376.53
77883,71769.59
77882,68518.94
77881,22614.08
77880,23493.16
77879,14732.4
77878,16980.4
77877,42696.29
77876,62850.55
77875,45179.31
77874,36843.53
77873,13613.7
77872,25481.09
77871,62447.12
77870,71595.89
77869,91781.96
77868,82695.73
77867,53558.48
77866,73016.24
77865,93897.91
77864,41355.72
77863,45200.5
77862,71780.18
77861,64037.34
77860,21940.47
77859,24958.16
77858,53686.99
77857,46650.86
77856,62560.21
77855,93788.01
77854,89287.82
77853,44404.85
77852,57090.55
77851,75133.17
77850,42609.36
77849,85615.71
77848,101317.28
77847,-28.5
77846,37918.38
77845,36065.94
77844,38736.29
77843,40107.72
77842,43049.06
77841,53162.29
77840,42755.37
77839,22377.07
77838,28034.46
77837,42840.11
77836,39120.26
77835,42447.48
77834,63440.76
77833,45288.92
77832,1638.49
77831,21971.93
77830,27758.74
77829,28633.33
77828,41286.15
77827,53533.84
77826,53450.81
77825,34457.82
77824,32269.66
77823,29291.9
77822,70876.06
77821,72790.39
77820,99569.39
77819,65658.24
77818,48383.58
77817,45267.53
77816,58547.09
77815,49019.31
77814,1654.71
77813,95497.29
77812,56259.19
77811,35719.98
77810,30663.79
77809,38180.84
77808,59345.82
77807,69591.67
77806,101248.19
77805,58141.59
77804,30053.63
77803,23728.54
77802,36162.07
77801,22069.06
77800,69152.16
77799,90525.67
77798,64429.55
77797,49734.77
77796,49253.63
77795,59318.43
77794,54601.7
77793,63725.52
77792,80842.49
77791,83405.04
77790,28709.25
77789,36522.41
77788,44694.04
77787,979.78
77786,68225.21
77785,77485.02
77784,67468.25
77783,65315.33
77782,37075.81
77781,36872.91
77780,50852.24
77779,54275.63
77778,65000.59
77777,63971.81
77776,32235.2
77775,72865.96
77774,62368.32
77773,57649.17
77772,75425.08
77771,84986.46
77770,75896.5
77769,46575.66
77768,61130.87
77767,62364.98
77766,65946.02
77765,90910.95
77764,90733.77
77763,71719.17
77762,31865.48
77761,40466.43
77760,37828.56
77759,41154.79
77758,60076.16
77757,54178.94
77756,65932.0
77755,30384.16
77754,21171.55
77753,36878.81
77752,40700.12
77751,45267.52
77750,45111.45
77749,33549.84
77748,30778.83
