211604,14798.89
211603,22864.61
211602,18963.97
211601,10368.39
211600,11732.48
211599,12226.57
211598,9966.04
211597,913.75
211596,17668.93
211595,12911.02
211594,9607.56
211593,8770.67
211592,8974.96
211591,12551.91
211590,13679.64
211589,19932.15
211588,16690.0
211587,16679.63
211586,12072.79
211585,12741.11
211584,10190.39
211583,9449.6
211582,24337.35
211581,16253.99
211580,8836.62
211579,8881.77
211578,9173.21
211577,6653.54
211576,13800.44
211575,23491.1
211574,14227.18
211573,11301.72
211572,11956.65
211571,11072.89
211570,10511.31
211569,16658.95
211568,20535.87
211567,13289.35
211566,10079.74
211565,11644.24
211564,11991.45
211563,22762.79
211562,25417.59
211561,43236.51
211560,24738.78
211559,19805.66
211558,16407.37
211557,14668.15
211556,9969.7
211555,20120.05
211554,23765.38
211553,16747.43
211552,10118.48
211551,10321.89
211550,10497.96
211549,12126.95
211548,19517.35
211547,29590.99
211546,15195.14
211545,12733.97
211544,10089.09
211543,13896.46
211542,18086.41
211541,23910.8
211540,35486.21
211539,25269.89
211538,17154.97
211537,17902.04
211536,24675.0
211535,17190.39
211534,21928.81
211533,32934.38
211532,23356.42
211531,14497.81
211530,15157.91
211529,26153.09
211528,18034.51
211527,24024.45
211526,35524.43
211525,28596.99
211524,16749.22
211523,16483.02
211522,19731.94
211521,22901.1
211520,29779.05
211519,47564.01
211518,15194.49
211517,14573.47
211516,12381.41
211515,18723.24
211514,18442.55
211513,24917.61
211512,15794.47
211511,11089.51
211510,11828.49
211509,21124.18
211508,23113.28
211507,23703.56
211506,34104.61
211505,24641.63
211504,848.46
211503,11084.01
211502,11104.15
211501,11684.23
211500,17093.8
211499,23905.67
211498,15289.3
211497,11134.9
211496,9874.69
211495,11612.91
211494,17162.49
211493,21734.33
211492,27106.53
211491,19652.1
211490,14302.28
211489,15243.41
211488,16853.57
211487,17698.5
211486,1268.45
211485,29945.05
211484,19978.64
211483,16936.43
211482,16607.41
211481,18060.44
211480,20905.37
211479,26887.43
211478,38212.44
211477,22783.56
211476,11214.02
211475,12986.13
211474,14075.25
211473,15423.32
211472,25693.23
211471,30323.36
211470,20666.81
211469,16956.44
211468,15839.41
211467,16859.54
211466,14926.09
211465,23159.08
211464,32516.29
211463,22879.47
211462,11562.7
211461,13467.36
211460,13393.29
211459,19735.07
211458,21675.6
211457,23575.71
211456,21583.81
211455,24478.09
211454,12166.2
211453,14425.57
211452,13375.5
211451,18868.25
211450,22967.16
211449,15958.88
211448,9839.1
211447,19191.79
211446,14983.12
211445,15176.68
211444,21328.23
211443,26552.97
211442,21509.24
211441,15539.24
211440,16822.91
211439,16250.72
211438,17987.88
211437,20810.09
211436,29077.61
211435,16307.09
211434,12359.75
211433,12716.47
211432,10214.54
211431,13514.55
211430,19487.2
211429,20461.53
211428,20603.52
211427,10639.47
211426,7076.4
211425,11929.02
211424,12427.12
211423,19348.56
211422,20676.33
211421,16913.02
211420,11498.82
