185992,23214.42
185991,38279.04
185990,36703.15
185989,17108.22
185988,12281.32
185987,17973.95
185986,17855.16
185985,71.15
185984,25884.25
185983,24323.03
185982,13919.98
185981,15969.07
185980,13856.96
185979,20592.81
185978,23383.36
185977,33164.81
185976,24725.08
185975,28255.39
185974,21370.92
185973,24766.26
185972,20613.7
185971,17801.66
185970,39255.98
185969,31531.74
185968,18037.4
185967,13634.69
185966,15919.25
185965,13791.41
185964,31732.05
185963,34410.66
185962,22691.93
185961,18397.58
185960,16955.09
185959,20823.91
185958,21322.73
185957,30902.09
185956,37070.1
185955,33490.57
185954,22566.95
185953,23439.75
185952,25895.52
185951,40081.83
185950,48711.65
185949,66638.52
185948,43733.34
185947,34255.24
185946,24264.13
185945,26450.51
185944,14481.78
185943,31833.31
185942,41686.24
185941,32362.71
185940,14706.21
185939,16101.0
185938,22698.6
185937,19165.17
185936,29513.01
185935,37792.21
185934,23682.3
185933,28909.58
185932,19845.48
185931,18622.05
185930,37530.59
185929,37142.47
185928,56685.28
185927,38806.16
185926,30576.54
185925,31682.89
185924,42242.71
185923,27879.39
185922,34269.04
185921,47531.8
185920,34458.66
185919,24711.48
185918,19457.03
185917,38329.06
185916,32726.4
185915,38101.02
185914,51902.01
185913,40665.89
185912,26347.2
185911,30277.82
185910,32096.51
185909,29867.93
185908,40134.54
185907,53455.02
185906,22408.19
185905,13001.62
185904,21069.16
185903,28096.32
185902,25242.08
185901,38676.24
185900,31252.33
185899,580.17
185898,19780.49
185897,31533.64
185896,26964.46
185895,33673.39
185894,50212.54
185893,46587.28
185892,17712.51
185891,20690.79
185890,19844.0
185889,24961.49
185888,23543.16
185887,35146.28
185886,27991.02
185885,15622.16
185884,17488.12
185883,17020.05
185882,31653.88
185881,34102.5
185880,49052.32
185879,32096.77
185878,24238.45
185877,23613.46
185876,27867.09
185875,26643.07
185874,558.47
185873,51702.38
185872,32114.84
185871,18512.51
185870,25888.63
185869,24980.42
185868,37687.02
185867,48742.28
185866,76068.36
185865,43203.16
185864,17426.9
185863,19209.99
185862,18624.95
185861,21421.5
185860,32989.76
185859,46184.73
185858,35618.69
185857,19139.19
185856,23450.08
185855,21632.24
185854,26150.77
185853,30871.31
185852,49179.7
185851,42965.62
185850,19442.65
185849,17578.04
185848,25957.45
185847,360.57
185846,30011.3
185845,36410.0
185844,30431.71
185843,35698.01
185842,16186.52
185841,19988.69
185840,24627.71
185839,27863.25
185838,39165.3
185837,34545.41
185836,18438.91
185835,29826.88
185834,26228.29
185833,25844.63
185832,31010.49
185831,44574.61
185830,36572.03
185829,24541.55
185828,26310.73
185827,26272.83
185826,31323.43
185825,38373.86
185824,59801.16
185823,42208.12
185822,15642.56
185821,18533.73
185820,16597.11
185819,23144.75
185818,29760.54
185817,31215.61
185816,32808.02
185815,18958.52
185814,14290.4
185813,14612.68
185812,20530.66
185811,24453.19
185810,31196.85
185809,26319.57
185808,23506.03
