80620,34589.32
80619,55743.17
80618,37479.81
80617,17953.78
80616,14011.48
80615,17012.27
80614,16023.96
80613,615.45
80612,43647.07
80611,16108.63
80610,9449.19
80609,10131.46
80608,12102.48
80607,24484.91
80606,32210.54
80605,41018.68
80604,27845.75
80603,23913.93
80602,17739.69
80601,13454.67
80600,19684.76
80599,20452.7
80598,41354.57
80597,27932.36
80596,13988.63
80595,12063.15
80594,18015.76
80593,13934.12
80592,31050.51
80591,45484.5
80590,29182.82
80589,13693.12
80588,14627.97
80587,15177.16
80586,21546.99
80585,29375.78
80584,49059.84
80583,29058.67
80582,12552.74
80581,17346.8
80580,22094.14
80579,40449.5
80578,58951.03
80577,90676.05
80576,34935.72
80575,24518.14
80574,29297.16
80573,33757.6
80572,22864.31
80571,36011.1
80570,67125.65
80569,43782.99
80568,20280.88
80567,17490.01
80566,16717.57
80565,16752.08
80564,37687.31
80563,66072.83
80562,34905.35
80561,25138.58
80560,14649.54
80559,21788.14
80558,37132.16
80557,53893.67
80556,93052.17
80555,58690.3
80554,36991.79
80553,44201.76
80552,62204.34
80551,34440.48
80550,44781.61
80549,71910.83
80548,49504.9
80547,21965.63
80546,21154.49
80545,49234.62
80544,37713.77
80543,47082.84
80542,71608.92
80541,45262.17
80540,36224.77
80539,37515.22
80538,44347.95
80537,39267.44
80536,67120.09
80535,70909.93
80534,18017.95
80533,19859.3
80532,16902.59
80531,21670.56
80530,32957.48
80529,49455.27
80528,28435.42
80527,248.52
80526,15248.19
80525,33355.54
80524,30978.35
80523,39870.39
80522,68402.81
80521,42479.48
80520,13476.05
80519,704.13
80518,349.31
80517,220.5
80516,30958.41
80515,46487.73
80514,40260.0
80513,718.34
80512,19068.8
80511,26402.36
80510,39583.6
80509,53722.4
80508,81558.74
80507,44888.43
80506,29443.1
80505,32600.17
80504,37501.12
80503,35029.88
80502,44380.57
80501,79565.08
80500,42916.17
80499,24607.76
80498,27826.83
80497,28832.54
80496,42195.41
80495,49521.32
80494,69480.39
80493,46931.35
80492,18816.87
80491,20516.88
80490,20807.04
80489,22861.71
80488,52297.51
80487,64787.9
80486,43364.25
80485,27561.84
80484,31964.03
80483,34990.23
80482,33156.81
80481,39929.82
80480,71752.18
80479,44606.71
80478,24007.25
80477,21037.81
80476,25591.04
80475,36483.98
80474,59981.66
80473,57125.69
80472,39421.85
80471,48437.29
80470,26801.55
80469,27098.16
80468,31266.51
80467,38141.8
80466,51061.34
80465,33374.03
80464,19458.29
80463,42254.89
80462,40035.03
80461,36891.38
80460,48886.51
80459,63272.59
80458,41758.35
80457,37953.69
80456,29686.85
80455,32639.32
80454,37003.14
80453,50069.36
80452,61345.17
80451,44634.69
80450,17076.16
80449,21636.2
80448,21853.65
80447,24715.53
80446,42394.77
80445,38105.13
80444,40738.09
80443,20731.34
80442,20370.61
80441,23626.95
80440,25390.23
80439,33422.21
80438,34387.29
80437,30316.2
80436,35166.57
