99026,29273.59
99025,51935.7
99024,50443.31
99023,15663.94
99022,15948.53
99021,13903.94
99020,18223.78
99019,1114.11
99018,33792.2
99017,30359.59
99016,14828.97
99015,17862.92
99014,13074.77
99013,26495.79
99012,28681.32
99011,43576.7
99010,30623.13
99009,30182.51
99008,15329.29
99007,22297.76
99006,22080.41
99005,23882.25
99004,37411.23
99003,34025.29
99002,11608.83
99001,15161.06
99000,16741.88
98999,17565.67
98998,27629.81
98997,42504.71
98996,24194.42
98995,16887.68
98994,19286.2
98993,20543.01
98992,26511.26
98991,30355.37
98990,47364.16
98989,28230.01
98988,18037.72
98987,19903.79
98986,25653.58
98985,46461.63
98984,59408.1
98983,80410.25
98982,48958.4
98981,43488.17
98980,23369.06
98979,28792.68
98978,22535.06
98977,41773.29
98976,60122.1
98975,52503.46
98974,19013.73
98973,22660.78
98972,20730.29
98971,20076.95
98970,33707.17
98969,45628.37
98968,37202.58
98967,26068.4
98966,20341.85
98965,21600.55
98964,48052.19
98963,49239.99
98962,65579.8
98961,59839.49
98960,24686.41
98959,38827.69
98958,56663.2
98957,31360.65
98956,37643.99
98955,57936.68
98954,52757.79
98953,20874.79
98952,25892.73
98951,43862.6
98950,39494.56
98949,47591.16
98948,62776.96
98947,49860.65
98946,32091.55
98945,36703.86
98944,43913.04
98943,41946.84
98942,52841.21
98941,75352.88
98940,16108.24
98939,14966.79
98938,21884.41
98937,28243.53
98936,32136.66
98935,49614.0
98934,38335.99
98933,16098.01
98932,18802.43
98931,35206.64
98930,34203.58
98929,44559.19
98928,60165.2
98927,56475.02
98926,71.12
98925,18789.3
98924,22082.28
98923,28640.13
98922,35954.2
98921,43657.24
98920,39165.71
98919,15945.76
98918,19317.45
98917,20727.4
98916,41338.95
98915,40785.07
98914,53822.47
98913,48561.67
98912,23001.32
98911,21638.02
98910,29975.13
98909,27970.79
98908,69837.2
98907,46257.66
98906,23172.75
98905,30427.02
98904,32615.88
98903,43186.64
98902,58095.74
98901,99966.55
98900,57458.26
98899,20708.09
98898,21684.03
98897,23877.66
98896,21917.11
98895,56028.36
98894,64964.5
98893,53600.23
98892,28389.71
98891,38991.29
98890,38605.6
98889,38456.96
98888,51243.33
98887,62871.2
98886,58872.71
98885,29350.6
98884,22781.79
98883,22866.96
98882,12.08
98881,45285.27
98880,63170.07
98879,39140.25
98878,51034.28
98877,21503.7
98876,24871.26
98875,34005.05
98874,39485.74
98873,50022.32
98872,47269.71
98871,26993.46
98870,41206.55
98869,42318.67
98868,41549.09
98867,48747.45
98866,62800.85
98865,57842.06
98864,31653.31
98863,36711.99
98862,37090.34
98861,46840.26
98860,74021.58
98859,81436.16
98858,62066.38
98857,24692.86
98856,22577.98
98855,27589.47
98854,38157.5
98853,49799.72
98852,56393.82
98851,57891.89
98850,23193.26
98849,19150.58
98848,26945.01
98847,32923.72
98846,40391.48
98845,53614.23
98844,44149.33
98843,25345.89
