11106,49043.08
11105,70776.79
11104,44224.16
11103,20906.75
11102,21820.21
11101,22642.52
11100,20482.51
11099,962.97
11098,45923.75
11097,26574.84
11096,18047.98
11095,18109.69
11094,20443.85
11093,37958.32
11092,42108.09
11091,67388.15
11090,27988.23
11089,45295.43
11088,22418.97
11087,26038.44
11086,26713.48
11085,33693.17
11084,73911.75
11083,44450.51
11082,13973.51
11081,23674.36
11080,24332.38
11079,25149.18
11078,40622.63
11077,79294.57
11076,47007.9
11075,21931.57
11074,7974.0
11073,18891.96
11072,25201.91
11071,34389.8
11070,65694.14
11069,23990.38
11068,19077.29
11067,20670.34
11066,25283.18
11065,49861.17
11064,74498.44
11063,106694.33
11062,66050.22
11061,65320.06
11060,32801.21
11059,41214.29
11058,35097.52
11057,50631.65
11056,98753.67
11055,59712.72
11054,24071.54
11053,28284.9
11052,29554.89
11051,27203.4
11050,50707.14
11049,84155.82
11048,48229.73
11047,32762.01
11046,20226.43
11045,24329.57
11044,53741.04
11043,66808.78
11042,129655.4
11041,80836.07
11040,57573.86
11039,53751.82
11038,63252.55
11037,45435.42
11036,62692.9
11035,94543.39
11034,64471.22
11033,29466.28
11032,29154.81
11031,54320.96
11030,51926.37
11029,68983.49
11028,113268.14
11027,63890.54
11026,46934.26
11025,52842.96
11024,23174.69
11023,48641.79
11022,81519.94
11021,75974.97
11020,-7.54
11019,43196.99
11018,24851.16
11017,32357.6
11016,33713.01
11015,42324.83
11014,77848.71
11013,50250.89
11012,2016.28
11011,26521.86
11010,38806.33
11009,38172.11
11008,58146.44
11007,95798.81
11006,61088.59
11005,26553.19
11004,28274.5
11003,27942.91
11002,33149.98
11001,47368.55
11000,87900.82
10999,54925.35
10998,26959.79
10997,27261.69
10996,30938.03
10995,62242.23
10994,69075.94
10993,100119.06
10992,73546.75
10991,46053.15
10990,41549.81
10989,46921.0
10988,45007.48
10987,2040.4
10986,101597.82
10985,59405.18
10984,30268.87
10983,36934.66
10982,35515.23
10981,50295.72
10980,61073.88
10979,96983.9
10978,61086.82
10977,28334.5
10976,33569.67
10975,35899.65
10974,28467.95
10973,70953.84
10972,93223.44
10971,66787.36
10970,45042.87
10969,45285.06
10968,47754.01
10967,51627.75
10966,63806.65
10965,88098.16
10964,78087.95
10963,36703.0
10962,43674.46
10961,41317.49
10960,565.37
10959,63896.62
10958,81893.87
10957,51547.46
10956,67680.37
10955,35692.96
10954,37736.17
10953,43109.97
10952,50396.74
10951,68325.57
10950,51314.68
10949,33456.05
10948,60721.99
10947,64565.94
10946,35810.12
10945,70600.66
10944,93314.99
10943,69554.83
10942,56941.09
10941,53370.97
10940,55822.08
10939,60882.67
10938,66587.97
10937,69294.77
10936,56424.99
10935,37261.04
10934,32678.9
10933,40079.06
10932,38609.64
10931,52045.19
10930,56091.07
10929,59689.62
10928,32819.28
10927,27163.24
10926,36606.47
10925,40155.03
10924,38329.31
10923,46231.91
10922,35017.9
10921,26138.81
