127570,22527.51
127569,41473.25
127568,40356.01
127567,17284.9
127566,15950.01
127565,16127.9
127564,18873.79
127563,381.88
127562,33690.79
127561,22439.24
127560,12343.88
127559,13202.71
127558,13143.78
127557,19479.93
127556,23738.4
127555,32875.87
127554,28939.53
127553,25248.61
127552,15393.88
127551,19381.84
127550,18512.9
127549,20599.78
127548,31048.94
127547,28065.52
127546,12101.89
127545,11967.86
127544,13530.0
127543,12048.71
127542,24806.37
127541,35719.06
127540,25557.51
127539,15854.56
127538,16829.47
127537,16019.93
127536,17626.85
127535,23922.97
127534,31793.4
127533,17762.98
127532,15363.18
127531,16632.86
127530,21547.79
127529,32498.58
127528,39450.11
127527,51355.22
127526,34367.02
127525,36556.22
127524,19523.29
127523,23126.0
127522,15688.43
127521,28842.49
127520,39169.1
127519,25746.91
127518,17017.71
127517,18423.76
127516,18709.59
127515,17931.85
127514,26169.2
127513,35035.42
127512,20516.29
127511,23057.18
127510,16979.31
127509,16737.06
127508,30212.27
127507,32996.02
127506,43299.41
127505,46371.84
127504,30368.5
127503,33310.73
127502,40054.12
127501,20259.45
127500,23776.94
127499,34723.1
127498,33840.75
127497,19324.52
127496,20432.16
127495,32387.15
127494,25281.24
127493,32119.63
127492,40316.51
127491,32023.02
127490,27674.52
127489,29125.43
127488,31370.91
127487,26085.19
127486,35572.62
127485,47959.95
127484,17760.91
127483,22363.47
127482,19261.42
127481,19413.31
127480,23510.33
127479,35992.26
127478,32623.49
127477,20640.88
127476,19965.84
127475,33311.31
127474,27392.9
127473,34608.96
127472,51156.44
127471,49965.24
127470,1657.39
127469,17229.0
127468,20772.45
127467,19014.24
127466,25138.56
127465,33085.58
127464,34025.52
127463,22792.0
127462,22398.2
127461,20173.74
127460,34287.36
127459,35354.23
127458,44863.03
127457,35642.74
127456,25608.54
127455,27148.19
127454,31554.43
127453,30188.47
127452,586.44
127451,54173.22
127450,39312.54
127449,22634.14
127448,23850.28
127447,23675.44
127446,31977.81
127445,40435.88
127444,58280.79
127443,40901.6
127442,21915.82
127441,22457.46
127440,18704.51
127439,19979.06
127438,39844.67
127437,42143.75
127436,34754.06
127435,31434.26
127434,25789.34
127433,28545.75
127432,27466.56
127431,33293.38
127430,42510.2
127429,40451.49
127428,19631.51
127427,21200.4
127426,20944.43
127425,511.47
127424,34994.5
127423,38739.34
127422,38137.4
127421,53181.62
127420,26859.5
127419,30644.59
127418,32854.5
127417,34721.81
127416,39865.23
127415,37627.6
127414,25970.62
127413,35266.69
127412,30388.83
127411,27560.64
127410,35848.98
127409,48020.6
127408,37819.03
127407,31951.09
127406,25899.81
127405,29903.7
127404,26436.33
127403,37967.86
127402,43400.07
127401,33738.25
127400,24982.24
127399,25674.34
127398,21861.65
127397,24006.78
127396,33173.35
127395,36163.16
127394,41256.24
127393,21776.45
127392,14695.31
127391,23518.29
127390,26047.17
127389,31174.0
127388,38773.29
127387,28795.98
127386,24788.81
