197701,23371.6
197700,33274.42
197699,37319.16
197698,16598.2
197697,18142.46
197696,19186.02
197695,15899.32
197694,465.73
197693,25622.93
197692,22731.48
197691,13295.36
197690,11098.51
197689,17646.15
197688,18169.85
197687,18960.36
197686,30071.53
197685,25116.64
197684,24980.32
197683,11841.9
197682,17082.71
197681,15473.86
197680,13715.9
197679,32618.24
197678,25246.49
197677,12682.02
197676,13437.29
197675,12343.94
197674,12766.96
197673,17898.07
197672,30130.37
197671,26401.63
197670,20965.0
197669,19083.16
197668,16069.21
197667,18279.04
197666,23284.74
197665,31240.2
197664,19162.88
197663,16212.27
197662,14456.64
197661,18693.84
197660,23645.83
197659,34769.6
197658,52680.47
197657,38111.15
197656,34078.13
197655,18159.77
197654,20237.98
197653,14944.28
197652,24081.87
197651,41800.56
197650,33291.66
197649,17026.85
197648,17049.35
197647,16212.01
197646,14050.64
197645,23430.06
197644,38976.79
197643,25150.26
197642,22345.69
197641,22416.68
197640,17308.17
197639,25901.72
197638,27830.16
197637,39900.63
197636,38600.35
197635,20235.27
197634,26886.3
197633,30876.07
197632,15419.66
197631,25307.67
197630,35556.96
197629,32283.03
197628,16458.77
197627,14981.28
197626,30737.4
197625,22595.99
197624,29326.32
197623,48218.2
197622,37483.23
197621,22592.66
197620,30334.31
197619,28808.35
197618,26073.58
197617,39940.81
197616,52539.13
197615,21803.08
197614,17190.23
197613,19387.26
197612,20032.28
197611,25674.04
197610,34555.74
197609,30477.25
197608,14671.13
197607,15771.47
197606,25434.53
197605,30583.61
197604,29363.25
197603,49263.32
197602,45932.92
197601,772.25
197600,17291.43
197599,20057.52
197598,21072.69
197597,27525.89
197596,36205.61
197595,35911.1
197594,19017.77
197593,20154.02
197592,19332.92
197591,26228.67
197590,31848.37
197589,44941.29
197588,40134.36
197587,23657.86
197586,20648.92
197585,22151.46
197584,25955.8
197583,17.46
197582,48107.95
197581,34064.49
197580,21252.61
197579,23954.78
197578,21129.07
197577,28191.75
197576,36061.42
197575,56273.38
197574,40342.71
197573,18264.53
197572,17439.52
197571,21116.84
197570,22765.74
197569,39202.8
197568,46166.8
197567,40950.3
197566,24221.44
197565,25120.47
197564,26881.66
197563,25947.07
197562,35247.72
197561,45080.4
197560,40804.36
197559,18613.65
197558,21158.97
197557,21036.26
197556,356.79
197555,31736.44
197554,44259.25
197553,39607.84
197552,46933.8
197551,24234.77
197550,26154.59
197549,26390.58
197548,31759.03
197547,42392.82
197546,38804.84
197545,23883.5
197544,31644.41
197543,28653.19
197542,24095.31
197541,27813.49
197540,51487.42
197539,43904.68
197538,24785.4
197537,28974.9
197536,29867.42
197535,30172.33
197534,36409.43
197533,53095.93
197532,42633.28
197531,21395.86
197530,23817.49
197529,23362.38
197528,26104.44
197527,29903.36
197526,36479.62
197525,40576.04
197524,20276.21
197523,18188.45
197522,22808.23
197521,25984.16
197520,33402.64
197519,38429.39
197518,38053.72
197517,23049.4
