137349,22010.79
137348,34271.31
137347,39203.45
137346,17424.48
137345,17458.09
137344,17531.02
137343,15263.24
137342,948.23
137341,28182.5
137340,20815.33
137339,12677.53
137338,17633.53
137337,22214.8
137336,23480.76
137335,24986.49
137334,28385.06
137333,22701.71
137332,24416.11
137331,15102.52
137330,20029.1
137329,21056.6
137328,17798.53
137327,30200.1
137326,24402.93
137325,13372.98
137324,12294.21
137323,15584.69
137322,16904.41
137321,20701.82
137320,37893.93
137319,21724.11
137318,15979.44
137317,17605.74
137316,19323.87
137315,20002.45
137314,23079.89
137313,30574.18
137312,20654.78
137311,15446.75
137310,19333.12
137309,21283.46
137308,34439.06
137307,40407.29
137306,55504.7
137305,32467.58
137304,32003.43
137303,18853.09
137302,22868.4
137301,23964.22
137300,29346.52
137299,39277.45
137298,31432.24
137297,17723.25
137296,13902.95
137295,21646.19
137294,16512.75
137293,25435.63
137292,36387.67
137291,25656.85
137290,28005.04
137289,18218.84
137288,17282.73
137287,31622.17
137286,36900.88
137285,47293.19
137284,41886.96
137283,23111.14
137282,31923.75
137281,41675.28
137280,23722.2
137279,24082.32
137278,40952.15
137277,33640.67
137276,19019.77
137275,21264.55
137274,34600.51
137273,31299.59
137272,31017.33
137271,42947.66
137270,36002.25
137269,26342.13
137268,29720.3
137267,36625.08
137266,28653.45
137265,40075.99
137264,54194.08
137263,21866.01
137262,21926.96
137261,20404.47
137260,26425.84
137259,28358.79
137258,32710.26
137257,29569.02
137256,801.09
137255,18960.0
137254,27291.16
137253,29896.41
137252,35044.96
137251,41723.61
137250,40738.49
137249,21512.14
137248,22366.93
137247,21091.32
137246,26087.78
137245,27471.97
137244,36851.06
137243,32309.2
137242,19133.4
137241,18549.39
137240,21057.57
137239,29268.7
137238,36664.32
137237,41976.2
137236,33977.71
137235,25820.85
137234,24996.23
137233,24690.89
137232,27281.54
137231,467.82
137230,48239.79
137229,33588.32
137228,22007.15
137227,22951.09
137226,24046.24
137225,29878.88
137224,37056.5
137223,59118.9
137222,38768.53
137221,19584.84
137220,26972.11
137219,23610.52
137218,24441.5
137217,41985.74
137216,43769.27
137215,40817.68
137214,30308.13
137213,30360.47
137212,29640.35
137211,29264.92
137210,35653.47
137209,51183.75
137208,42979.61
137207,16306.89
137206,20167.31
137205,18892.28
137204,243.59
137203,34851.97
137202,42059.86
137201,36286.73
137200,37254.42
137199,23596.59
137198,24323.96
137197,31929.01
137196,32392.65
137195,38079.65
137194,37256.98
137193,21129.27
137192,35095.9
137191,35036.41
137190,42314.3
137189,40099.41
137188,43281.27
137187,40182.82
137186,27859.71
137185,27448.24
137184,27945.64
137183,30833.06
137182,41731.56
137181,42022.39
137180,37921.63
137179,22706.15
137178,22371.52
137177,20096.75
137176,23149.71
137175,33580.2
137174,32556.28
137173,30720.47
137172,17413.65
137171,15357.5
137170,20879.87
137169,24984.79
137168,29258.28
137167,36512.59
137166,31793.86
137165,19073.49
