218324,18851.36
218323,28538.41
218322,21973.39
218321,9599.83
218320,10572.9
218319,8577.03
218318,11323.7
218317,815.33
218316,19225.57
218315,15547.4
218314,8354.42
218313,9967.86
218312,8730.18
218311,13461.34
218310,15272.74
218309,23876.98
218308,20132.42
218307,20228.18
218306,10371.31
218305,10568.22
218304,9503.02
218303,11205.29
218302,23963.87
218301,18613.78
218300,11175.79
218299,9480.25
218298,11640.57
218297,12243.96
218296,15838.91
218295,25862.68
218294,21244.83
218293,14990.25
218292,10816.7
218291,11788.91
218290,15484.07
218289,17218.95
218288,27871.84
218287,16456.31
218286,11272.46
218285,13603.82
218284,15415.7
218283,25320.75
218282,28943.16
218281,47825.82
218280,27617.42
218279,18595.84
218278,16636.37
218277,19363.29
218276,11673.89
218275,21026.05
218274,36825.27
218273,20942.72
218272,14997.67
218271,8488.75
218270,15635.1
218269,10672.34
218268,13679.08
218267,30129.71
218266,19592.06
218265,15921.65
218264,13297.47
218263,13995.93
218262,24562.21
218261,25781.1
218260,42878.37
218259,29209.7
218258,16080.11
218257,16235.67
218256,21925.12
218255,18234.23
218254,22471.37
218253,33452.65
218252,28504.15
218251,17001.15
218250,17145.27
218249,27529.04
218248,18801.66
218247,25912.52
218246,37898.46
218245,22239.52
218244,16308.68
218243,16865.63
218242,20721.16
218241,19248.83
218240,39582.06
218239,49332.04
218238,11320.62
218237,12388.66
218236,12125.05
218235,14187.95
218234,17350.95
218233,32644.34
218232,20341.81
218231,9961.35
218230,12400.93
218229,21040.65
218228,23634.47
218227,27434.09
218226,39272.47
218225,29413.73
218224,382.26
218223,12092.59
218222,13508.22
218221,13428.38
218220,19168.63
218219,29438.3
218218,17827.01
218217,11442.13
218216,12259.53
218215,13129.3
218214,25927.41
218213,25333.76
218212,35365.52
218211,27256.92
218210,20623.9
218209,13164.5
218208,19587.48
218207,20052.43
218206,454.42
218205,37464.3
218204,32072.88
218203,16388.57
218202,16713.78
218201,17669.71
218200,21464.42
218199,30219.81
218198,44281.23
218197,29465.62
218196,15025.96
218195,14009.23
218194,13792.67
218193,22793.36
218192,29842.33
218191,38228.32
218190,30547.13
218189,16800.11
218188,17645.77
218187,17123.05
218186,21644.9
218185,25428.43
218184,38001.35
218183,30524.35
218182,14360.29
218181,17981.7
218180,16579.0
218179,21126.4
218178,24089.3
218177,39435.58
218176,26326.6
218175,31067.12
218174,12800.89
218173,18064.04
218172,17381.12
218171,26065.75
218170,35685.4
218169,24033.32
218168,15671.45
218167,23674.45
218166,18655.04
218165,23551.34
218164,28262.07
218163,35403.43
218162,25444.92
218161,18685.92
218160,20859.31
218159,21313.9
218158,24678.75
218157,32240.22
218156,37030.04
218155,25082.14
218154,15659.14
218153,15709.84
218152,16921.94
218151,14816.53
218150,24312.78
218149,25050.61
218148,27988.57
218147,13054.53
218146,11630.98
218145,16048.09
218144,18509.29
218143,19671.93
218142,29367.63
218141,18898.11
218140,16986.27
