27429,27551.55
27428,43817.4
27427,28390.81
27426,17143.82
27425,14473.41
27424,15311.47
27423,15247.17
27422,1530.75
27421,30210.27
27420,12700.36
27419,10944.51
27418,8027.0
27417,8909.55
27416,22171.87
27415,31529.26
27414,44217.54
27413,19327.17
27412,12143.12
27411,15401.15
27410,20124.41
27409,19959.05
27408,23274.62
27407,42853.73
27406,26067.57
27405,11557.9
27404,15038.19
27403,14852.28
27402,13420.85
27401,27204.57
27400,41977.97
27399,26803.22
27398,16275.61
27397,15351.92
27396,16965.84
27395,17708.24
27394,28190.87
27393,43417.33
27392,23871.32
27391,18277.48
27390,13374.24
27389,17759.96
27388,34019.9
27387,44958.89
27386,69752.05
27385,43407.96
27384,34376.2
27383,26138.95
27382,28032.5
27381,25785.84
27380,39037.94
27379,61110.82
27378,38137.76
27377,16600.37
27376,20629.96
27375,12649.3
27374,16459.53
27373,25733.85
27372,50951.63
27371,26605.36
27370,21004.86
27369,9944.66
27368,19490.43
27367,38615.91
27366,52356.57
27365,68900.02
27364,44507.17
27363,33877.83
27362,41180.13
27361,62326.46
27360,26121.83
27359,32422.2
27358,55364.0
27357,36552.98
27356,13067.32
27355,13604.92
27354,33755.65
27353,38089.06
27352,44201.76
27351,70940.2
27350,46248.09
27349,28013.68
27348,30304.28
27347,36695.55
27346,23272.54
27345,46525.41
27344,76823.28
27343,23548.89
27342,22596.22
27341,21642.42
27340,28425.0
27339,31354.53
27338,35962.62
27337,25454.54
27336,617.87
27335,15453.29
27334,25450.31
27333,27554.66
27332,39459.0
27331,54562.04
27330,28278.62
27329,17018.71
27328,782.93
27327,478.97
27326,165.98
27325,27427.21
27324,44843.76
27323,37368.17
27322,656.81
27321,18857.51
27320,18307.92
27319,48835.83
27318,51955.71
27317,65617.0
27316,41342.3
27315,29441.01
27314,29212.56
27313,33698.13
27312,32411.55
27311,42832.24
27310,67049.64
27309,31313.8
27308,22219.33
27307,19497.49
27306,24655.71
27305,34798.47
27304,39447.27
27303,66049.93
27302,38237.65
27301,17969.92
27300,19687.23
27299,17720.51
27298,19859.05
27297,40845.72
27296,56515.59
27295,43551.7
27294,29722.48
27293,32283.39
27292,34679.49
27291,33102.91
27290,43722.8
27289,58162.48
27288,49317.45
27287,24314.58
27286,22914.3
27285,30710.39
27284,41279.37
27283,49596.4
27282,55867.6
27281,38046.3
27280,38803.42
27279,24145.94
27278,25510.7
27277,30667.17
27276,34712.14
27275,42216.41
27274,38035.34
27273,21434.53
27272,42712.61
27271,41017.81
27270,38191.29
27269,46078.49
27268,56787.26
27267,38334.87
27266,30277.81
27265,32377.18
27264,35849.8
27263,42685.21
27262,51319.67
27261,48863.03
27260,38529.25
27259,19277.59
27258,21001.08
27257,21901.2
27256,28528.3
27255,35312.25
27254,34702.19
27253,36562.67
27252,18666.53
27251,12651.42
27250,20756.37
27249,25917.67
27248,30692.84
27247,32641.95
27246,20697.31
27245,16483.31
