91371,23269.88
91370,41482.23
91369,31628.74
91368,13940.12
91367,11227.74
91366,9128.25
91365,12585.48
91364,515.38
91363,21080.92
91362,24568.6
91361,12450.16
91360,12391.82
91359,10155.76
91358,18865.55
91357,21259.54
91356,31044.68
91355,21875.92
91354,25305.46
91353,13844.25
91352,17796.66
91351,13700.44
91350,18731.57
91349,30028.53
91348,25540.62
91347,11532.17
91346,11468.7
91345,12526.78
91344,12636.39
91343,24268.25
91342,36678.44
91341,23385.28
91340,13170.51
91339,13718.47
91338,17878.92
91337,18705.66
91336,22248.68
91335,35530.52
91334,22225.3
91333,13531.77
91332,14061.67
91331,15296.56
91330,35981.84
91329,41409.94
91328,64297.52
91327,34951.37
91326,29810.6
91325,20833.21
91324,26045.72
91323,22184.86
91322,33862.93
91321,51980.08
91320,33550.15
91319,16241.46
91318,14345.74
91317,19903.79
91316,19975.53
91315,27972.96
91314,43816.22
91313,26569.51
91312,23750.82
91311,17469.11
91310,20924.66
91309,28738.21
91308,36475.03
91307,54202.01
91306,43882.31
91305,25856.27
91304,23926.48
91303,26436.2
91302,24473.59
91301,36853.81
91300,52109.99
91299,38511.47
91298,23445.57
91297,24401.56
91296,39088.7
91295,33361.83
91294,42605.74
91293,51131.98
91292,38434.88
91291,22060.27
91290,27572.48
91289,32357.13
91288,26272.44
91287,51389.54
91286,57742.6
91285,-46.08
91284,14088.89
91283,14161.89
91282,18159.52
91281,19352.0
91280,26723.03
91279,42192.06
91278,30449.86
91277,409.0
91276,16217.47
91275,27915.39
91274,32808.47
91273,39299.9
91272,52786.55
91271,48673.29
91270,11674.26
91269,15577.11
91268,15914.19
91267,22829.59
91266,32923.66
91265,39919.4
91264,32135.87
91263,7383.19
91262,16817.43
91261,13071.76
91260,20441.02
91259,39374.98
91258,55661.08
91257,38332.38
91256,23036.28
91255,25185.84
91254,25228.32
91253,26884.51
91252,887.16
91251,58733.38
91250,37618.45
91249,18118.96
91248,23803.96
91247,31354.84
91246,37727.98
91245,47481.48
91244,61524.86
91243,38524.62
91242,19453.63
91241,22071.15
91240,21499.65
91239,23991.05
91238,48161.81
91237,54108.14
91236,43653.17
91235,24423.7
91234,26735.98
91233,25662.1
91232,16359.71
91231,37317.94
91230,50095.13
91229,46134.12
91228,18740.54
91227,20084.65
91226,24265.34
91225,660.74
91224,34207.72
91223,29383.62
91222,-31.58
91221,18.04
91220,16179.25
91219,18358.62
91218,10300.22
91217,25029.34
91216,41402.84
91215,37578.53
91214,19847.16
91213,31387.99
91212,33102.59
91211,30363.02
91210,41998.8
91209,54943.16
91208,33413.81
91207,26788.24
91206,27442.36
91205,28434.87
91204,35391.44
91203,51530.01
91202,51375.92
91201,37674.56
91200,22074.99
91199,22689.06
91198,20888.04
91197,25120.83
91196,36247.35
91195,42583.73
91194,36848.38
91193,20429.89
91192,12551.93
91191,21702.32
91190,28275.95
91189,32867.99
91188,38748.08
91187,27441.56
91186,22739.0
