145391,30783.27
145390,45761.25
145389,25601.13
145388,9776.64
145387,15522.57
145386,14925.68
145385,15713.38
145384,550.81
145383,28282.61
145382,14319.18
145381,9799.39
145380,4829.33
145379,9547.08
145378,19021.04
145377,20291.95
145376,31653.27
145375,15772.23
145374,17075.79
145373,15184.2
145372,14407.63
145371,13877.09
145370,310.68
145369,83.88
145368,9986.06
145367,13007.7
145366,12283.11
145365,8847.41
145364,14320.09
145363,19057.22
145362,42906.41
145361,21086.07
145360,15490.15
145359,15689.85
145358,17243.12
145357,18800.59
145356,27385.83
145355,43917.5
145354,19601.94
145353,11964.3
145352,9987.56
145351,15329.32
145350,27843.7
145349,38993.31
145348,45460.5
145347,26126.67
145346,8266.04
145345,16634.85
145344,22292.8
145343,22288.43
145342,33855.54
145341,59166.65
145340,29140.45
145339,19597.61
145338,17426.17
145337,17758.38
145336,11422.96
145335,24737.58
145334,55275.03
145333,21332.4
145332,22455.29
145331,18698.17
145330,15288.72
145329,23823.9
145328,41308.49
145327,78056.6
145326,39830.73
145325,34583.17
145324,37993.83
145323,44705.04
145322,31353.19
145321,37625.48
145320,61388.52
145319,43846.19
145318,17820.17
145317,21968.72
145316,35637.84
145315,36432.62
145314,49430.18
145313,70485.14
145312,32951.64
145311,30865.17
145310,37394.96
145309,37253.01
145308,38881.95
145307,64441.72
145306,84018.19
145305,21935.45
145304,18413.04
145303,19705.07
145302,20676.68
145301,29021.88
145300,41368.28
145299,24198.2
145298,575.17
145297,14565.58
145296,35354.41
145295,29991.25
145294,37650.47
145293,47572.26
145292,35068.78
145291,16708.51
145290,18721.99
145289,17201.59
145288,21138.51
145287,27945.46
145286,41026.41
145285,23270.98
145284,15851.02
145283,21164.14
145282,21238.8
145281,43369.77
145280,42248.05
145279,52942.56
145278,31184.44
145277,24498.1
145276,28050.22
145275,26079.65
145274,29758.23
145273,1827.74
145272,64621.39
145271,32682.05
145270,21806.59
145269,24675.26
145268,23364.8
145267,32313.9
145266,50664.57
145265,69661.95
145264,30467.17
145263,17688.28
145262,24657.22
145261,18422.86
145260,23982.88
145259,43122.66
145258,50486.56
145257,29365.75
145256,22937.69
145255,29892.6
145254,25819.28
145253,28753.11
145252,38316.81
145251,55110.34
145250,33862.53
145249,20645.64
145248,20046.23
145247,20645.42
145246,498.02
145245,36643.75
145244,35648.29
145243,30205.83
145242,33462.42
145241,19812.4
145240,18870.43
145239,27362.23
145238,35460.82
145237,42504.38
145236,29631.35
145235,22030.49
145234,29505.27
145233,32810.11
145232,38034.45
145231,42775.72
145230,48542.16
145229,32073.29
145228,29737.36
145227,31356.59
145226,30741.29
145225,34298.86
145224,52073.36
145223,50237.51
145222,26443.99
145221,22476.01
145220,21690.62
145219,20514.93
145218,19480.79
145217,32538.78
145216,34478.57
145215,27666.0
145214,16905.7
145213,16246.31
145212,14939.55
145211,22788.87
145210,39879.91
145209,31427.38
145208,22155.21
145207,24931.29
