170110,13286.73
170109,28500.19
170108,23810.23
170107,11494.42
170106,13533.79
170105,13069.24
170104,11490.92
170103,629.05
170102,19724.23
170101,13161.68
170100,8987.05
170099,8983.71
170098,9769.51
170097,16032.44
170096,19828.91
170095,25283.01
170094,17991.73
170093,19496.69
170092,14314.29
170091,13154.0
170090,16035.62
170089,14123.07
170088,16431.7
170087,16534.86
170086,12492.66
170085,10902.82
170084,9081.62
170083,10789.43
170082,19042.46
170081,26089.58
170080,14999.5
170079,12967.58
170078,8898.97
170077,13214.64
170076,13281.05
170075,18074.54
170074,27339.09
170073,13902.15
170072,10752.52
170071,10169.27
170070,14239.09
170069,23033.17
170068,36474.75
170067,38620.15
170066,27449.85
170065,17180.69
170064,10399.2
170063,16678.29
170062,13702.08
170061,27628.65
170060,34689.09
170059,21744.72
170058,13806.32
170057,10912.79
170056,10949.53
170055,11335.74
170054,20252.56
170053,35832.52
170052,15074.33
170051,14653.8
170050,11987.37
170049,12910.55
170048,26213.05
170047,27988.72
170046,45335.33
170045,26122.56
170044,23099.71
170043,25445.88
170042,34061.33
170041,22003.76
170040,27750.11
170039,37050.26
170038,29580.57
170037,13044.45
170036,12949.99
170035,24501.62
170034,22500.59
170033,27091.17
170032,45604.11
170031,25277.81
170030,19247.98
170029,18831.88
170028,27532.1
170027,29622.18
170026,40277.93
170025,47391.35
170024,11795.45
170023,13720.79
170022,13529.35
170021,16731.19
170020,21254.44
170019,29742.61
170018,17401.75
170017,530.17
170016,11276.32
170015,24798.58
170014,22388.13
170013,29886.68
170012,30564.74
170011,24503.69
170010,9772.15
170009,861.9
170008,617.08
170007,268.72
170006,23313.31
170005,28461.1
170004,20844.65
170003,883.32
170002,10860.42
170001,13776.27
170000,27051.84
169999,31136.67
169998,41682.27
169997,24634.73
169996,19897.72
169995,20300.1
169994,20815.12
169993,19216.28
169992,29866.93
169991,38399.23
169990,23553.9
169989,14712.63
169988,16022.0
169987,20979.97
169986,24456.39
169985,31337.43
169984,40615.13
169983,25336.82
169982,12498.99
169981,13290.22
169980,15818.08
169979,15871.16
169978,28828.54
169977,34399.53
169976,21119.83
169975,16168.44
169974,20968.11
169973,21148.69
169972,21174.74
169971,25716.95
169970,40433.99
169969,31474.75
169968,14205.32
169967,17026.05
169966,20876.01
169965,26497.56
169964,37779.33
169963,38597.46
169962,25030.69
169961,28237.96
169960,16710.46
169959,17813.17
169958,22570.4
169957,27611.0
169956,29466.92
169955,29019.65
169954,16764.39
169953,29935.52
169952,28722.19
169951,27796.31
169950,30834.03
169949,40674.13
169948,25688.94
169947,23157.94
169946,22546.7
169945,21524.81
169944,26110.89
169943,34702.02
169942,32384.85
169941,20773.77
169940,15376.3
169939,20016.25
169938,18197.0
169937,20955.17
169936,29689.99
169935,24009.37
169934,20412.0
169933,14681.78
169932,13575.65
169931,13707.49
169930,21311.17
169929,25809.86
169928,26095.81
169927,17310.77
169926,14663.55
