46790,33816.15
46789,66489.43
46788,69564.41
46787,18606.15
46786,22354.05
46785,23136.16
46784,24586.5
46783,1634.48
46782,38624.12
46781,32715.72
46780,15408.4
46779,19125.05
46778,19215.08
46777,44420.25
46776,45296.82
46775,63036.48
46774,47682.44
46773,50689.5
46772,28092.83
46771,37288.59
46770,45879.4
46769,37199.58
46768,163.72
46767,15973.36
46766,16505.25
46765,15629.9
46764,23723.29
46763,16060.07
46762,37786.93
46761,58587.12
46760,41685.39
46759,20274.68
46758,24835.77
46757,19286.91
46756,27962.26
46755,27600.82
46754,52390.77
46753,33603.73
46752,21459.79
46751,18586.26
46750,24903.35
46749,65641.16
46748,65823.29
46747,96295.75
46746,58990.38
46745,35085.05
46744,28290.45
46743,41309.83
46742,28367.18
46741,48023.99
46740,70343.22
46739,51725.68
46738,24907.39
46737,22953.96
46736,19004.02
46735,26399.16
46734,39338.33
46733,67967.08
46732,38870.36
46731,40661.48
46730,25537.13
46729,24187.61
46728,68050.54
46727,55462.46
46726,116068.9
46725,86479.04
46724,52160.26
46723,57382.09
46722,87594.94
46721,46196.46
46720,52622.29
46719,75201.15
46718,63877.63
46717,24600.61
46716,25386.39
46715,60405.68
46714,52329.54
46713,66849.63
46712,94028.79
46711,66721.06
46710,52890.17
46709,57248.04
46708,72446.59
46707,56546.84
46706,87205.66
46705,101221.36
46704,32141.53
46703,29427.1
46702,29405.07
46701,35941.21
46700,43332.7
46699,56546.17
46698,50307.2
46697,2455.89
46696,26009.48
46695,45962.67
46694,35721.62
46693,59613.31
46692,68921.15
46691,81324.29
46690,23343.07
46689,21125.35
46688,30399.37
46687,31551.02
46686,42580.92
46685,56087.45
46684,45822.89
46683,25546.0
46682,27866.04
46681,27823.01
46680,76223.49
46679,77613.32
46678,105242.73
46677,75694.69
46676,45093.73
46675,43735.76
46674,47903.71
46673,44444.97
46672,2467.82
46671,98665.22
46670,50211.53
46669,32826.49
46668,39637.4
46667,38127.69
46666,55230.65
46665,65304.69
46664,111353.98
46663,56786.21
46662,21947.96
46661,23961.32
46660,30568.44
46659,30165.81
46658,73679.47
46657,76011.73
46656,66480.06
46655,47857.55
46654,41881.17
46653,55196.3
46652,50202.3
46651,63512.51
46650,91936.05
46649,90097.69
46648,26544.52
46647,32953.7
46646,41383.8
46645,1499.61
46644,70134.1
46643,81844.97
46642,54268.63
46641,74476.76
46640,32874.9
46639,33326.28
46638,45399.81
46637,53122.2
46636,60368.52
46635,55806.84
46634,34324.2
46633,65381.2
46632,63004.0
46631,62647.11
46630,65143.06
46629,80618.6
46628,79973.51
46627,47919.6
46626,53875.24
46625,53437.46
46624,55623.11
46623,77420.04
46622,92026.74
46621,65251.95
46620,32176.05
46619,36130.36
46618,32997.01
46617,40666.62
46616,59584.63
46615,51144.66
46614,61434.37
46613,31351.82
46612,19829.23
46611,33639.42
46610,36073.21
46609,42002.24
46608,46817.22
46607,33922.19
46606,32275.99
