77548,35050.81
77547,62414.42
77546,60198.68
77545,19318.33
77544,16648.38
77543,22679.14
77542,23109.81
77541,1635.7
77540,44741.34
77539,35187.51
77538,20619.56
77537,17871.67
77536,17333.66
77535,30100.03
77534,39305.4
77533,66575.77
77532,56700.83
77531,50159.47
77530,29489.04
77529,38734.42
77528,42353.0
77527,40435.5
77526,246.64
77525,11571.69
77524,16329.82
77523,16869.07
77522,20753.11
77521,15854.66
77520,32035.65
77519,61424.14
77518,37920.32
77517,19059.76
77516,20231.88
77515,16731.12
77514,26876.4
77513,28838.33
77512,56342.31
77511,31904.43
77510,19440.78
77509,16648.77
77508,22495.06
77507,50754.55
77506,68137.72
77505,102787.59
77504,64669.56
77503,36679.37
77502,25227.34
77501,38322.62
77500,29735.56
77499,44423.03
77498,76397.87
77497,62039.0
77496,23502.06
77495,19052.52
77494,19955.05
77493,19639.9
77492,34472.01
77491,63441.6
77490,47049.58
77489,36879.61
77488,21510.27
77487,23245.28
77486,55157.18
77485,53074.03
77484,104847.04
77483,84863.73
77482,45346.07
77481,51250.5
77480,83697.36
77479,39879.83
77478,47364.24
77477,79674.28
77476,67249.66
77475,16828.28
77474,19762.84
77473,44227.52
77472,39130.43
77471,51742.95
77470,91173.98
77469,69630.01
77468,34227.15
77467,39098.01
77466,57053.56
77465,39205.79
77464,71730.02
77463,97949.32
77462,27942.8
77461,21608.18
77460,21482.9
77459,31025.17
77458,33386.25
77457,55986.86
77456,48757.92
77455,17362.56
77454,22439.09
77453,34011.69
77452,29562.5
77451,46226.45
77450,54224.29
77449,68189.52
77448,3376.06
77447,24518.53
77446,25304.66
77445,27332.43
77444,36187.05
77443,55721.78
77442,45826.92
77441,29643.03
77440,28045.35
77439,30894.21
77438,54608.28
77437,64942.47
77436,104683.34
77435,77644.4
77434,43481.45
77433,50884.06
77432,50073.3
77431,45784.26
77430,2197.78
77429,95576.7
77428,57845.75
77427,31259.74
77426,31813.15
77425,32799.52
77424,47763.27
77423,64840.71
77422,103682.79
77421,64625.25
77420,24006.81
77419,24201.37
77418,25465.88
77417,21941.28
77416,63581.45
77415,75450.42
77414,65747.74
77413,35639.18
77412,37948.3
77411,43088.33
77410,46421.0
77409,49043.39
77408,83006.71
77407,89179.55
77406,31684.51
77405,33557.29
77404,36159.23
77403,1190.4
77402,71856.19
77401,83999.63
77400,66327.36
77399,97693.71
77398,32740.01
77397,35051.82
77396,52010.53
77395,45630.35
77394,74187.68
77393,63242.02
77392,30112.59
77391,57078.29
77390,56278.28
77389,53661.5
77388,62059.07
77387,85347.26
77386,90054.14
77385,42040.71
77384,46219.05
77383,51327.62
77382,56587.31
77381,70541.53
77380,83756.79
77379,70529.05
77378,32063.83
77377,33033.7
77376,35712.67
77375,38570.46
77374,55472.9
77373,51726.04
77372,68098.43
77371,29095.62
77370,20088.5
77369,31389.19
77368,38740.68
77367,41913.9
77366,49885.47
77365,37564.91
77364,32046.12
