23780,28420.1
23779,47387.35
23778,38016.77
23777,9309.78
23776,7762.43
23775,14648.4
23774,9631.59
23773,952.7
23772,26713.48
23771,18346.15
23770,8541.77
23769,5487.68
23768,8935.61
23767,22220.33
23766,26092.55
23765,39296.38
23764,31783.88
23763,26684.34
23762,18682.1
23761,19249.28
23760,17997.08
23759,20471.82
23758,12765.17
23757,34094.17
23756,10201.34
23755,11132.35
23754,10245.02
23753,13688.16
23752,20524.15
23751,43131.46
23750,29134.65
23749,14046.6
23748,13550.2
23747,12694.54
23746,19325.84
23745,26538.69
23744,41665.92
23743,20809.89
23742,15199.97
23741,8354.4
23740,17836.75
23739,37232.49
23738,51965.63
23737,57875.41
23736,38742.63
23735,35329.1
23734,19550.99
23733,27524.28
23732,19038.12
23731,30047.3
23730,56516.8
23729,34728.78
23728,17827.73
23727,10924.46
23726,14376.65
23725,16187.65
23724,25038.48
23723,47976.47
23722,29248.13
23721,19849.83
23720,18459.28
23719,13335.51
23718,48539.97
23717,51647.82
23716,81886.45
23715,62664.32
23714,38215.7
23713,44180.86
23712,55714.3
23711,29612.67
23710,37140.4
23709,50598.85
23708,42546.74
23707,14846.61
23706,18610.8
23705,47788.48
23704,36916.09
23703,49926.89
23702,75785.63
23701,46178.79
23700,32840.75
23699,35853.76
23698,35172.47
23697,40214.14
23696,58778.15
23695,64685.8
23694,18467.35
23693,14508.88
23692,16666.56
23691,18548.88
23690,29241.53
23689,41777.86
23688,21126.95
23687,11030.1
23686,14061.78
23685,30355.73
23684,21460.47
23683,42026.7
23682,46687.37
23681,42657.22
23680,734.42
23679,12732.18
23678,16563.82
23677,20593.67
23676,27677.03
23675,45718.43
23674,32633.16
23673,18084.5
23672,12466.24
23671,17250.23
23670,46002.04
23669,52654.77
23668,72786.84
23667,51674.47
23666,30018.54
23665,27730.28
23664,30624.9
23663,30916.67
23662,1053.72
23661,66580.93
23660,38972.74
23659,22457.11
23658,24005.2
23657,27578.56
23656,39911.66
23655,50721.17
23654,72981.37
23653,39372.98
23652,13582.83
23651,13520.45
23650,18366.71
23649,20532.41
23648,49433.13
23647,59737.78
23646,46940.12
23645,32545.49
23644,31431.97
23643,30969.12
23642,33986.41
23641,38789.83
23640,57952.7
23639,54181.1
23638,17726.53
23637,22119.7
23636,20433.99
23635,530.27
23634,46478.78
23633,49422.06
23632,45989.81
23631,42396.1
23630,23188.05
23629,25077.79
23628,31184.04
23627,38662.61
23626,42702.61
23625,46002.23
23624,19799.72
23623,46833.88
23622,43857.97
23621,43638.71
23620,46516.8
23619,60792.62
23618,46665.36
23617,32071.35
23616,35420.62
23615,34990.9
23614,42830.75
23613,52446.13
23612,51077.14
23611,35273.57
23610,18219.69
23609,16146.79
23608,23289.32
23607,29350.29
23606,40939.45
23605,33986.65
23604,35097.99
23603,17138.55
23602,17095.11
23601,20628.24
23600,23195.73
23599,30631.67
23598,32390.99
23597,20376.56
23596,18514.74
