57931,32562.52
57930,65514.21
57929,49860.11
57928,15954.1
57927,18741.8
57926,18539.22
57925,16618.69
57924,727.71
57923,39318.14
57922,14293.73
57921,9207.42
57920,9577.07
57919,14226.56
57918,25352.82
57917,33556.9
57916,50757.47
57915,35036.66
57914,32053.18
57913,19588.56
57912,22552.08
57911,20389.53
57910,27578.93
57909,48455.04
57908,39138.62
57907,15902.92
57906,17594.71
57905,16235.4
57904,15222.48
57903,35841.65
57902,53467.03
57901,30918.58
57900,21561.03
57899,17907.16
57898,23219.58
57897,20885.97
57896,31215.61
57895,52235.56
57894,32686.0
57893,18609.92
57892,18091.35
57891,24849.46
57890,50164.3
57889,52030.22
57888,91264.7
57887,49953.85
57886,48736.21
57885,29190.92
57884,33835.35
57883,32426.27
57882,43187.66
57881,72963.26
57880,55159.91
57879,17718.29
57878,22221.63
57877,10294.83
57876,9911.59
57875,33036.2
57874,62283.93
57873,42493.38
57872,27903.28
57871,6842.24
57870,18880.05
57869,43234.48
57868,69074.08
57867,87608.4
57866,77695.19
57865,43623.69
57864,47360.63
57863,64639.22
57862,36188.84
57861,49110.94
57860,79232.77
57859,56438.31
57858,19353.1
57857,19054.63
57856,43262.03
57855,42688.41
57854,46445.55
57853,91585.62
57852,61383.87
57851,34348.76
57850,38225.27
57849,44418.78
57848,32411.78
57847,68016.62
57846,92147.66
57845,25445.11
57844,30568.61
57843,28527.62
57842,31974.68
57841,32014.63
57840,47680.13
57839,34708.39
57838,18502.51
57837,18792.69
57836,33078.14
57835,36239.24
57834,43428.8
57833,66347.84
57832,39080.2
57831,267.36
57830,20395.64
57829,22236.22
57828,23804.53
57827,32897.54
57826,52486.46
57825,43393.57
57824,23375.68
57823,18991.94
57822,23406.46
57821,51214.11
57820,61171.25
57819,76254.64
57818,56747.65
57817,33723.66
57816,31782.59
57815,39065.97
57814,37881.47
57813,66.69
57812,88850.51
57811,40585.09
57810,26019.28
57809,26775.56
57808,30953.12
57807,45018.02
57806,50103.86
57805,83047.58
57804,50017.21
57803,22598.66
57802,18784.54
57801,25850.06
57800,23273.14
57799,55777.52
57798,81032.79
57797,58619.48
57796,32611.31
57795,33083.47
57794,38417.01
57793,36205.12
57792,52399.98
57791,66946.21
57790,62231.78
57789,26055.99
57788,29298.2
57787,36159.24
57786,58514.18
57785,58475.7
57784,52681.48
57783,54311.88
57782,26845.45
57781,26314.53
57780,37819.27
57779,47369.35
57778,59028.21
57777,51728.27
57776,23614.0
57775,45133.13
57774,46578.26
57773,42634.98
57772,59812.91
57771,69001.5
57770,53632.71
57769,40014.96
57768,36793.11
57767,46959.46
57766,54098.19
57765,65090.84
57764,66194.28
57763,49776.12
57762,20765.4
57761,26682.85
57760,25698.46
57759,35127.82
57758,52090.93
57757,45469.65
57756,49430.07
57755,24807.89
57754,17121.78
57753,29049.62
57752,32523.39
57751,39760.06
57750,40565.97
57749,29007.11
57748,21796.31
