90602,26993.53
90601,38444.2
90600,29654.7
90599,14111.28
90598,11084.29
90597,11595.99
90596,13173.12
90595,580.49
90594,24864.6
90593,22904.36
90592,8227.13
90591,11323.83
90590,9796.95
90589,16512.3
90588,21538.85
90587,33584.57
90586,23778.11
90585,22630.74
90584,12800.14
90583,12391.84
90582,12567.47
90581,18474.36
90580,31249.29
90579,23134.41
90578,10439.52
90577,8453.68
90576,8871.47
90575,9204.98
90574,18582.02
90573,33148.81
90572,23570.77
90571,13660.58
90570,12466.9
90569,12694.24
90568,15448.41
90567,20287.54
90566,25810.95
90565,17189.24
90564,13084.53
90563,11835.2
90562,18245.24
90561,29891.5
90560,38701.41
90559,50975.12
90558,34622.02
90557,23088.9
90556,16940.3
90555,21617.49
90554,15340.93
90553,26734.38
90552,37351.03
90551,29425.38
90550,13862.91
90549,13627.73
90548,13828.25
90547,14848.18
90546,20791.93
90545,26076.14
90544,17455.81
90543,20136.07
90542,13955.36
90541,14758.59
90540,29584.76
90539,36885.85
90538,47594.64
90537,38888.71
90536,27676.58
90535,19926.63
90534,23126.38
90533,27748.39
90532,28544.29
90531,42025.49
90530,35713.25
90529,18315.77
90528,20600.41
90527,32269.65
90526,30344.49
90525,33869.84
90524,43655.96
90523,32513.8
90522,23200.39
90521,22452.37
90520,29762.33
90519,24352.94
90518,46859.5
90517,57242.98
90516,-38.4
90515,15966.6
90514,12841.24
90513,11866.49
90512,20345.16
90511,25492.15
90510,30330.88
90509,22784.53
90508,14476.39
90507,15732.96
90506,23384.4
90505,23830.21
90504,27713.09
90503,45581.17
90502,35109.22
90501,1145.06
90500,14202.32
90499,13760.41
90498,18874.83
90497,22678.25
90496,26578.88
90495,23180.48
90494,8373.73
90493,16032.83
90492,12004.14
90491,28599.51
90490,34483.24
90489,40413.33
90488,28262.4
90487,20940.47
90486,21613.32
90485,22265.25
90484,22419.26
90483,699.43
90482,53703.59
90481,29179.03
90480,19243.44
90479,17016.25
90478,23691.62
90477,27078.91
90476,34291.65
90475,52627.43
90474,32801.17
90473,16869.23
90472,17560.91
90471,18121.13
90470,20404.76
90469,38716.25
90468,42061.88
90467,35044.02
90466,19875.36
90465,25821.98
90464,29037.27
90463,16852.66
90462,33543.07
90461,40893.62
90460,43190.59
90459,15360.49
90458,16464.39
90457,14494.84
90456,340.24
90455,24313.99
90454,42379.4
90453,32723.01
90452,36139.64
90451,14233.87
90450,18450.51
90449,15712.17
90448,26932.24
90447,39722.6
90446,30405.94
90445,16879.25
90444,26520.28
90443,28928.4
90442,29787.46
90441,32358.27
90440,43069.36
90439,27185.0
90438,24204.37
90437,24629.49
90436,21130.24
90435,27091.78
90434,43444.16
90433,44298.79
90432,31487.91
90431,17392.87
90430,13319.15
90429,20359.47
90428,21366.67
90427,27575.07
90426,32348.42
90425,32608.67
90424,14639.49
90423,11282.28
90422,20460.35
90421,20939.28
90420,24825.63
90419,32693.42
90418,24576.4
90417,17739.05
