136773,44177.39
136772,70400.95
136771,58859.88
136770,18931.87
136769,21634.15
136768,17869.74
136767,22315.19
136766,1509.26
136765,32503.62
136764,32214.38
136763,15794.85
136762,19264.32
136761,22293.28
136760,33016.9
136759,37012.2
136758,57484.83
136757,32940.98
136756,35459.15
136755,26329.78
136754,20831.94
136753,24504.17
136752,28951.75
136751,59505.16
136750,44614.79
136749,17792.58
136748,19276.58
136747,20547.22
136746,20016.72
136745,39407.27
136744,59998.35
136743,38619.45
136742,23592.29
136741,18284.93
136740,15870.96
136739,30181.76
136738,38352.11
136737,55271.74
136736,30073.62
136735,16562.56
136734,18323.89
136733,26231.18
136732,68791.28
136731,72752.75
136730,115500.36
136729,31477.68
136728,53741.65
136727,33945.8
136726,42036.77
136725,35762.94
136724,53730.07
136723,89258.58
136722,65708.22
136721,22524.42
136720,25277.33
136719,20106.54
136718,27490.39
136717,44660.32
136716,66655.29
136715,41216.79
136714,33918.58
136713,18237.89
136712,24425.81
136711,48048.05
136710,74475.9
136709,104188.35
136708,82527.15
136707,47276.28
136706,50015.22
136705,73610.46
136704,39607.37
136703,54454.91
136702,78198.7
136701,59337.32
136700,25190.66
136699,23595.36
136698,57033.12
136697,48687.24
136696,56477.19
136695,90266.35
136694,68359.41
136693,42220.43
136692,52090.68
136691,59498.78
136690,43672.86
136689,75520.28
136688,88305.1
136687,30677.72
136686,26723.17
136685,31293.74
136684,33852.4
136683,43414.63
136682,61362.35
136681,41088.57
136680,1182.4
136679,23848.67
136678,41126.41
136677,37850.04
136676,49374.27
136675,83740.39
136674,59683.21
136673,24219.84
136672,1207.35
136671,961.99
136670,249.23
136669,43950.46
136668,58859.4
136667,55108.05
136666,1507.68
136665,30456.15
136664,32719.9
136663,63899.11
136662,69965.55
136661,90771.53
136660,65074.0
136659,44524.27
136658,43206.69
136657,47109.68
136656,44753.57
136655,54245.42
136654,101840.29
136653,53948.01
136652,30956.1
136651,37164.53
136650,38997.91
136649,53111.53
136648,63433.42
136647,90457.96
136646,55718.4
136645,25201.94
136644,29970.57
136643,26975.25
136642,29775.2
136641,75882.94
136640,91459.14
136639,63072.55
136638,43482.04
136637,44652.1
136636,44776.44
136635,45700.05
136634,62627.21
136633,72426.49
136632,72034.21
136631,36059.1
136630,34399.58
136629,41939.8
136628,45721.46
136627,66295.76
136626,70735.32
136625,57331.96
136624,61195.98
136623,38111.63
136622,38316.68
136621,41234.58
136620,47936.57
136619,63679.24
136618,41686.46
136617,27877.6
136616,63060.97
136615,54404.4
136614,59507.79
136613,68672.14
136612,88249.16
136611,63738.31
136610,47645.36
136609,51605.68
136608,49098.41
136607,59077.01
136606,74727.46
136605,75741.27
136604,58478.13
136603,24866.56
136602,32923.98
136601,32345.61
136600,35786.75
136599,53228.44
136598,52333.81
136597,56263.12
136596,29478.24
136595,20194.91
136594,27597.25
136593,35738.18
136592,42482.35
136591,44634.13
136590,42675.44
136589,28056.1
