71979,32146.16
71978,63226.05
71977,51745.37
71976,18075.83
71975,20787.0
71974,21805.97
71973,17374.52
71972,673.38
71971,43466.47
71970,37504.08
71969,11084.02
71968,15856.99
71967,16022.3
71966,26638.83
71965,22979.4
71964,52569.79
71963,39658.32
71962,39184.51
71961,19504.25
71960,18852.3
71959,18985.18
71958,17120.08
71957,43962.15
71956,45053.26
71955,15991.48
71954,14105.82
71953,13207.0
71952,17428.59
71951,31873.26
71950,53386.55
71949,33989.17
71948,18251.4
71947,17807.39
71946,18135.68
71945,26406.44
71944,30932.21
71943,51784.7
71942,30925.98
71941,18503.44
71940,15552.31
71939,22446.49
71938,44506.76
71937,58454.66
71936,86268.18
71935,53350.09
71934,34439.41
71933,23670.94
71932,30634.64
71931,22811.64
71930,43869.22
71929,68329.14
71928,41737.83
71927,16968.63
71926,15309.53
71925,19682.92
71924,17616.18
71923,35974.77
71922,62446.5
71921,33431.81
71920,32778.86
71919,19791.23
71918,19553.06
71917,41134.21
71916,59324.4
71915,90039.03
71914,61833.1
71913,38980.13
71912,40944.06
71911,66856.64
71910,33211.91
71909,53874.95
71908,74482.8
71907,67229.2
71906,27853.12
71905,24064.49
71904,52796.37
71903,42684.59
71902,50679.06
71901,92116.1
71900,58476.53
71899,35214.65
71898,38466.74
71897,46712.19
71896,34803.51
71895,78583.87
71894,104695.64
71893,-103.79
71892,26588.31
71891,23663.02
71890,30009.19
71889,34735.02
71888,54410.16
71887,59679.37
71886,42624.85
71885,1103.5
71884,26687.47
71883,36263.15
71882,34215.21
71881,47001.64
71880,65046.18
71879,46875.1
71878,15150.98
71877,3102.88
71876,1467.08
71875,272.05
71874,32113.22
71873,55924.23
71872,43450.66
71871,1713.12
71870,18571.2
71869,19566.86
71868,42146.78
71867,48018.55
71866,76899.32
71865,55075.32
71864,29316.53
71863,33198.4
71862,34593.74
71861,35688.05
71860,51716.97
71859,75348.14
71858,54498.05
71857,29334.25
71856,32347.62
71855,36546.97
71854,42891.69
71853,53046.16
71852,96048.65
71851,57411.63
71850,23129.78
71849,25706.13
71848,26578.47
71847,29768.6
71846,56494.69
71845,84033.08
71844,62436.09
71843,36130.97
71842,33708.3
71841,38100.81
71840,37760.38
71839,51863.9
71838,81331.13
71837,77084.13
71836,29892.85
71835,35749.65
71834,36089.42
71833,47190.91
71832,59897.0
71831,73031.75
71830,50915.2
71829,66116.68
71828,26826.7
71827,27691.46
71826,32752.51
71825,44119.88
71824,59117.43
71823,50378.63
71822,22009.85
71821,40052.64
71820,41309.42
71819,43095.45
71818,52426.74
71817,74232.0
71816,55401.7
71815,34436.84
71814,38245.43
71813,39698.34
71812,50655.99
71811,54995.64
71810,86139.95
71809,58424.19
71808,21271.46
71807,25631.98
71806,26746.86
71805,28581.45
71804,43880.79
71803,55769.91
71802,50890.52
71801,25768.32
71800,18151.14
71799,29202.76
71798,33115.76
71797,36318.39
71796,56288.47
71795,36519.07
71794,37242.31
