150757,14207.49
150756,28208.01
150755,16976.41
150754,8706.18
150753,6512.92
150752,6390.16
150751,8194.68
150750,777.78
150749,19543.32
150748,12504.26
150747,5621.57
150746,7719.67
150745,6873.19
150744,11782.41
150743,10457.72
150742,18852.2
150741,13340.15
150740,12084.91
150739,9498.72
150738,9843.75
150737,6178.55
150736,7997.29
150735,22578.01
150734,10330.56
150733,4662.99
150732,8396.7
150731,8076.12
150730,6804.59
150729,12568.73
150728,20974.02
150727,14477.7
150726,8938.8
150725,7737.05
150724,7918.29
150723,13306.26
150722,13846.5
150721,19227.49
150720,6799.15
150719,9729.52
150718,9140.97
150717,11291.87
150716,20591.05
150715,20990.88
150714,40289.79
150713,15682.48
150712,14555.46
150711,10218.62
150710,11278.52
150709,9810.14
150708,18417.19
150707,27765.8
150706,10836.98
150705,7582.81
150704,7250.89
150703,10701.02
150702,9253.68
150701,14526.93
150700,29321.98
150699,11823.07
150698,12614.23
150697,12495.67
150696,11194.08
150695,20124.02
150694,16608.26
150693,37802.09
150692,15933.73
150691,14635.96
150690,9953.66
150689,6374.93
150688,9040.38
150687,16225.05
150686,24919.43
150685,17083.07
150684,10445.57
150683,13220.09
150682,16744.78
150681,16679.61
150680,21098.93
150679,37459.88
150678,19665.07
150677,14360.46
150676,14976.34
150675,18613.73
150674,21481.19
150673,38130.16
150672,33749.09
150671,9875.92
150670,11132.89
150669,8477.72
150668,14175.07
150667,13876.82
150666,22681.19
150665,12795.06
150664,709.85
150663,10859.36
150662,18121.92
150661,19202.09
150660,24986.14
150659,29604.16
150658,23114.81
150657,9032.3
150656,932.78
150655,379.88
150654,277.67
150653,17159.66
150652,22109.43
150651,12945.9
150650,536.04
150649,7571.43
150648,9268.54
150647,19184.14
150646,25983.01
150645,30346.01
150644,18046.82
150643,11473.92
150642,14275.54
150641,14682.75
150640,13055.83
150639,16614.55
150638,41888.76
150637,16130.18
150636,11067.37
150635,14994.99
150634,15684.03
150633,18783.52
150632,24088.32
150631,43650.73
150630,18216.56
150629,10612.61
150628,13607.61
150627,12695.81
150626,13870.68
150625,23456.39
150624,36450.35
150623,22121.53
150622,13454.4
150621,14178.6
150620,14885.54
150619,17009.94
150618,19263.36
150617,24449.14
150616,18048.37
150615,10832.77
150614,12228.41
150613,10320.27
150612,13217.25
150611,16463.03
150610,27601.28
150609,16830.61
150608,23836.89
150607,11497.08
150606,13300.89
150605,12446.02
150604,14445.68
150603,26628.04
150602,14160.79
150601,9562.04
150600,14920.19
150599,17101.5
150598,16155.58
150597,19142.69
150596,25343.05
150595,17276.0
150594,12295.26
150593,13066.09
150592,14202.65
150591,18278.7
150590,21145.19
150589,25553.05
150588,16591.92
150587,9313.58
150586,10458.36
150585,11902.27
150584,10533.19
150583,17359.04
150582,18642.81
150581,14427.56
150580,9066.88
150579,7220.6
150578,10619.77
150577,14759.61
150576,16684.01
150575,22624.75
150574,15640.19
150573,9532.6
