182946,18638.18
182945,31393.82
182944,21899.8
182943,10527.51
182942,9668.7
182941,8256.42
182940,7869.05
182939,335.08
182938,18110.91
182937,10783.38
182936,5375.98
182935,6458.49
182934,8756.11
182933,11962.85
182932,13286.86
182931,25136.48
182930,17050.74
182929,16879.27
182928,11710.57
182927,3349.7
182926,10952.38
182925,7068.68
182924,11174.08
182923,19614.0
182922,4728.79
182921,5482.52
182920,8287.69
182919,9073.43
182918,12752.59
182917,22363.06
182916,15393.29
182915,12209.46
182914,9863.0
182913,11142.29
182912,11709.66
182911,16752.44
182910,26055.52
182909,14874.66
182908,9733.82
182907,7937.01
182906,12027.78
182905,25612.59
182904,30961.19
182903,53162.88
182902,22247.98
182901,12836.61
182900,14799.9
182899,16701.11
182898,12030.66
182897,19290.49
182896,36389.35
182895,22406.28
182894,8510.42
182893,8896.67
182892,9229.28
182891,10784.87
182890,18041.04
182889,31765.18
182888,16643.42
182887,14967.45
182886,11228.67
182885,12851.97
182884,20385.5
182883,30107.12
182882,49698.79
182881,28659.24
182880,19192.33
182879,21669.57
182878,28064.24
182877,17898.92
182876,29599.51
182875,42561.71
182874,31247.38
182873,14733.27
182872,16002.85
182871,23546.67
182870,21813.76
182869,29231.74
182868,47703.52
182867,26221.44
182866,18870.0
182865,24044.15
182864,26393.93
182863,22333.32
182862,43364.2
182861,53471.45
182860,10302.67
182859,10449.68
182858,7380.75
182857,11127.48
182856,17938.93
182855,26675.06
182854,16689.54
182853,10487.18
182852,10098.99
182851,17681.07
182850,19492.02
182849,25301.33
182848,41685.89
182847,28234.85
182846,918.29
182845,8435.94
182844,11491.48
182843,10314.26
182842,18572.3
182841,22375.6
182840,20769.77
182839,10287.4
182838,12197.59
182837,8868.38
182836,19720.02
182835,27251.15
182834,37167.8
182833,22636.87
182832,16166.49
182831,15290.75
182830,17187.95
182829,18833.25
182828,788.98
182827,37955.85
182826,24281.84
182825,17899.32
182824,18193.73
182823,17749.74
182822,24459.83
182821,31734.02
182820,48256.2
182819,25087.99
182818,9379.1
182817,15115.23
182816,12740.43
182815,14232.51
182814,29362.14
182813,34436.88
182812,25900.25
182811,18216.53
182810,16703.88
182809,19789.13
182808,18366.63
182807,26693.15
182806,36966.63
182805,24591.41
182804,15206.37
182803,11762.29
182802,15038.14
182801,337.55
182800,25665.19
182799,32660.35
182798,22166.66
182797,23650.68
182796,12590.0
182795,13604.5
182794,15602.34
182793,20838.51
182792,28652.58
182791,19363.17
182790,14207.01
182789,22303.35
182788,20865.32
182787,22492.08
182786,22085.22
182785,30614.48
182784,22884.23
182783,17107.14
182782,18833.54
182781,13945.16
182780,24070.95
182779,29952.95
182778,37717.38
182777,21850.67
182776,10575.93
182775,11116.04
182774,12436.39
182773,16813.59
182772,22931.32
182771,22334.73
182770,17777.64
182769,9310.58
182768,8494.92
182767,10820.78
182766,15047.52
182765,19988.0
182764,25354.26
182763,17538.8
182762,13865.48
