68548,29703.15
68547,46239.08
68546,41134.68
68545,15024.98
68544,14519.46
68543,14265.76
68542,18614.55
68541,807.92
68540,31695.17
68539,20852.72
68538,8125.83
68537,10494.58
68536,11415.97
68535,18944.83
68534,15608.0
68533,41924.52
68532,20373.7
68531,29936.95
68530,18525.44
68529,18408.11
68528,20358.2
68527,1816.08
68526,8623.01
68525,18563.1
68524,15388.45
68523,14158.82
68522,15410.4
68521,17358.13
68520,25182.69
68519,47147.65
68518,31075.74
68517,17752.0
68516,19390.44
68515,15055.24
68514,28264.28
68513,35078.23
68512,51493.24
68511,27342.18
68510,13232.87
68509,14980.74
68508,18993.38
68507,41589.32
68506,49011.22
68505,79267.43
68504,39621.08
68503,8759.32
68502,20562.82
68501,22551.15
68500,20376.21
68499,35563.16
68498,54742.44
68497,39198.46
68496,14388.31
68495,14103.76
68494,15661.99
68493,16138.4
68492,26216.42
68491,41687.76
68490,31303.93
68489,26362.45
68488,15584.48
68487,16379.95
68486,38729.87
68485,43668.98
68484,67202.95
68483,51871.06
68482,33597.53
68481,33792.15
68480,50300.66
68479,26118.17
68478,34427.78
68477,65891.11
68476,52190.34
68475,19359.47
68474,18460.38
68473,36177.57
68472,33352.9
68471,35637.92
68470,63834.36
68469,45249.74
68468,25070.56
68467,26499.14
68466,35066.39
68465,32793.39
68464,59312.69
68463,75639.59
68462,20200.48
68461,16730.59
68460,25964.02
68459,22597.0
68458,30633.46
68457,42882.05
68456,29045.05
68455,16843.3
68454,14283.24
68453,31254.62
68452,27211.42
68451,33911.3
68450,53159.56
68449,44647.9
68448,139.92
68447,15310.24
68446,15845.65
68445,23440.62
68444,25200.61
68443,38544.76
68442,32270.07
68441,13045.31
68440,17135.65
68439,15593.3
68438,37734.89
68437,39438.59
68436,60010.05
68435,41832.39
68434,26216.33
68433,28437.88
68432,28120.13
68431,29582.43
68430,68856.7
68429,43867.81
68428,23459.48
68427,22080.98
68426,22502.14
68425,29392.34
68424,49832.32
68423,72786.76
68422,45850.19
68421,16159.54
68420,17828.88
68419,15927.64
68418,20161.19
68417,52530.01
68416,55077.85
68415,45315.88
68414,23001.52
68413,23309.15
68412,28586.31
68411,29471.63
68410,37346.35
68409,56551.07
68408,49157.69
68407,17259.54
68406,20922.14
68405,24157.06
68404,41706.77
68403,49120.29
68402,36688.31
68401,48064.12
68400,19625.68
68399,17318.26
68398,23868.76
68397,36444.7
68396,48416.46
68395,40817.25
68394,15617.67
68393,37712.35
68392,38585.22
68391,34845.95
68390,42083.5
68389,59934.04
68388,42468.77
68387,29224.09
68386,31691.47
68385,28536.55
68384,33087.32
68383,50380.78
68382,61321.44
68381,43634.69
68380,14582.59
68379,18274.75
68378,16714.05
68377,26014.88
68376,34708.37
68375,37343.74
68374,42561.99
68373,15461.35
68372,11242.15
68371,17011.22
68370,25304.96
68369,30113.51
68368,32621.36
68367,27578.52
68366,21364.41
