173564,30466.35
173563,52731.63
173562,40776.62
173561,15559.36
173560,11152.41
173559,19572.93
173558,15217.84
173557,858.39
173556,33715.88
173555,19616.2
173554,12374.09
173553,8847.87
173552,11004.37
173551,23722.0
173550,28605.98
173549,42397.89
173548,34803.95
173547,33315.7
173546,18965.67
173545,16024.61
173544,17550.29
173543,19262.08
173542,39889.66
173541,27756.52
173540,11078.92
173539,9731.48
173538,14332.45
173537,11733.4
173536,19619.96
173535,45405.38
173534,29690.96
173533,15276.91
173532,14664.07
173531,12856.94
173530,17909.23
173529,22532.28
173528,32878.65
173527,22990.28
173526,15224.06
173525,13821.77
173524,16000.99
173523,36637.64
173522,42697.91
173521,57348.03
173520,33750.5
173519,33758.18
173518,17495.76
173517,26068.29
173516,24558.39
173515,33630.89
173514,51402.41
173513,35323.79
173512,19175.45
173511,13904.96
173510,12126.91
173509,16646.28
173508,30455.98
173507,52764.62
173506,32685.15
173505,21690.17
173504,17503.07
173503,15735.14
173502,37275.37
173501,46214.69
173500,72739.38
173499,57033.9
173498,28282.66
173497,36112.24
173496,43045.51
173495,27641.67
173494,33546.35
173493,60373.17
173492,46033.83
173491,16516.72
173490,16496.18
173489,35362.86
173488,25918.68
173487,40057.7
173486,75073.1
173485,52158.25
173484,29204.87
173483,31433.31
173482,33516.99
173481,30563.93
173480,53362.86
173479,62630.08
173478,15401.6
173477,16606.09
173476,16948.86
173475,19142.87
173474,26202.69
173473,50041.08
173472,33014.39
173471,712.17
173470,14981.79
173469,25493.5
173468,28791.92
173467,35684.83
173466,68876.8
173465,49625.79
173464,18366.51
173463,1344.38
173462,481.88
173461,61.16
173460,27210.26
173459,47742.52
173458,39771.08
173457,785.54
173456,22794.75
173455,22760.26
173454,42663.1
173453,50342.94
173452,74447.87
173451,44534.05
173450,27411.41
173449,33969.48
173448,31175.1
173447,31484.72
173446,40917.23
173445,53461.96
173444,39751.88
173443,21829.32
173442,26545.47
173441,21922.02
173440,35654.39
173439,43583.36
173438,62129.92
173437,39299.45
173436,21016.77
173435,17625.64
173434,19975.54
173433,20712.22
173432,44535.14
173431,63952.22
173430,46911.21
173429,34024.8
173428,31382.25
173427,31957.78
173426,29064.12
173425,42497.87
173424,48157.95
173423,50831.17
173422,23374.83
173421,23520.84
173420,25323.1
173419,37145.38
173418,52684.92
173417,46759.13
173416,48072.0
173415,47642.93
173414,25294.97
173413,21570.79
173412,25780.48
173411,37402.19
173410,39136.84
173409,47395.77
173408,22144.65
173407,41824.43
173406,41048.31
173405,37421.63
173404,37127.29
173403,61226.13
173402,46171.82
173401,27341.18
173400,27195.27
173399,28436.8
173398,37939.43
173397,43920.77
173396,48433.8
173395,32926.81
173394,22906.03
173393,26321.58
173392,25625.38
173391,28832.83
173390,40989.59
173389,34166.28
173388,41498.11
173387,24132.68
173386,14857.46
173385,24205.41
173384,26603.76
173383,27303.81
173382,30602.64
173381,28161.09
173380,17434.24
