196358,21301.05
196357,25194.23
196356,26954.22
196355,8818.89
196354,8150.69
196353,10198.95
196352,10999.3
196351,601.69
196350,20456.71
196349,12841.13
196348,7932.28
196347,8872.87
196346,9161.12
196345,18607.36
196344,23212.78
196343,30131.65
196342,21583.74
196341,12869.12
196340,16076.53
196339,14769.14
196338,15049.39
196337,15724.74
196336,27349.95
196335,23721.53
196334,7467.34
196333,10214.38
196332,7978.86
196331,8541.17
196330,19707.54
196329,26076.59
196328,20929.24
196327,10929.4
196326,7757.24
196325,12836.41
196324,13371.23
196323,15778.89
196322,25181.5
196321,17874.76
196320,10761.17
196319,11329.82
196318,11519.52
196317,28053.14
196316,28508.45
196315,48409.5
196314,26428.16
196313,18980.73
196312,13971.51
196311,18350.81
196310,18256.35
196309,21291.85
196308,37999.0
196307,27268.44
196306,11917.9
196305,10418.27
196304,12594.37
196303,10946.43
196302,18705.6
196301,29863.46
196300,20673.46
196299,16556.89
196298,6195.78
196297,10465.28
196296,24279.29
196295,33654.75
196294,41104.62
196293,41701.5
196292,19628.65
196291,26297.16
196290,36111.94
196289,20916.84
196288,18756.34
196287,32958.03
196286,26771.84
196285,12334.55
196284,14607.17
196283,21014.18
196282,26553.93
196281,27180.58
196280,44907.7
196279,33296.83
196278,24650.22
196277,22720.21
196276,27329.16
196275,19716.64
196274,36502.39
196273,42377.41
196272,11408.33
196271,9993.14
196270,11710.36
196269,12797.55
196268,18506.59
196267,21020.97
196266,21219.91
196265,561.92
196264,9841.29
196263,15347.95
196262,15542.43
196261,22469.36
196260,36067.35
196259,29418.48
196258,9966.66
196257,11766.93
196256,10296.09
196255,12798.44
196254,19596.15
196253,25087.69
196252,24928.26
196251,14269.65
196250,13183.62
196249,14055.78
196248,32021.41
196247,31481.02
196246,43614.03
196245,27622.73
196244,22944.34
196243,18418.0
196242,18946.0
196241,18779.73
196240,629.03
196239,47672.96
196238,21966.76
196237,14596.57
196236,15881.58
196235,20559.58
196234,24807.88
196233,27193.43
196232,49209.8
196231,30203.17
196230,11991.18
196229,10169.98
196228,13192.52
196227,14118.19
196226,28891.58
196225,34029.04
196224,27190.66
196223,16172.28
196222,20902.99
196221,18499.28
196220,17960.31
196219,25782.62
196218,36525.28
196217,36825.6
196216,17957.93
196215,18390.5
196214,18464.31
196213,137.24
196212,34115.7
196211,37920.49
196210,30406.23
196209,23381.39
196208,17673.47
196207,17706.11
196206,22584.23
196205,29038.22
196204,32159.55
196203,25947.85
196202,16778.23
196201,27360.02
196200,23262.04
196199,26063.88
196198,34241.94
196197,42172.68
196196,31951.45
196195,23231.21
196194,22739.86
196193,23983.01
196192,24559.21
196191,31995.7
196190,38474.37
196189,29145.18
196188,15756.84
196187,14348.75
196186,12893.88
196185,17277.12
196184,28027.34
196183,22618.6
196182,29644.55
196181,17184.32
196180,13119.57
196179,12993.65
196178,18001.31
196177,20100.03
196176,19098.87
196175,21393.16
196174,9362.29
