145775,27943.1
145774,38417.44
145773,26592.54
145772,12640.42
145771,12040.25
145770,13430.94
145769,14918.14
145768,1159.6
145767,22291.73
145766,7288.78
145765,7497.96
145764,11023.98
145763,12189.59
145762,23368.44
145761,21794.12
145760,30547.8
145759,21993.45
145758,22214.5
145757,16533.61
145756,6999.92
145755,15499.89
145754,1799.23
145753,20649.75
145752,21691.11
145751,12445.57
145750,11546.18
145749,13798.91
145748,12714.3
145747,29151.59
145746,35487.75
145745,20699.08
145744,13967.99
145743,14649.62
145742,14933.62
145741,19635.35
145740,24705.54
145739,31963.21
145738,17274.34
145737,11415.53
145736,14052.13
145735,16925.16
145734,39503.39
145733,40137.66
145732,61321.26
145731,13298.71
145730,24816.25
145729,20561.49
145728,23075.69
145727,20641.19
145726,39076.58
145725,46807.13
145724,25968.86
145723,15477.66
145722,14023.61
145721,15837.98
145720,14698.74
145719,31267.65
145718,40422.47
145717,25895.97
145716,20224.28
145715,14057.8
145714,16446.13
145713,34665.17
145712,44553.5
145711,59188.46
145710,42052.17
145709,27609.13
145708,39586.1
145707,39099.8
145706,18435.74
145705,29038.74
145704,44975.62
145703,32296.58
145702,16267.48
145701,22468.68
145700,36898.24
145699,35901.63
145698,44344.08
145697,59450.85
145696,38324.26
145695,30747.51
145694,33849.04
145693,40278.37
145692,36908.45
145691,55073.0
145690,69263.4
145689,21659.79
145688,18675.6
145687,21906.42
145686,19879.73
145685,32432.07
145684,34708.43
145683,19684.43
145682,16876.75
145681,15838.09
145680,28356.11
145679,26966.05
145678,35241.25
145677,42398.97
145676,30954.66
145675,566.67
145674,14156.04
145673,16777.04
145672,21107.81
145671,33042.45
145670,39611.43
145669,27111.92
145668,16006.68
145667,18266.09
145666,17022.69
145665,39004.91
145664,45204.61
145663,50227.75
145662,29284.13
145661,23380.06
145660,19790.43
145659,25643.02
145658,33076.29
145657,1705.84
145656,61910.79
145655,31192.59
145654,23693.98
145653,19590.69
145652,23367.2
145651,33817.71
145650,38118.37
145649,55858.1
145648,33205.48
145647,13069.87
145646,12612.25
145645,16934.18
145644,18990.82
145643,43729.93
145642,51157.18
145641,33430.91
145640,21319.13
145639,26348.29
145638,25669.35
145637,22729.38
145636,32047.83
145635,48278.67
145634,28747.02
145633,17480.67
145632,15587.63
145631,20203.24
145630,123.3
145629,34900.03
145628,38510.78
145627,22353.25
145626,33736.52
145625,16378.21
145624,17999.67
145623,25588.66
145622,32312.75
145621,40006.09
145620,23936.91
145619,19418.81
145618,33716.65
145617,28406.43
145616,31048.86
145615,40421.06
145614,40763.85
145613,31432.22
145612,23541.46
145611,27306.22
145610,28388.44
145609,32788.93
145608,40975.78
145607,43046.47
145606,24975.1
145605,13423.99
145604,19248.85
145603,17220.76
145602,23475.13
145601,33660.7
145600,28744.44
145599,28787.79
145598,14531.07
145597,13976.26
145596,16093.98
145595,21498.87
145594,24627.84
145593,26472.45
145592,18392.11
145591,21534.69
