158051,18956.71
158050,33238.06
158049,25214.71
158048,9727.58
158047,10337.08
158046,10673.03
158045,10937.26
158044,477.37
158043,21547.92
158042,16350.55
158041,6807.74
158040,7027.9
158039,9396.62
158038,15508.5
158037,21416.19
158036,29630.25
158035,23727.36
158034,17886.91
158033,9593.08
158032,9085.39
158031,10100.37
158030,15674.55
158029,29607.11
158028,18708.83
158027,8151.26
158026,11593.21
158025,7049.43
158024,8849.81
158023,18345.39
158022,27495.74
158021,21805.42
158020,13197.28
158019,10225.4
158018,11792.95
158017,17743.65
158016,20192.44
158015,33261.02
158014,20331.84
158013,14288.82
158012,11731.65
158011,15123.21
158010,27596.51
158009,32689.23
158008,32773.33
158007,24283.64
158006,24382.14
158005,9858.49
158004,20070.39
158003,17208.17
158002,22301.81
158001,37435.44
158000,25868.44
157999,12561.5
157998,12766.78
157997,10931.06
157996,14518.59
157995,17423.67
157994,36030.41
157993,25858.81
157992,5947.65
157991,15182.8
157990,10298.65
157989,28813.08
157988,33696.72
157987,50224.61
157986,42742.45
157985,23348.03
157984,22744.23
157983,35344.44
157982,18528.33
157981,27652.84
157980,39809.21
157979,31752.44
157978,11314.4
157977,14873.64
157976,30646.14
157975,21875.35
157974,29098.67
157973,56095.55
157972,37520.33
157971,20857.29
157970,29284.75
157969,27001.59
157968,25328.86
157967,41822.59
157966,54487.7
157965,12778.26
157964,13791.2
157963,17929.51
157962,20663.75
157961,14129.09
157960,32413.39
157959,10998.62
157958,835.14
157957,11430.79
157956,23597.28
157955,24242.8
157954,28010.95
157953,51805.64
157952,35142.03
157951,14461.06
157950,924.55
157949,332.92
157948,105.29
157947,20508.15
157946,37327.92
157945,25427.72
157944,913.42
157943,11988.28
157942,14247.72
157941,28577.65
157940,33708.7
157939,42058.08
157938,29207.73
157937,20040.1
157936,18645.97
157935,23838.66
157934,20444.33
157933,30721.51
157932,37079.93
157931,25739.46
157930,14355.4
157929,20558.82
157928,19059.42
157927,30007.36
157926,36833.73
157925,42559.14
157924,34731.32
157923,13388.38
157922,15662.04
157921,16178.55
157920,18128.84
157919,38877.51
157918,51392.87
157917,35950.18
157916,23505.55
157915,22146.28
157914,24056.48
157913,22960.06
157912,31546.8
157911,40614.86
157910,36100.59
157909,17856.26
157908,20733.28
157907,19174.69
157906,28228.11
157905,42766.59
157904,45797.09
157903,36621.97
157902,34778.59
157901,18422.72
157900,17307.68
157899,23572.08
157898,30970.36
157897,33997.53
157896,34017.95
157895,14814.0
157894,29451.75
157893,28009.19
157892,25265.69
157891,26421.13
157890,43396.94
157889,30091.41
157888,23015.49
157887,24513.81
157886,21572.97
157885,29176.66
157884,35475.98
157883,37843.34
157882,26179.12
157881,18978.82
157880,17054.31
157879,21888.12
157878,21738.16
157877,28477.91
157876,28911.5
157875,31019.79
157874,15218.42
157873,13906.88
157872,16065.18
157871,20283.93
157870,25721.9
157869,29739.14
157868,17249.86
157867,14432.6
