114165,45971.49
114164,72439.22
114163,57566.46
114162,27321.84
114161,27284.7
114160,27576.04
114159,23007.33
114158,2351.47
114157,45247.79
114156,43699.71
114155,18792.76
114154,22595.92
114153,21832.37
114152,32254.5
114151,40657.78
114150,59276.42
114149,38027.06
114148,44585.85
114147,27047.46
114146,28969.94
114145,31072.35
114144,32265.0
114143,58165.03
114142,34077.5
114141,21211.44
114140,26508.84
114139,24493.85
114138,22998.7
114137,41921.54
114136,65721.54
114135,41198.32
114134,17001.76
114133,17668.01
114132,24468.07
114131,32611.0
114130,42675.11
114129,67433.37
114128,26020.66
114127,36489.66
114126,32976.74
114125,33235.57
114124,63683.72
114123,66967.2
114122,97431.08
114121,70653.38
114120,61269.45
114119,36809.07
114118,40848.19
114117,29373.65
114116,49460.49
114115,80003.31
114114,67597.04
114113,23727.05
114112,21290.52
114111,37951.57
114110,29116.34
114109,46617.28
114108,66564.67
114107,54648.16
114106,45659.15
114105,33060.71
114104,33349.08
114103,43967.7
114102,60012.67
114101,104402.28
114100,85597.0
114099,46479.59
114098,57751.11
114097,80348.9
114096,39549.27
114095,53166.16
114094,70417.41
114093,71946.1
114092,31610.57
114091,32924.02
114090,56186.2
114089,35499.16
114088,39774.65
114087,92037.14
114086,77741.94
114085,44856.85
114084,49318.17
114083,1920.61
114082,40373.62
114081,56441.71
114080,92380.53
114079,33808.19
114078,28369.74
114077,23991.37
114076,27787.13
114075,34563.13
114074,63003.32
114073,58996.06
114072,690.17
114071,32734.41
114070,50669.57
114069,51391.11
114068,48223.32
114067,80360.23
114066,74806.31
114065,31157.8
114064,2819.12
114063,1181.57
114062,412.82
114061,31465.81
114060,35876.73
114059,37422.56
114058,1441.9
114057,28730.46
114056,28376.89
114055,59717.13
114054,64980.1
114053,86503.55
114052,74482.01
114051,45767.78
114050,43387.08
114049,50111.97
114048,38680.97
114047,50633.06
114046,99961.17
114045,60749.84
114044,35132.35
114043,41536.07
114042,40915.49
114041,56338.26
114040,63604.01
114039,96107.54
114038,76844.07
114037,34135.33
114036,25871.5
114035,34195.62
114034,33218.76
114033,65482.49
114032,82825.5
114031,69724.88
114030,38280.65
114029,46640.0
114028,49644.58
114027,48089.8
114026,64272.34
114025,84668.61
114024,93215.04
114023,41052.07
114022,36001.13
114021,41502.58
114020,44272.42
114019,50815.9
114018,72342.68
114017,55895.48
114016,72185.43
114015,37776.21
114014,38131.99
114013,44622.29
114012,45836.95
114011,63587.79
114010,64919.18
114009,36348.19
114008,52057.29
114007,51832.98
114006,58518.82
114005,69773.74
114004,87360.09
114003,78480.29
114002,45424.92
114001,52021.53
114000,54188.77
113999,53688.63
113998,69371.4
113997,84191.77
113996,64721.32
113995,31639.03
113994,33172.37
113993,35642.83
113992,36246.74
113991,54327.9
113990,56690.31
113989,71701.42
113988,36619.24
113987,24718.42
113986,37761.63
113985,40300.42
113984,40601.32
113983,59643.23
113982,41701.37
113981,35936.53
