54097,37227.92
54096,55176.65
54095,58217.25
54094,15607.41
54093,18810.44
54092,15204.74
54091,19379.49
54090,625.1
54089,32722.19
54088,25324.25
54087,17218.3
54086,12980.08
54085,16904.45
54084,30554.88
54083,28631.43
54082,51509.19
54081,28887.52
54080,31972.47
54079,15387.49
54078,17184.65
54077,20056.39
54076,21886.01
54075,49299.21
54074,32225.74
54073,15692.03
54072,17242.89
54071,16054.81
54070,15986.99
54069,33111.37
54068,52882.31
54067,33005.79
54066,20408.74
54065,17856.8
54064,21048.4
54063,25721.87
54062,34358.27
54061,48551.71
54060,30802.86
54059,15581.05
54058,19822.46
54057,24795.96
54056,42932.21
54055,62921.02
54054,102591.13
54053,34819.03
54052,44703.52
54051,25467.01
54050,32899.01
54049,31170.87
54048,43508.5
54047,71622.07
54046,47912.76
54045,23957.45
54044,26228.81
54043,18742.11
54042,18252.88
54041,32974.14
54040,59440.93
54039,32012.7
54038,32134.83
54037,18313.94
54036,26481.03
54035,50068.96
54034,56175.96
54033,85113.33
54032,60246.27
54031,40390.83
54030,43571.11
54029,56170.88
54028,30670.14
54027,45571.96
54026,67107.08
54025,51673.62
54024,23155.12
54023,27415.59
54022,42854.98
54021,41231.95
54020,46925.27
54019,82763.38
54018,45535.56
54017,34646.44
54016,41280.2
54015,49659.5
54014,41246.69
54013,64938.8
54012,98101.55
54011,26211.0
54010,24226.32
54009,21417.47
54008,31052.14
54007,35775.35
54006,53063.38
54005,35902.51
54004,755.5
54003,21814.57
54002,31737.86
54001,41420.06
54000,47383.78
53999,73770.08
53998,52230.27
53997,20752.1
53996,22100.41
53995,21483.92
53994,31319.58
53993,39573.84
53992,53557.18
53991,40997.61
53990,24500.8
53989,20198.0
53988,25394.46
53987,54687.67
53986,55037.09
53985,76911.48
53984,53302.29
53983,36438.1
53982,29015.75
53981,42484.21
53980,44375.72
53979,661.78
53978,82154.88
53977,49740.21
53976,29091.32
53975,34440.34
53974,35197.12
53973,50769.91
53972,66061.31
53971,87144.91
53970,51297.34
53969,23980.0
53968,27967.72
53967,26623.4
53966,27459.07
53965,61364.99
53964,71910.5
53963,49110.18
53962,35484.64
53961,31959.66
53960,41162.49
53959,44192.32
53958,43820.9
53957,73735.65
53956,60785.38
53955,27700.17
53954,30500.06
53953,31735.35
53952,639.07
53951,47610.44
53950,75040.95
53949,51041.25
53948,60240.8
53947,25692.75
53946,29150.28
53945,36510.95
53944,44048.23
53943,52909.28
53942,44033.46
53941,23659.26
53940,47410.72
53939,42068.85
53938,45657.94
53937,54215.65
53936,77423.92
53935,61091.43
53934,33666.7
53933,47602.58
53932,43179.11
53931,54629.67
53930,71037.01
53929,91212.02
53928,57069.36
53927,28692.59
53926,28148.73
53925,28946.55
53924,36547.25
53923,49880.54
53922,42746.82
53921,53064.95
53920,23461.16
53919,18497.99
53918,23871.7
53917,30791.65
53916,41804.38
53915,46432.53
53914,30656.8
53913,28921.99
