222738,14819.37
222737,20230.89
222736,7230.66
222735,6866.21
222734,10514.82
222733,9050.65
222732,10362.7
222731,625.81
222730,16700.2
222729,14370.54
222728,9399.0
222727,6438.9
222726,5789.95
222725,13667.04
222724,11902.49
222723,20491.58
222722,13513.29
222721,15207.14
222720,8824.45
222719,9451.97
222718,8016.3
222717,9193.34
222716,22853.36
222715,18556.81
222714,9285.21
222713,8921.76
222712,9211.41
222711,9818.79
222710,16583.65
222709,22350.28
222708,14528.48
222707,9065.13
222706,8930.11
222705,10861.84
222704,11098.82
222703,13336.99
222702,16003.47
222701,10883.45
222700,7932.32
222699,8756.7
222698,10766.79
222697,17946.13
222696,24293.77
222695,35620.03
222694,17059.83
222693,19674.22
222692,12257.63
222691,13268.31
222690,9305.36
222689,14883.32
222688,27118.81
222687,19942.89
222686,9368.02
222685,9795.18
222684,11498.26
222683,9601.59
222682,16212.17
222681,27728.07
222680,15359.37
222679,14545.15
222678,9351.86
222677,10569.0
222676,19897.32
222675,19804.74
222674,35730.47
222673,25190.43
222672,15708.22
222671,16807.31
222670,20548.59
222669,14631.79
222668,15521.82
222667,30531.7
222666,23490.81
222665,11581.77
222664,12729.39
222663,19993.92
222662,17240.54
222661,19263.65
222660,30103.66
222659,24097.85
222658,17589.81
222657,16487.12
222656,18603.14
222655,17078.18
222654,25271.87
222653,38970.86
222652,9040.28
222651,8153.3
222650,12653.08
222649,16450.01
222648,21228.65
222647,29855.79
222646,24337.54
222645,11127.51
222644,12283.69
222643,17643.87
222642,22520.81
222641,28012.11
222640,36015.23
222639,32763.5
222638,515.44
222637,12301.6
222636,10659.62
222635,11516.02
222634,19383.12
222633,22113.73
222632,22053.16
222631,13972.78
222630,11829.74
222629,14274.09
222628,24002.66
222627,27848.28
222626,33214.44
222625,24463.78
222624,12603.38
222623,15594.15
222622,13792.25
222621,13379.43
222620,623.5
222619,34866.23
222618,25290.54
222617,12782.99
222616,15999.09
222615,14466.93
222614,18179.02
222613,25878.93
222612,37261.38
222611,25282.17
222610,14799.83
222609,13646.7
222608,16941.79
222607,14145.33
222606,25169.78
222605,33193.0
222604,25153.84
222603,13997.79
222602,13776.25
222601,17951.31
222600,13814.34
222599,17056.64
222598,30025.9
222597,24129.93
222596,14559.01
222595,9260.44
222594,11303.97
222593,17508.46
222592,15750.65
222591,24721.63
222590,22638.15
222589,29938.35
222588,11285.46
222587,16449.43
222586,16930.54
222585,20963.22
222584,28152.88
222583,22463.9
222582,13304.08
222581,16739.07
222580,19829.29
222579,20253.93
222578,21820.27
222577,28396.78
222576,28579.56
222575,17400.99
222574,18797.13
222573,19848.59
222572,23659.81
222571,24201.35
222570,26624.17
222569,21724.03
222568,14043.01
222567,16155.78
222566,13946.13
222565,14007.57
222564,23765.94
222563,16521.12
222562,23715.31
222561,15474.7
222560,11833.35
222559,16566.89
222558,17054.26
222557,15884.53
222556,22708.42
222555,19148.27
222554,13039.52
