65861,52062.38
65860,87944.62
65859,80742.24
65858,31226.55
65857,33904.2
65856,34857.9
65855,41107.48
65854,1494.59
65853,67783.84
65852,41890.48
65851,27887.13
65850,27183.77
65849,33708.49
65848,57471.21
65847,56134.36
65846,83412.81
65845,61092.35
65844,64879.45
65843,40038.79
65842,49707.08
65841,53003.08
65840,54338.72
65839,818.31
65838,23955.57
65837,23869.73
65836,24833.9
65835,23111.85
65834,31313.78
65833,51879.62
65832,78804.23
65831,63058.59
65830,24846.74
65829,30330.51
65828,25403.82
65827,37197.49
65826,30564.45
65825,76171.54
65824,60380.92
65823,31037.38
65822,39884.45
65821,42129.64
65820,74950.74
65819,86422.41
65818,114111.06
65817,73200.6
65816,64755.21
65815,37878.4
65814,55127.16
65813,39639.75
65812,52754.86
65811,91430.25
65810,70494.37
65809,29828.88
65808,28029.24
65807,29851.32
65806,34286.55
65805,51832.18
65804,78338.72
65803,53945.04
65802,39225.57
65801,34283.15
65800,36616.88
65799,85571.52
65798,69526.42
65797,121616.4
65796,107259.51
65795,58399.96
65794,69679.49
65793,101055.87
65792,51516.79
65791,59360.82
65790,101847.84
65789,89332.78
65788,30153.92
65787,42912.32
65786,81763.03
65785,65230.0
65784,70104.31
65783,109302.59
65782,92565.21
65781,55860.92
65780,70333.66
65779,87159.43
65778,71410.99
65777,95921.11
65776,126003.0
65775,-69.99
65774,47273.3
65773,39464.28
65772,43361.0
65771,43797.94
65770,48514.99
65769,82545.81
65768,69875.88
65767,29961.56
65766,35315.24
65765,61956.35
65764,53872.2
65763,73027.95
65762,106553.94
65761,100529.59
65760,1458.98
65759,40807.07
65758,49690.51
65757,49259.74
65756,59211.4
65755,87050.66
65754,81999.89
65753,50403.88
65752,56121.92
65751,55356.27
65750,104227.64
65749,107312.19
65748,137242.89
65747,109445.75
65746,72634.47
65745,66387.6
65744,76644.05
65743,71021.15
65742,1719.82
65741,118349.67
65740,81622.3
65739,46190.0
65738,46408.97
65737,60574.33
65736,78956.79
65735,91237.71
65734,147280.56
65733,83357.19
65732,37548.6
65731,42697.75
65730,50415.76
65729,47285.2
65728,89344.36
65727,121483.23
65726,106483.02
65725,64159.63
65724,56064.65
65723,65599.33
65722,64789.71
65721,85279.25
65720,118843.5
65719,117894.0
65718,47744.57
65717,51231.95
65716,67830.64
65715,1024.28
65714,109379.58
65713,123654.09
65712,92096.36
65711,125494.6
65710,58751.51
65709,66553.34
65708,67091.05
65707,73343.62
65706,93422.58
65705,92950.57
65704,65020.83
65703,92732.21
65702,78855.91
65701,87724.5
65700,87067.19
65699,133009.56
65698,106657.76
65697,71862.31
65696,85286.87
65695,79165.7
65694,92763.72
65693,116230.14
65692,142781.86
65691,105955.68
65690,59021.5
65689,71694.86
65688,75175.52
65687,67835.5
65686,82628.15
65685,86288.0
65684,96582.96
65683,56387.2
65682,45773.71
65681,67364.81
65680,64463.62
65679,76669.5
65678,94164.72
65677,77597.45
65676,59456.41
