5746,24840.74
5745,50083.11
5744,44490.25
5743,17821.81
5742,16467.97
5741,13341.11
5740,19231.81
5739,1674.87
5738,34332.23
5737,32641.23
5736,16608.45
5735,11426.68
5734,16757.21
5733,25090.52
5732,28977.46
5731,41105.0
5730,29341.43
5729,23037.77
5728,17251.38
5727,21580.74
5726,21601.78
5725,16237.79
5724,39354.21
5723,35591.54
5722,12070.03
5721,11072.68
5720,17867.17
5719,16825.34
5718,25127.94
5717,40672.86
5716,31795.48
5715,15736.66
5714,16189.91
5713,21728.61
5712,23056.37
5711,32898.53
5710,46687.37
5709,35524.69
5708,19957.26
5707,16004.9
5706,18282.85
5705,40568.59
5704,52723.57
5703,67531.31
5702,42829.82
5701,30386.06
5700,22560.82
5699,37654.13
5698,19241.53
5697,37431.29
5696,60126.61
5695,47822.14
5694,17909.19
5693,18223.03
5692,14793.04
5691,15949.23
5690,23828.64
5689,46364.22
5688,32915.42
5687,27424.86
5686,16246.46
5685,16467.15
5684,34647.24
5683,49969.25
5682,75983.75
5681,59590.88
5680,39089.33
5679,41293.7
5678,65826.32
5677,29976.38
5676,34982.23
5675,52098.21
5674,46913.36
5673,19611.54
5672,17852.91
5671,35078.95
5670,35591.78
5669,37078.46
5668,63292.95
5667,58120.66
5666,34826.4
5665,38580.69
5664,48136.69
5663,33771.11
5662,58258.96
5661,87231.94
5660,-17.49
5659,23336.83
5658,21131.17
5657,21962.19
5656,26676.64
5655,34152.86
5654,44805.62
5653,41251.74
5652,991.89
5651,20727.03
5650,34410.85
5649,39304.34
5648,43557.08
5647,72120.8
5646,57983.72
5645,18632.07
5644,21139.08
5643,27540.79
5642,26563.73
5641,35338.99
5640,51869.74
5639,44650.22
5638,23347.44
5637,19041.44
5636,21250.6
5635,44777.54
5634,46380.47
5633,64300.24
5632,50423.35
5631,30573.65
5630,29464.79
5629,37051.08
5628,32397.0
5627,1315.84
5626,73045.61
5625,50320.03
5624,25770.09
5623,32393.85
5622,35484.51
5621,53673.72
5620,58000.18
5619,94667.62
5618,57463.23
5617,20837.93
5616,25596.0
5615,27373.2
5614,28988.58
5613,48583.77
5612,61589.8
5611,57100.45
5610,28604.92
5609,29684.08
5608,38550.44
5607,34718.43
5606,44843.95
5605,61464.47
5604,57162.32
5603,23887.92
5602,26421.43
5601,27984.47
5600,747.63
5599,48845.04
5598,67377.59
5597,50711.76
5596,47604.6
5595,22575.0
5594,29208.39
5593,32560.82
5592,40678.71
5591,56943.56
5590,53502.9
5589,21202.09
5588,39916.57
5587,43101.65
5586,37225.4
5585,45148.15
5584,67640.09
5583,63543.42
5582,34390.42
5581,34981.23
5580,48861.59
5579,51538.0
5578,64878.93
5577,84986.43
5576,70169.55
5575,23006.21
5574,22270.74
5573,24281.88
5572,32095.27
5571,42092.71
5570,52025.29
5569,57120.68
5568,22462.5
5567,14094.3
5566,26351.59
5565,33511.39
5564,33386.94
5563,49500.19
5562,41982.53
5561,25824.73
