118968,26249.61
118967,29713.8
118966,33043.87
118965,12125.2
118964,12514.89
118963,11848.47
118962,14789.24
118961,805.4
118960,22454.91
118959,20200.07
118958,14005.49
118957,12053.61
118956,10219.01
118955,21088.37
118954,18180.36
118953,28640.29
118952,21326.71
118951,24683.03
118950,10714.34
118949,15191.18
118948,14538.1
118947,16217.17
118946,27377.6
118945,22718.58
118944,11072.47
118943,13421.64
118942,10774.17
118941,11328.07
118940,22317.13
118939,32371.03
118938,21312.31
118937,17593.73
118936,15570.63
118935,14966.54
118934,20459.84
118933,21102.78
118932,25727.19
118931,20145.51
118930,16516.75
118929,15097.69
118928,19338.87
118927,35038.37
118926,40907.93
118925,52369.46
118924,34087.27
118923,33266.96
118922,20342.2
118921,19700.49
118920,16753.31
118919,26292.13
118918,34288.06
118917,29377.66
118916,15498.02
118915,11196.87
118914,15872.98
118913,15297.98
118912,23436.18
118911,32329.3
118910,23467.17
118909,23268.16
118908,18774.57
118907,17766.31
118906,33158.44
118905,33247.74
118904,46365.54
118903,43503.18
118902,23280.18
118901,27943.64
118900,38739.22
118899,22111.94
118898,24465.3
118897,41977.17
118896,35811.96
118895,16754.38
118894,17276.77
118893,27994.96
118892,27228.27
118891,31273.38
118890,44714.62
118889,40916.38
118888,19919.04
118887,28373.94
118886,33776.91
118885,30756.47
118884,39785.78
118883,51296.63
118882,15033.28
118881,18962.02
118880,18674.03
118879,22902.52
118878,31184.12
118877,33103.99
118876,29217.09
118875,367.92
118874,15076.02
118873,38593.52
118872,29658.15
118871,40954.93
118870,46247.91
118869,47411.84
118868,16676.99
118867,17914.38
118866,18170.66
118865,23271.7
118864,25469.57
118863,33435.96
118862,30381.36
118861,13672.84
118860,16411.44
118859,19272.79
118858,34250.85
118857,34199.08
118856,44473.01
118855,31941.17
118854,17051.15
118853,22644.03
118852,23704.62
118851,19279.06
118850,737.42
118849,45994.63
118848,30494.8
118847,19800.99
118846,21333.75
118845,23994.53
118844,33030.0
118843,41610.13
118842,65173.14
118841,42364.38
118840,16869.17
118839,19938.29
118838,18426.41
118837,18605.8
118836,44931.36
118835,45388.78
118834,40142.05
118833,22936.98
118832,27273.7
118831,26290.95
118830,26157.52
118829,34709.43
118828,44188.84
118827,49594.6
118826,18597.72
118825,22300.81
118824,21995.85
118823,491.1
118822,35901.3
118821,42837.76
118820,35148.42
118819,41652.49
118818,21474.61
118817,21527.25
118816,25863.58
118815,36212.2
118814,35610.34
118813,33328.29
118812,14029.76
118811,36403.84
118810,31308.02
118809,26944.81
118808,34206.3
118807,44116.94
118806,35441.79
118805,22233.39
118804,25414.32
118803,27176.79
118802,30134.96
118801,39490.78
118800,43135.29
118799,33732.14
118798,16395.73
118797,17993.15
118796,16847.79
118795,25574.98
118794,29929.74
118793,29002.81
118792,31825.57
118791,16640.26
118790,11125.28
118789,17588.61
118788,20901.93
118787,29367.86
118786,29953.69
118785,31416.69
118784,17228.49
