80046,27750.98
80045,49626.18
80044,40640.92
80043,18767.26
80042,16537.49
80041,17351.56
80040,18171.14
80039,900.72
80038,36201.42
80037,25042.65
80036,15495.09
80035,11998.18
80034,11834.68
80033,25796.72
80032,25258.05
80031,40305.58
80030,31057.39
80029,40111.98
80028,22376.94
80027,24807.78
80026,26446.23
80025,20888.14
80024,57.08
80023,292.35
80022,7146.47
80021,14075.82
80020,16363.16
80019,16324.03
80018,26677.78
80017,44910.25
80016,29788.4
80015,12215.53
80014,12685.48
80013,13690.16
80012,21932.35
80011,24596.85
80010,43474.46
80009,27614.17
80008,15051.85
80007,10408.41
80006,17841.89
80005,36740.12
80004,44311.95
80003,69792.39
80002,44847.98
80001,16173.59
80000,20745.07
79999,25562.01
79998,20205.56
79997,34410.69
79996,57234.35
79995,44050.37
79994,15546.58
79993,13520.25
79992,17343.97
79991,17683.69
79990,23586.14
79989,48104.99
79988,30987.26
79987,26199.54
79986,17517.22
79985,18560.21
79984,35020.77
79983,37932.3
79982,70947.57
79981,59279.76
79980,31483.65
79979,45943.43
79978,61370.09
79977,30136.96
79976,34023.75
79975,60834.25
79974,45819.28
79973,14848.0
79972,19625.48
79971,38257.97
79970,35854.28
79969,43907.28
79968,59412.16
79967,53818.33
79966,29661.58
79965,37070.32
79964,45571.68
79963,37932.18
79962,62199.38
79961,81473.16
79960,26759.35
79959,21526.3
79958,17842.8
79957,26076.32
79956,28456.9
79955,46053.59
79954,39219.38
79953,16584.09
79952,14096.48
79951,23311.79
79950,24931.47
79949,32895.78
79948,56314.77
79947,45885.29
79946,1153.48
79945,18977.89
79944,20518.01
79943,20896.45
79942,28047.8
79941,40987.47
79940,35268.15
79939,19998.69
79938,22345.04
79937,22972.16
79936,41526.79
79935,49070.06
79934,68454.38
79933,48803.58
79932,29686.01
79931,41111.21
79930,32199.63
79929,26241.75
79928,1130.99
79927,66595.0
79926,40089.87
79925,21812.78
79924,25337.33
79923,26965.26
79922,38857.94
79921,48648.89
79920,76608.73
79919,50884.68
79918,18925.26
79917,20123.09
79916,17988.48
79915,21143.96
79914,50141.94
79913,57172.57
79912,43353.63
79911,26699.07
79910,29192.67
79909,29593.89
79908,33307.02
79907,39620.41
79906,58872.49
79905,57156.51
79904,19456.53
79903,24826.69
79902,25402.16
79901,317.08
79900,46418.55
79899,60328.89
79898,44082.27
79897,71459.92
79896,28008.33
79895,27391.54
79894,36946.64
79893,35315.3
79892,46818.1
79891,47785.71
79890,29840.93
79889,44144.28
79888,39329.36
79887,39097.01
79886,43698.12
79885,65537.03
79884,56879.75
79883,30990.62
79882,33978.29
79881,35726.9
79880,33971.25
79879,48376.05
79878,64998.27
79877,41785.55
79876,22291.68
79875,22164.57
79874,24605.89
79873,31308.95
79872,37721.32
79871,39299.0
79870,41083.58
79869,19514.73
79868,19514.62
79867,23001.73
79866,27427.46
79865,34942.0
79864,33138.13
79863,30390.47
79862,26880.83
