9374,32311.81
9373,53952.32
9372,47910.19
9371,16155.56
9370,19572.53
9369,18310.95
9368,15294.34
9367,1937.31
9366,39951.42
9365,23277.91
9364,14006.74
9363,16248.5
9362,10941.2
9361,32943.37
9360,36329.9
9359,54281.58
9358,31785.5
9357,31478.44
9356,24407.79
9355,24690.16
9354,26611.19
9353,26168.53
9352,48161.39
9351,41823.13
9350,13176.11
9349,13218.33
9348,16039.62
9347,16634.37
9346,30398.87
9345,52537.53
9344,29341.29
9343,20155.85
9342,12233.96
9341,18768.03
9340,22974.17
9339,30797.06
9338,39784.82
9337,28159.49
9336,16183.09
9335,16559.52
9334,20623.71
9333,51033.25
9332,59452.07
9331,88279.47
9330,44946.49
9329,29701.88
9328,30276.52
9327,38266.91
9326,29942.4
9325,39084.91
9324,73576.19
9323,52016.01
9322,18571.99
9321,14952.18
9320,17922.73
9319,17915.71
9318,32178.48
9317,49069.86
9316,37122.79
9315,29625.34
9314,13476.26
9313,20349.04
9312,46691.37
9311,56512.78
9310,92968.06
9309,77959.25
9308,43895.83
9307,50015.33
9306,68742.34
9305,30335.11
9304,37450.48
9303,55923.7
9302,53966.95
9301,17104.95
9300,22011.33
9299,33806.97
9298,36092.82
9297,46753.36
9296,82686.77
9295,64669.06
9294,36700.29
9293,44862.24
9292,46307.68
9291,27559.51
9290,60061.36
9289,77835.61
9288,-6.29
9287,19053.47
9286,20080.01
9285,18395.18
9284,23484.64
9283,30981.53
9282,33681.15
9281,33529.04
9280,817.03
9279,16457.44
9278,32951.58
9277,29990.13
9276,38198.37
9275,68422.24
9274,57662.02
9273,15031.37
9272,1035.4
9271,389.83
9270,124.79
9269,29581.14
9268,43428.03
9267,37589.69
9266,839.03
9265,14061.85
9264,19428.03
9263,55454.95
9262,60211.35
9261,69937.09
9260,55765.25
9259,37553.37
9258,36695.84
9257,40893.4
9256,32181.7
9255,48918.63
9254,89952.15
9253,32573.48
9252,19606.86
9251,25986.45
9250,27900.77
9249,46977.29
9248,52803.87
9247,77272.29
9246,44319.86
9245,15072.76
9244,15317.69
9243,23369.97
9242,22509.1
9241,45288.23
9240,66719.36
9239,52308.7
9238,34965.45
9237,35319.51
9236,37202.03
9235,29814.39
9234,48003.31
9233,58730.85
9232,65176.85
9231,23316.34
9230,24247.18
9229,28606.59
9228,37637.3
9227,50702.21
9226,56841.23
9225,41885.73
9224,42519.03
9223,21251.33
9222,24814.63
9221,27720.96
9220,34161.42
9219,44747.39
9218,41911.54
9217,15858.06
9216,48991.01
9215,45667.13
9214,41802.28
9213,63633.71
9212,68695.27
9211,46726.22
9210,33244.9
9209,43455.2
9208,38242.18
9207,43908.01
9206,48802.94
9205,60166.76
9204,51217.5
9203,21389.02
9202,24138.81
9201,20979.01
9200,25176.88
9199,41821.42
9198,38306.42
9197,48812.52
9196,20790.08
9195,17394.42
9194,23347.22
9193,28281.9
9192,30466.4
9191,30413.59
9190,25834.93
9189,18776.36
