19551,37319.12
19550,61237.12
19549,44305.61
19548,24802.29
19547,18317.25
19546,20857.64
19545,24143.93
19544,1038.56
19543,50132.72
19542,28913.77
19541,15000.94
19540,16188.12
19539,17845.64
19538,26103.19
19537,26205.19
19536,50620.97
19535,29807.23
19534,43761.73
19533,21229.38
19532,21995.71
19531,21066.11
19530,18085.73
19529,37310.92
19528,41210.26
19527,16854.13
19526,15856.89
19525,18199.26
19524,22493.7
19523,30043.74
19522,54497.55
19521,28246.92
19520,21095.66
19519,21884.68
19518,19912.86
19517,29044.99
19516,35432.87
19515,51365.32
19514,34910.74
19513,19685.95
19512,20740.55
19511,26078.57
19510,54155.4
19509,58341.18
19508,105120.03
19507,47952.08
19506,40564.96
19505,27757.08
19504,28972.57
19503,23074.53
19502,40987.13
19501,65807.75
19500,41227.33
19499,19169.04
19498,21281.08
19497,21195.96
19496,24415.28
19495,37214.64
19494,69183.77
19493,35945.14
19492,33093.44
19491,27549.04
19490,23469.76
19489,54195.97
19488,57116.52
19487,90174.77
19486,57258.94
19485,35715.43
19484,42096.34
19483,54782.79
19482,42405.37
19481,48839.7
19480,84669.24
19479,63202.99
19478,24483.94
19477,32587.22
19476,58240.99
19475,49894.94
19474,60797.16
19473,106311.28
19472,50256.39
19471,38189.91
19470,42294.73
19469,51262.67
19468,52312.79
19467,79902.57
19466,119800.87
19465,29306.31
19464,31529.41
19463,29470.22
19462,36812.28
19461,38240.33
19460,74870.48
19459,45099.19
19458,29294.6
19457,29225.88
19456,42867.12
19455,42244.4
19454,53136.44
19453,58604.72
19452,41394.78
19451,1156.67
19450,20237.18
19449,22183.02
19448,28922.74
19447,31927.41
19446,51329.21
19445,43164.81
19444,23269.2
19443,22248.33
19442,26389.63
19441,41422.18
19440,46011.35
19439,65543.87
19438,47958.99
19437,27599.06
19436,36938.21
19435,37921.03
19434,41805.19
19433,1538.13
19432,82239.71
19431,51793.98
19430,30588.02
19429,34603.96
19428,38960.28
19427,43223.54
19426,60296.07
19425,93243.93
19424,46564.49
19423,26428.02
19422,27651.0
19421,31790.38
19420,29033.5
19419,56224.43
19418,72830.97
19417,47565.42
19416,33828.93
19415,34727.83
19414,43505.1
19413,44677.49
19412,47384.96
19411,70107.49
19410,48873.87
19409,24020.82
19408,27771.68
19407,28346.91
19406,807.99
19405,48316.85
19404,51228.74
19403,37769.97
19402,48792.8
19401,22765.61
19400,25938.81
19399,33787.61
19398,43067.61
19397,57774.36
19396,41085.65
19395,22275.17
19394,39167.05
19393,34255.53
19392,39145.93
19391,45608.54
19390,60060.62
19389,40750.95
19388,34190.49
19387,30067.3
19386,34881.41
19385,42156.72
19384,55277.77
19383,71908.51
19382,43357.84
19381,23226.12
19380,26446.95
19379,26579.17
19378,28799.53
19377,42849.04
19376,49509.41
19375,40896.83
19374,21867.25
19373,14997.22
19372,27622.91
19371,32257.3
19370,37936.76
19369,38960.22
19368,34208.86
19367,25921.89
