50831,40589.03
50830,63763.04
50829,56360.16
50828,15840.36
50827,20845.05
50826,18459.52
50825,16428.4
50824,1154.75
50823,43177.27
50822,32554.02
50821,15252.56
50820,16149.64
50819,18692.94
50818,28285.72
50817,35071.47
50816,63069.19
50815,35201.88
50814,38488.82
50813,14374.86
50812,27125.1
50811,27336.58
50810,24952.07
50809,55849.48
50808,54483.34
50807,13343.53
50806,15636.29
50805,17691.31
50804,19024.64
50803,30917.72
50802,62210.77
50801,43891.08
50800,18742.56
50799,1088.1
50798,18782.92
50797,22299.14
50796,27463.85
50795,53599.99
50794,34162.23
50793,17045.55
50792,18268.11
50791,22968.27
50790,52296.3
50789,60720.47
50788,94159.08
50787,62750.33
50786,50623.7
50785,28777.96
50784,37140.14
50783,28841.12
50782,42607.79
50781,72120.68
50780,53299.6
50779,23120.63
50778,20780.01
50777,24296.95
50776,19019.74
50775,34182.54
50774,64549.24
50773,44322.42
50772,33576.28
50771,19416.77
50770,25826.18
50769,51370.54
50768,57767.7
50767,89691.13
50766,80909.72
50765,41082.68
50764,56518.49
50763,72749.94
50762,38017.13
50761,41537.75
50760,70844.89
50759,63280.26
50758,25415.29
50757,20878.16
50756,46777.0
50755,37401.18
50754,51891.04
50753,82271.19
50752,71395.48
50751,40075.01
50750,44235.06
50749,43129.35
50748,37549.45
50747,61614.66
50746,89467.96
50745,28570.05
50744,24082.71
50743,26620.89
50742,27668.61
50741,34921.24
50740,60828.21
50739,47708.93
50738,20297.72
50737,20629.76
50736,42637.21
50735,37587.11
50734,48536.38
50733,77752.84
50732,62281.39
50731,2247.7
50730,22714.57
50729,22642.37
50728,28759.51
50727,40930.92
50726,61935.6
50725,51425.52
50724,23960.58
50723,24072.05
50722,20518.69
50721,52482.51
50720,60625.4
50719,80349.16
50718,72968.28
50717,44194.57
50716,36321.08
50715,31990.42
50714,40376.55
50713,1907.04
50712,101568.52
50711,52389.32
50710,27833.57
50709,32390.05
50708,30220.06
50707,45818.28
50706,56025.88
50705,83660.94
50704,63078.14
50703,23257.79
50702,26070.31
50701,26901.94
50700,28242.12
50699,55288.18
50698,85407.09
50697,61512.42
50696,37091.06
50695,40149.81
50694,40556.62
50693,42991.33
50692,47883.02
50691,78899.26
50690,76009.0
50689,28963.31
50688,37324.2
50687,32363.44
50686,839.28
50685,58842.75
50684,71247.21
50683,52291.88
50682,58229.87
50681,28276.54
50680,27616.52
50679,38634.54
50678,42866.98
50677,64037.89
50676,49980.29
50675,28664.67
50674,47249.2
50673,53459.41
50672,54421.43
50671,54260.23
50670,86412.66
50669,71078.42
50668,46218.35
50667,47956.66
50666,44030.0
50665,53314.41
50664,65743.7
50663,75798.66
50662,63150.15
50661,24652.58
50660,26991.58
50659,30205.16
50658,29073.85
50657,43853.33
50656,47706.14
50655,57946.83
50654,25199.06
50653,20291.9
50652,28608.77
50651,31481.48
50650,37877.24
50649,48857.65
50648,37618.93
50647,24281.52
