49291,36637.17
49290,55278.51
49289,41712.51
49288,13270.96
49287,15778.67
49286,16181.47
49285,27598.82
49284,1137.96
49283,42891.27
49282,22153.07
49281,13961.7
49280,12371.06
49279,13963.7
49278,31731.51
49277,31081.37
49276,45814.46
49275,29917.61
49274,29259.66
49273,21232.75
49272,9672.63
49271,21830.15
49270,1757.2
49269,332.99
49268,9730.2
49267,13224.38
49266,15272.96
49265,19216.44
49264,18962.64
49263,27268.85
49262,51970.16
49261,35725.18
49260,21555.76
49259,24519.5
49258,22593.19
49257,26873.12
49256,36241.28
49255,63538.83
49254,30359.91
49253,16934.88
49252,16778.42
49251,27091.44
49250,49892.82
49249,59603.4
49248,96320.91
49247,44501.74
49246,24309.23
49245,28223.6
49244,32446.7
49243,32178.72
49242,53064.79
49241,76953.63
49240,40196.01
49239,26133.79
49238,24293.67
49237,24332.37
49236,22186.35
49235,39049.71
49234,73447.16
49233,35801.26
49232,30098.53
49231,26905.88
49230,24244.21
49229,40112.96
49228,50647.25
49227,97540.53
49226,59964.89
49225,39218.94
49224,48172.02
49223,66649.92
49222,45284.89
49221,53096.44
49220,93292.79
49219,54091.35
49218,26196.97
49217,29540.27
49216,50344.29
49215,48901.88
49214,62539.33
49213,100627.24
49212,54422.95
49211,42270.36
49210,52755.01
49209,59478.38
49208,53146.62
49207,80432.63
49206,105970.56
49205,26494.34
49204,28786.83
49203,28029.76
49202,29608.85
49201,44447.54
49200,52545.55
49199,36215.4
49198,1418.18
49197,20200.35
49196,44439.28
49195,36499.14
49194,47809.3
49193,62766.52
49192,50698.92
49191,24221.5
49190,2092.72
49189,909.76
49188,210.64
49187,39692.44
49186,52526.45
49185,40996.4
49184,1186.69
49183,28149.12
49182,27172.8
49181,57515.56
49180,58297.55
49179,82426.89
49178,29643.7
49177,37868.53
49176,36704.09
49175,40951.47
49174,37925.67
49173,61828.81
49172,87838.26
49171,48643.26
49170,30379.29
49169,35648.62
49168,37445.33
49167,40382.75
49166,62548.62
49165,80152.25
49164,44072.29
49163,22823.94
49162,40838.01
49161,33650.74
49160,29395.43
49159,65038.53
49158,76954.21
49157,50188.81
49156,38430.9
49155,40261.27
49154,39673.97
49153,40823.61
49152,50678.99
49151,74439.96
49150,51949.73
49149,29565.83
49148,29346.7
49147,32612.68
49146,42639.05
49145,50860.8
49144,62157.5
49143,40277.2
49142,48681.35
49141,32952.74
49140,35455.89
49139,43975.39
49138,49804.73
49137,51870.15
49136,39745.12
49135,27398.6
49134,51115.03
49133,46202.72
49132,46187.56
49131,54304.76
49130,66909.76
49129,48760.28
49128,39964.58
49127,42395.41
49126,38049.57
49125,51301.17
49124,64890.79
49123,69710.9
49122,39063.75
49121,29802.85
49120,24957.44
49119,35979.63
49118,21555.85
49117,45475.72
49116,43271.2
49115,41002.33
49114,26121.71
49113,20598.63
49112,28695.88
49111,29133.15
49110,36648.11
49109,40622.87
49108,29488.97
49107,29391.12
