150180,22046.58
150179,42165.82
150178,42347.89
150177,11551.55
150176,11494.2
150175,13617.57
150174,15297.54
150173,1057.79
150172,27109.52
150171,23130.77
150170,10881.62
150169,10356.99
150168,10838.89
150167,19968.73
150166,26134.51
150165,42716.22
150164,27170.7
150163,21912.82
150162,17140.12
150161,11459.93
150160,17593.22
150159,19390.78
150158,37957.22
150157,33474.82
150156,10011.42
150155,8045.55
150154,12711.89
150153,13466.55
150152,21781.15
150151,41730.51
150150,30985.93
150149,13089.38
150148,10102.74
150147,12081.11
150146,16074.08
150145,19446.4
150144,36285.25
150143,22816.15
150142,13087.37
150141,13353.8
150140,14917.96
150139,32771.63
150138,35847.74
150137,61918.97
150136,31739.86
150135,28564.7
150134,19197.87
150133,24953.49
150132,20284.86
150131,28290.56
150130,55803.42
150129,41570.2
150128,16569.96
150127,15001.14
150126,12082.9
150125,13912.52
150124,23075.93
150123,48928.5
150122,28232.66
150121,22621.08
150120,10957.58
150119,14402.9
150118,28178.9
150117,41361.53
150116,71481.74
150115,65815.37
150114,30794.18
150113,36721.14
150112,48127.19
150111,21859.92
150110,27353.1
150109,53686.92
150108,53336.14
150107,16360.15
150106,17532.8
150105,38478.89
150104,32224.06
150103,39334.58
150102,67660.35
150101,53074.99
150100,26982.78
150099,28170.92
150098,34364.59
150097,25651.47
150096,47058.59
150095,64167.12
150094,17894.95
150093,14046.23
150092,17395.94
150091,21585.92
150090,24166.61
150089,38973.88
150088,31926.68
150087,11713.33
150086,11827.87
150085,23266.04
150084,24127.48
150083,31569.33
150082,54166.62
150081,46945.08
150080,748.36
150079,14333.29
150078,15337.19
150077,19796.56
150076,26158.97
150075,46192.05
150074,40376.11
150073,20622.5
150072,18737.06
150071,17828.94
150070,34741.09
150069,47675.51
150068,59044.7
150067,44540.92
150066,25907.76
150065,24214.58
150064,28443.87
150063,27387.85
150062,988.14
150061,67590.54
150060,42617.07
150059,18129.18
150058,18862.16
150057,18882.1
150056,31912.77
150055,40314.49
150054,69645.43
150053,40532.4
150052,14332.04
150051,16249.26
150050,19580.41
150049,17313.44
150048,38895.3
150047,59594.73
150046,50681.89
150045,28133.0
150044,30496.64
150043,28630.77
150042,30310.62
150041,39668.84
150040,52641.37
150039,53405.98
150038,22757.6
150037,21763.53
150036,24514.22
150035,159.27
150034,49990.37
150033,65912.45
150032,42558.04
150031,47529.77
150030,21036.63
150029,23645.75
150028,27993.29
150027,31107.1
150026,43066.55
150025,35404.12
150024,18017.49
150023,32110.43
150022,32204.73
150021,33448.48
150020,38294.81
150019,54039.2
150018,45130.12
150017,29321.05
150016,31974.11
150015,32176.3
150014,38198.58
150013,49012.14
150012,58069.44
150011,47728.29
150010,17772.64
150009,18980.45
150008,18887.23
150007,22205.82
150006,33564.31
150005,38041.6
150004,47953.38
150003,17378.17
150002,11317.68
150001,16462.75
150000,25949.38
149999,25490.34
149998,36466.57
149997,25589.35
149996,18774.78
