163422,22822.49
163421,44119.63
163420,39518.78
163419,14649.71
163418,13771.52
163417,14037.09
163416,17830.36
163415,749.47
163414,34577.88
163413,23110.02
163412,10597.54
163411,8979.92
163410,16128.47
163409,23819.95
163408,38907.61
163407,52710.63
163406,29147.53
163405,34148.92
163404,23087.09
163403,18707.62
163402,22449.5
163401,25186.96
163400,49093.09
163399,41853.0
163398,16489.8
163397,13036.5
163396,16939.11
163395,14082.75
163394,25900.74
163393,46695.99
163392,31621.44
163391,16191.97
163390,19742.85
163389,19059.72
163388,21463.02
163387,19303.71
163386,40766.44
163385,26937.27
163384,16205.24
163383,18073.01
163382,14268.5
163381,43422.92
163380,34129.41
163379,61057.86
163378,45747.64
163377,47843.54
163376,13322.64
163375,32614.14
163374,27461.34
163373,37647.24
163372,56778.63
163371,46768.9
163370,16578.66
163369,17827.26
163368,17887.69
163367,19582.79
163366,25178.12
163365,49998.36
163364,30894.93
163363,24576.13
163362,13959.64
163361,13930.17
163360,49477.44
163359,58857.38
163358,89371.58
163357,73893.11
163356,39810.71
163355,48436.38
163354,65474.45
163353,28637.32
163352,41626.73
163351,65106.78
163350,62560.72
163349,24601.64
163348,20685.4
163347,48103.27
163346,44765.83
163345,49978.58
163344,85704.23
163343,56492.49
163342,42024.87
163341,42419.79
163340,43809.45
163339,39060.81
163338,54295.02
163337,64783.22
163336,-10.92
163335,20365.77
163334,14420.02
163333,18187.2
163332,22563.09
163331,33090.93
163330,54333.97
163329,32436.17
163328,10097.77
163327,17250.04
163326,34802.69
163325,34288.51
163324,39715.5
163323,71322.71
163322,49356.84
163321,1307.65
163320,17901.94
163319,17368.25
163318,27351.29
163317,33304.82
163316,50118.24
163315,41403.37
163314,23578.57
163313,19570.26
163312,23334.43
163311,53638.33
163310,60121.04
163309,86698.8
163308,67612.44
163307,38607.56
163306,36284.85
163305,45451.43
163304,38722.79
163303,1208.2
163302,85044.32
163301,48377.79
163300,26534.75
163299,27032.36
163298,32033.54
163297,50455.37
163296,60990.38
163295,81140.14
163294,46819.92
163293,21481.63
163292,24204.98
163291,24772.25
163290,26440.81
163289,63788.24
163288,77189.74
163287,62290.1
163286,40738.53
163285,39931.42
163284,44733.88
163283,37419.47
163282,54013.62
163281,69037.86
163280,62185.33
163279,27113.66
163278,29426.97
163277,36306.01
163276,302.67
163275,65334.84
163274,64791.85
163273,58348.23
163272,59947.34
163271,27295.7
163270,27094.0
163269,39195.83
163268,45683.55
163267,57641.57
163266,54197.05
163265,22017.5
163264,48775.43
163263,47656.85
163262,43268.27
163261,51797.96
163260,73138.93
163259,58332.71
163258,43370.93
163257,40113.18
163256,41961.82
163255,51211.87
163254,61034.48
163253,70327.0
163252,48456.7
163251,24200.41
163250,29191.41
163249,29284.12
163248,37122.88
163247,50439.69
163246,46009.38
163245,52972.29
163244,27143.93
163243,22885.12
163242,25745.22
163241,33035.14
163240,37542.04
163239,37903.36
163238,30274.14
163237,24412.72
