139459,26816.37
139458,44327.94
139457,35100.8
139456,14648.97
139455,8569.74
139454,13078.12
139453,14344.16
139452,1217.31
139451,27749.52
139450,26618.18
139449,9114.28
139448,10029.44
139447,11237.74
139446,18485.62
139445,19598.47
139444,28107.86
139443,26178.99
139442,27007.01
139441,14284.02
139440,14140.36
139439,15744.33
139438,16704.54
139437,31403.54
139436,26335.66
139435,8801.41
139434,9141.18
139433,14566.76
139432,13452.38
139431,21336.56
139430,34306.45
139429,18271.34
139428,12278.76
139427,15449.25
139426,17613.46
139425,16879.07
139424,22085.1
139423,31564.26
139422,19874.14
139421,13928.36
139420,15475.5
139419,16928.01
139418,33839.2
139417,35779.04
139416,61167.41
139415,42878.86
139414,37459.39
139413,17936.01
139412,16607.83
139411,13253.79
139410,27295.4
139409,45309.31
139408,38210.68
139407,17392.0
139406,15513.0
139405,15404.05
139404,16510.96
139403,26447.72
139402,38927.7
139401,25953.8
139400,21225.16
139399,17560.26
139398,16681.91
139397,31242.24
139396,36327.9
139395,52008.66
139394,49881.09
139393,22683.92
139392,26851.74
139391,35153.97
139390,21803.99
139389,25618.54
139388,43064.17
139387,43725.15
139386,12789.92
139385,15015.53
139384,30105.65
139383,24267.0
139382,32749.78
139381,49429.93
139380,43732.77
139379,23742.43
139378,26120.76
139377,29335.38
139376,25646.04
139375,35594.92
139374,53325.47
139373,-32.08
139372,6498.94
139371,17239.14
139370,13265.34
139369,22814.61
139368,26904.54
139367,40634.71
139366,40837.95
139365,14296.02
139364,16207.06
139363,22915.23
139362,25220.59
139361,32222.83
139360,50530.25
139359,45845.73
139358,14412.16
139357,17700.3
139356,15553.67
139355,24519.14
139354,32457.47
139353,34463.24
139352,17271.37
139351,18041.75
139350,16237.24
139349,35134.14
139348,27197.41
139347,48877.31
139346,40365.61
139345,18044.98
139344,22022.5
139343,19251.2
139342,19083.29
139341,56538.76
139340,33460.34
139339,17569.69
139338,22856.81
139337,19875.79
139336,25381.79
139335,40936.56
139334,73179.6
139333,41745.9
139332,15843.05
139331,16978.13
139330,18369.45
139329,18746.76
139328,39681.74
139327,48595.07
139326,38299.17
139325,25671.33
139324,25447.72
139323,30045.99
139322,26947.4
139321,29470.73
139320,51126.84
139319,46872.6
139318,17172.95
139317,14721.89
139316,16794.48
139315,35820.18
139314,39568.95
139313,38457.61
139312,45357.32
139311,17924.41
139310,20895.61
139309,29238.75
139308,32921.38
139307,44930.39
139306,46767.56
139305,25052.67
139304,41494.99
139303,30614.56
139302,34991.83
139301,45370.39
139300,55555.57
139299,40872.5
139298,23324.44
139297,21778.45
139296,21431.96
139295,28446.38
139294,36662.13
139293,45345.35
139292,42915.13
139291,22568.77
139290,18524.91
139289,20332.21
139288,21697.84
139287,32090.71
139286,37746.31
139285,41343.49
139284,17411.45
139283,15912.98
139282,19012.37
139281,23104.35
139280,28267.86
139279,37288.81
139278,27218.92
139277,22058.05
