4975,28790.72
4974,62276.46
4973,51968.29
4972,19385.81
4971,17935.74
4970,19474.5
4969,19359.86
4968,1342.63
4967,37449.62
4966,34515.29
4965,16097.94
4964,16431.83
4963,16719.88
4962,26848.2
4961,34857.2
4960,44664.11
4959,39047.85
4958,32064.55
4957,20384.41
4956,22301.5
4955,23908.97
4954,22787.71
4953,51366.13
4952,42762.52
4951,13287.12
4950,18876.15
4949,19591.9
4948,20539.29
4947,32266.52
4946,50566.64
4945,36785.56
4944,22079.49
4943,23218.07
4942,23845.05
4941,28502.51
4940,33814.46
4939,56619.55
4938,38124.83
4937,20342.54
4936,18744.89
4935,28783.84
4934,47675.25
4933,54890.4
4932,91245.09
4931,56769.64
4930,42982.85
4929,28169.55
4928,38519.86
4927,29163.29
4926,44735.91
4925,73341.75
4924,46475.01
4923,25104.15
4922,21254.99
4921,20867.49
4920,18955.29
4919,31975.58
4918,60390.43
4917,40176.1
4916,32082.26
4915,13424.78
4914,19494.49
4913,44215.23
4912,58104.96
4911,83953.4
4910,76774.39
4909,46814.78
4908,47008.25
4907,64835.02
4906,35491.61
4905,43525.41
4904,71762.74
4903,53116.47
4902,24903.91
4901,27419.87
4900,40328.51
4899,43679.15
4898,54885.14
4897,88464.6
4896,75187.2
4895,47947.65
4894,43725.67
4893,48130.73
4892,40202.29
4891,63346.36
4890,88510.43
4889,-29.99
4888,29250.35
4887,28328.05
4886,28088.85
4885,24840.38
4884,41971.77
4883,56762.01
4882,51960.06
4881,1233.45
4880,18241.1
4879,36751.17
4878,35835.23
4877,46640.94
4876,84377.59
4875,66197.41
4874,21825.88
4873,24650.39
4872,30644.34
4871,32915.01
4870,35975.4
4869,60734.78
4868,55344.87
4867,28058.59
4866,25440.37
4865,26629.44
4864,53204.82
4863,59162.15
4862,84246.89
4861,64853.25
4860,36459.17
4859,36916.7
4858,39149.66
4857,45909.16
4856,1248.15
4855,89804.86
4854,54001.57
4853,32994.19
4852,32840.18
4851,40472.95
4850,50348.97
4849,69212.25
4848,108772.17
4847,58912.5
4846,24742.48
4845,31972.55
4844,30613.46
4843,29417.28
4842,63952.79
4841,81891.1
4840,72313.54
4839,43287.7
4838,34646.26
4837,44373.51
4836,39069.87
4835,50679.53
4834,85105.96
4833,68842.62
4832,33502.16
4831,33530.98
4830,40431.24
4829,519.74
4828,58668.46
4827,81907.16
4826,62327.11
4825,67755.3
4824,31782.96
4823,35878.09
4822,36334.18
4821,42190.29
4820,73714.63
4819,61639.5
4818,26809.92
4817,49247.17
4816,54781.79
4815,53459.74
4814,61170.38
4813,88750.69
4812,68157.66
4811,48475.31
4810,44710.69
4809,54274.12
4808,65582.6
4807,84253.48
4806,106852.5
4805,83794.19
4804,34696.46
4803,31432.64
4802,29557.64
4801,38784.01
4800,51118.97
4799,60725.87
4798,65254.49
4797,31499.96
4796,22544.74
4795,32489.96
4794,39624.24
4793,40101.94
4792,59376.55
4791,47958.65
4790,38041.09
