160352,35523.76
160351,53170.63
160350,42121.68
160349,17129.3
160348,20271.38
160347,16336.57
160346,19125.81
160345,803.87
160344,38612.09
160343,27410.11
160342,12942.74
160341,17922.15
160340,16891.29
160339,24744.62
160338,22427.63
160337,41898.21
160336,27323.88
160335,36405.8
160334,19811.88
160333,22472.92
160332,22038.73
160331,22513.81
160330,47477.25
160329,32379.51
160328,16811.18
160327,15476.35
160326,18536.4
160325,18167.46
160324,25368.41
160323,47758.19
160322,28810.39
160321,23673.72
160320,17151.93
160319,18807.71
160318,21687.98
160317,29015.44
160316,41303.08
160315,26262.6
160314,17627.58
160313,22184.0
160312,22155.93
160311,39222.73
160310,52505.19
160309,87860.57
160308,45556.01
160307,43764.49
160306,22011.42
160305,27150.99
160304,26294.84
160303,37205.05
160302,64600.19
160301,40329.92
160300,22006.2
160299,22900.59
160298,19686.51
160297,20773.32
160296,30457.45
160295,52128.53
160294,28309.68
160293,27490.8
160292,20396.76
160291,21898.16
160290,42254.95
160289,49017.02
160288,87349.85
160287,55466.13
160286,42109.41
160285,41350.85
160284,51321.94
160283,32626.78
160282,40901.24
160281,65115.77
160280,46796.44
160279,22072.93
160278,21743.43
160277,41183.58
160276,33598.71
160275,47076.15
160274,74674.34
160273,47944.95
160272,36979.53
160271,43667.41
160270,46022.38
160269,37371.6
160268,52756.83
160267,73426.21
160266,20972.73
160265,20641.26
160264,23096.22
160263,27859.2
160262,32226.09
160261,51282.36
160260,44840.85
160259,601.81
160258,28032.57
160257,41911.9
160256,41261.67
160255,54244.14
160254,82180.69
160253,51748.23
160252,41113.55
160251,694.87
160250,420.27
160249,113.19
160248,32272.2
160247,51730.82
160246,38181.48
160245,566.12
160244,23542.07
160243,28245.76
160242,46434.37
160241,47328.91
160240,74801.98
160239,55066.63
160238,29525.97
160237,31330.11
160236,29806.22
160235,32879.64
160234,41922.57
160233,73269.77
160232,44149.58
160231,27133.46
160230,34142.25
160229,36585.21
160228,44116.03
160227,46618.53
160226,78079.85
160225,49841.11
160224,24277.83
160223,23195.39
160222,24394.46
160221,25149.76
160220,54655.19
160219,69071.55
160218,57695.77
160217,37043.35
160216,34408.95
160215,35213.26
160214,37684.98
160213,44498.87
160212,71435.22
160211,56879.53
160210,26677.02
160209,26125.41
160208,27015.17
160207,38358.52
160206,41726.44
160205,57561.47
160204,41786.25
160203,66606.32
160202,29584.29
160201,31349.76
160200,37878.85
160199,42778.39
160198,63122.61
160197,44773.15
160196,31787.44
160195,55091.43
160194,42247.93
160193,44891.95
160192,44293.6
160191,62533.37
160190,54796.72
160189,40654.92
160188,33437.68
160187,35988.5
160186,42072.2
160185,50357.6
160184,64515.09
160183,43205.02
160182,23923.05
160181,30823.3
160180,26749.94
160179,34999.1
160178,40282.26
160177,42402.8
160176,46357.24
160175,23408.97
160174,22152.04
160173,27346.99
160172,34497.19
160171,33087.08
160170,45819.91
160169,32217.64
160168,29282.07
