197317,26197.92
197316,35345.66
197315,25987.69
197314,7925.32
197313,11229.66
197312,11189.49
197311,10616.17
197310,885.41
197309,25870.47
197308,14624.61
197307,10179.76
197306,10182.29
197305,7315.84
197304,20865.35
197303,19229.7
197302,32829.45
197301,18205.03
197300,26097.98
197299,12952.0
197298,13139.21
197297,14571.31
197296,16408.26
197295,32553.8
197294,17300.27
197293,11295.1
197292,9957.41
197291,8910.11
197290,10434.92
197289,22628.69
197288,24929.92
197287,15883.64
197286,13244.84
197285,13642.36
197284,15289.03
197283,16275.1
197282,22700.09
197281,33466.79
197280,20658.56
197279,13362.7
197278,15677.96
197277,14265.48
197276,38467.8
197275,42054.89
197274,61145.54
197273,25885.61
197272,39338.25
197271,21315.94
197270,20335.52
197269,15396.37
197268,30497.89
197267,43192.02
197266,24162.21
197265,13188.83
197264,16329.4
197263,15492.57
197262,15547.5
197261,23820.17
197260,44175.56
197259,20148.57
197258,23638.4
197257,16147.16
197256,14600.12
197255,38241.93
197254,40348.48
197253,61596.86
197252,28134.94
197251,29912.68
197250,31874.93
197249,39647.71
197248,26055.43
197247,27345.01
197246,44414.82
197245,28529.52
197244,12755.05
197243,14573.64
197242,28156.71
197241,27382.19
197240,38097.58
197239,61100.76
197238,36497.47
197237,27431.36
197236,26326.24
197235,37559.01
197234,32534.6
197233,57522.0
197232,85793.33
197231,14421.03
197230,15753.55
197229,13433.04
197228,20169.45
197227,23761.09
197226,34876.45
197225,21288.3
197224,351.28
197223,15085.34
197222,27622.34
197221,30772.35
197220,34056.2
197219,55559.68
197218,33671.88
197217,12185.45
197216,932.68
197215,429.92
197214,140.73
197213,25621.09
197212,34806.72
197211,28265.68
197210,575.02
197209,11705.53
197208,15781.88
197207,33525.53
197206,40099.85
197205,49032.58
197204,27177.23
197203,23835.36
197202,21930.59
197201,22029.58
197200,22695.99
197199,34797.32
197198,53782.76
197197,23754.69
197196,17821.52
197195,22132.15
197194,25841.21
197193,33802.25
197192,44718.09
197191,76198.34
197190,30259.35
197189,13877.2
197188,17133.14
197187,18701.83
197186,19207.14
197185,36381.54
197184,48837.91
197183,27017.77
197182,26393.52
197181,27020.43
197180,31072.38
197179,24748.85
197178,33831.59
197177,58932.43
197176,34402.59
197175,18255.74
197174,15971.99
197173,18991.06
197172,24929.29
197171,32278.18
197170,41947.54
197169,18689.08
197168,48380.66
197167,19233.07
197166,24102.05
197165,27505.75
197164,33154.18
197163,38656.76
197162,23960.4
197161,24211.66
197160,33302.6
197159,31429.87
197158,29440.9
197157,38248.75
197156,52583.24
197155,31974.58
197154,27429.08
197153,27434.43
197152,25675.4
197151,35325.08
197150,46802.13
197149,52218.96
197148,27146.57
197147,15340.03
197146,17341.49
197145,17855.63
197144,25680.65
197143,34893.2
197142,31970.11
197141,27026.57
197140,18525.56
197139,12876.22
197138,17119.68
197137,20468.96
197136,25181.86
197135,30066.53
197134,17670.42
197133,19838.55
