40859,48577.32
40858,74969.74
40857,48049.18
40856,17262.66
40855,21121.45
40854,16472.22
40853,21706.57
40852,1320.44
40851,47063.71
40850,13736.46
40849,14479.0
40848,14402.18
40847,18316.81
40846,34956.46
40845,42799.91
40844,68533.93
40843,42552.0
40842,39870.2
40841,28870.01
40840,13593.82
40839,24925.22
40838,9642.09
40837,53792.64
40836,46104.35
40835,18081.44
40834,20803.75
40833,25931.61
40832,23089.79
40831,44742.29
40830,60267.65
40829,35464.69
40828,25685.4
40827,17491.16
40826,29380.61
40825,31655.52
40824,42042.24
40823,63720.78
40822,32035.89
40821,20879.27
40820,18080.06
40819,31100.68
40818,62192.25
40817,65650.89
40816,128023.17
40815,34622.91
40814,47888.41
40813,29034.2
40812,46728.21
40811,31425.06
40810,54062.32
40809,91275.97
40808,52470.29
40807,27023.56
40806,26346.79
40805,26049.36
40804,31045.5
40803,51025.73
40802,89089.95
40801,43205.99
40800,41898.58
40799,24959.67
40798,26148.2
40797,66516.95
40796,88216.64
40795,137041.58
40794,81654.15
40793,54723.43
40792,64796.92
40791,65419.43
40790,35003.2
40789,65578.08
40788,106352.75
40787,69505.57
40786,24698.35
40785,39794.91
40784,71261.58
40783,59934.5
40782,76526.62
40781,115613.01
40780,66470.24
40779,57157.06
40778,59064.35
40777,65400.15
40776,58482.17
40775,93647.4
40774,96106.29
40773,-29.49
40772,21984.35
40771,27914.05
40770,28830.44
40769,34083.9
40768,55359.11
40767,78823.22
40766,46755.52
40765,25262.09
40764,29988.38
40763,52132.78
40762,46024.27
40761,71197.32
40760,101515.56
40759,66190.51
40758,976.48
40757,25117.3
40756,27578.51
40755,35935.42
40754,49251.1
40753,68336.74
40752,52569.43
40751,31270.52
40750,34059.22
40749,31924.96
40748,63094.94
40747,79330.29
40746,102092.32
40745,67408.89
40744,47332.37
40743,43432.23
40742,40726.56
40741,54249.15
40740,1759.94
40739,135294.67
40738,57382.5
40737,28645.98
40736,39514.31
40735,39932.6
40734,57482.37
40733,73311.54
40732,93873.27
40731,63947.66
40730,32802.09
40729,28437.64
40728,32567.15
40727,37421.12
40726,83210.66
40725,101141.37
40724,66983.01
40723,47766.45
40722,43891.65
40721,50083.13
40720,49247.5
40719,64074.67
40718,85926.5
40717,62867.46
40716,32430.2
40715,32407.55
40714,38312.19
40713,633.63
40712,60249.3
40711,77254.73
40710,50699.44
40709,64449.92
40708,34987.85
40707,30719.95
40706,49031.74
40705,54061.54
40704,69426.83
40703,48806.67
40702,33767.89
40701,64310.64
40700,62521.92
40699,60671.0
40698,80067.24
40697,97880.79
40696,68067.32
40695,51302.6
40694,51005.3
40693,46719.87
40692,59449.76
40691,82890.22
40690,83166.5
40689,50694.69
40688,30873.05
40687,31930.32
40686,37296.64
40685,45362.27
40684,58312.83
40683,62112.17
40682,59472.83
40681,25255.3
40680,25937.47
40679,33374.75
40678,41935.56
40677,47628.57
40676,52815.91
40675,40050.18
40674,37845.54
