199616,17089.95
199615,29575.26
199614,20908.67
199613,10278.38
199612,10488.92
199611,11014.33
199610,12999.05
199609,479.92
199608,22545.98
199607,12159.91
199606,7770.78
199605,7834.49
199604,7237.59
199603,14313.76
199602,14758.73
199601,27925.91
199600,20383.36
199599,18256.96
199598,10943.41
199597,8343.67
199596,9205.45
199595,12170.62
199594,23238.37
199593,13452.6
199592,7459.26
199591,6561.84
199590,6546.58
199589,8912.29
199588,16813.73
199587,26124.92
199586,14143.79
199585,9470.69
199584,9520.58
199583,10300.51
199582,11693.24
199581,15844.57
199580,23137.63
199579,13022.84
199578,12564.4
199577,13303.58
199576,13343.09
199575,24056.65
199574,27205.05
199573,47684.85
199572,27653.46
199571,16646.3
199570,16703.61
199569,15080.65
199568,9133.28
199567,20959.41
199566,33544.72
199565,20873.5
199564,11872.01
199563,6109.24
199562,14033.2
199561,13245.02
199560,17693.92
199559,32375.64
199558,17701.84
199557,14597.11
199556,11467.97
199555,14412.21
199554,21933.71
199553,27708.22
199552,40428.76
199551,32303.18
199550,15586.72
199549,20504.99
199548,23262.22
199547,13725.82
199546,16709.68
199545,46403.49
199544,30217.97
199543,15642.93
199542,15164.6
199541,22708.05
199540,20485.18
199539,23659.03
199538,52464.01
199537,26358.34
199536,18896.05
199535,22292.35
199534,25431.76
199533,23448.01
199532,50050.06
199531,52438.03
199530,17283.05
199529,12892.33
199528,12676.37
199527,18622.08
199526,17027.49
199525,37641.6
199524,23188.24
199523,10030.44
199522,13937.75
199521,22402.25
199520,19867.54
199519,28363.75
199518,45387.37
199517,27024.1
199516,461.29
199515,10965.93
199514,11812.47
199513,17321.73
199512,18017.16
199511,26153.68
199510,21277.34
199509,10353.93
199508,11548.85
199507,13188.64
199506,21198.58
199505,24892.24
199504,34836.5
199503,22443.48
199502,15588.95
199501,15581.72
199500,15427.1
199499,10873.68
199498,472.58
199497,33554.95
199496,24858.23
199495,15006.13
199494,16131.71
199493,19433.02
199492,23690.95
199491,32588.57
199490,49775.21
199489,26625.28
199488,11982.73
199487,15361.12
199486,14224.65
199485,17819.15
199484,27057.47
199483,41920.39
199482,27752.26
199481,16600.41
199480,14798.31
199479,21911.7
199478,23408.0
199477,26612.93
199476,40632.13
199475,26122.54
199474,14803.25
199473,12912.54
199472,13455.81
199471,122.7
199470,26369.79
199469,30123.34
199468,26941.16
199467,26598.96
199466,12213.04
199465,17011.55
199464,16993.0
199463,22894.48
199462,28642.99
199461,22649.83
199460,12780.74
199459,24359.77
199458,22468.53
199457,19896.66
199456,23325.67
199455,30299.87
199454,20089.79
199453,18401.96
199452,19211.54
199451,17050.94
199450,20660.17
199449,27543.76
199448,35100.55
199447,19567.15
199446,12024.84
199445,12998.47
199444,15351.31
199443,13715.08
199442,22371.69
199441,23502.5
199440,18661.47
199439,12685.53
199438,10450.05
199437,14732.03
199436,16388.51
199435,17644.75
199434,29534.78
199433,19584.06
199432,15418.86
