106293,38810.86
106292,49414.76
106291,46109.12
106290,18480.91
106289,12673.28
106288,13695.87
106287,16376.14
106286,1159.18
106285,44896.12
106284,26485.52
106283,11277.63
106282,14460.64
106281,14135.63
106280,23977.36
106279,28175.7
106278,46338.67
106277,32387.58
106276,32702.22
106275,16949.91
106274,17059.76
106273,17663.5
106272,23082.54
106271,47656.8
106270,34662.78
106269,14385.41
106268,12248.54
106267,16473.26
106266,15506.26
106265,29023.12
106264,50325.6
106263,36233.4
106262,20406.47
106261,22606.19
106260,20551.73
106259,20113.73
106258,26210.77
106257,45760.04
106256,31547.64
106255,17301.89
106254,20888.1
106253,19790.68
106252,41146.72
106251,55829.52
106250,87922.45
106249,50491.42
106248,40026.67
106247,25341.19
106246,30699.26
106245,19052.4
106244,37488.23
106243,69867.73
106242,51059.81
106241,20219.9
106240,16865.09
106239,22592.58
106238,19587.53
106237,34258.8
106236,57938.38
106235,37892.5
106234,31710.79
106233,20790.62
106232,23242.82
106231,52138.73
106230,53004.54
106229,85659.92
106228,65559.84
106227,38794.06
106226,35334.72
106225,49296.72
106224,34301.62
106223,37511.49
106222,69359.99
106221,51736.56
106220,27864.51
106219,29883.24
106218,47057.55
106217,46614.17
106216,47239.54
106215,73434.22
106214,50984.58
106213,27282.36
106212,33764.59
106211,39983.8
106210,41009.77
106209,74803.9
106208,93407.61
106207,-106.9
106206,21619.36
106205,19321.7
106204,21822.16
106203,26760.63
106202,32414.07
106201,49446.69
106200,41421.11
106199,1013.75
106198,21073.73
106197,34310.38
106196,38312.33
106195,48737.66
106194,75909.38
106193,61547.41
106192,20263.44
106191,18920.44
106190,22793.42
106189,25517.99
106188,30323.36
106187,53777.99
106186,42442.51
106185,20466.81
106184,17566.4
106183,19553.45
106182,35399.36
106181,56815.77
106180,66142.78
106179,54428.0
106178,29526.96
106177,26345.62
106176,32582.51
106175,24659.38
106174,750.42
106173,89305.84
106172,53496.1
106171,22348.6
106170,31431.0
106169,29370.01
106168,41387.32
106167,57210.65
106166,94601.74
106165,56195.01
106164,20185.07
106163,21779.74
106162,21263.29
106161,23715.47
106160,61206.75
106159,71020.84
106158,53923.43
106157,36358.18
106156,32528.83
106155,36537.02
106154,30296.15
106153,47210.99
106152,80540.77
106151,60560.38
106150,24479.79
106149,25439.14
106148,24691.81
106147,904.06
106146,47984.56
106145,75210.83
106144,58569.39
106143,69761.14
106142,23869.92
106141,26307.34
106140,24102.75
106139,36743.17
106138,60695.9
106137,53257.01
106136,25419.56
106135,45939.51
106134,38265.36
106133,39757.47
106132,48182.23
106131,70745.52
106130,57364.44
106129,35469.74
106128,36802.6
106127,34215.36
106126,50947.33
106125,53257.07
106124,81322.14
106123,53316.04
106122,22905.23
106121,25260.75
106120,31014.18
106119,28406.89
106118,42488.09
106117,48594.95
106116,51115.51
106115,25312.51
106114,19564.44
106113,26144.16
106112,33973.51
106111,34280.34
106110,53520.22
106109,42246.8
106108,37654.17
