84081,33264.39
84080,60358.35
84079,46107.86
84078,22003.92
84077,20501.36
84076,22827.6
84075,25007.77
84074,1917.11
84073,38589.68
84072,25741.13
84071,18671.54
84070,21774.71
84069,18573.87
84068,36058.54
84067,37763.64
84066,50206.96
84065,44981.36
84064,42079.75
84063,25644.01
84062,33760.38
84061,35108.23
84060,36380.0
84059,991.12
84058,18498.16
84057,18820.34
84056,17639.42
84055,21020.04
84054,19831.57
84053,38123.74
84052,53028.48
84051,42039.21
84050,21381.37
84049,23000.2
84048,21080.37
84047,28487.64
84046,12534.14
84045,43835.64
84044,33170.62
84043,8073.97
84042,22735.4
84041,25116.74
84040,55053.23
84039,60091.09
84038,83926.96
84037,43815.59
84036,37352.76
84035,29004.47
84034,39600.68
84033,28825.14
84032,45370.59
84031,59915.82
84030,47492.25
84029,22237.62
84028,18763.87
84027,20480.47
84026,23661.4
84025,31138.92
84024,48700.96
84023,38116.87
84022,28034.73
84021,24566.72
84020,24574.97
84019,48195.72
84018,45874.81
84017,80824.16
84016,61757.15
84015,43537.58
84014,46834.65
84013,62190.31
84012,36179.08
84011,42671.46
84010,64334.52
84009,36515.65
84008,20593.84
84007,22861.89
84006,57957.39
84005,44951.62
84004,56801.8
84003,73168.44
84002,63014.16
84001,41630.52
84000,42329.35
83999,53909.8
83998,47008.79
83997,64594.21
83996,94278.1
83995,24047.21
83994,23286.88
83993,29852.86
83992,33606.24
83991,38718.72
83990,53983.62
83989,44184.19
83988,19695.92
83987,27401.8
83986,36184.9
83985,37789.49
83984,45330.74
83983,65061.1
83982,61165.56
83981,2270.1
83980,30782.58
83979,32746.2
83978,34904.74
83977,40585.29
83976,51251.58
83975,45366.41
83974,33583.26
83973,35111.72
83972,32387.24
83971,62156.77
83970,74605.06
83969,86937.56
83968,58037.39
83967,45744.4
83966,44303.72
83965,49569.35
83964,44022.53
83963,1977.47
83962,69934.07
83961,52554.1
83960,34895.25
83959,37283.16
83958,38564.12
83957,46950.58
83956,68182.31
83955,101541.37
83954,52540.44
83953,26940.13
83952,27045.92
83951,32006.11
83950,32828.96
83949,64709.5
83948,68866.89
83947,70547.37
83946,45199.45
83945,46134.3
83944,48370.35
83943,37843.14
83942,52662.56
83941,67765.14
83940,75292.11
83939,35886.41
83938,29444.72
83937,41070.06
83936,548.68
83935,65128.74
83934,75039.24
83933,56286.66
83932,79416.69
83931,45298.82
83930,40181.44
83929,39841.09
83928,44232.64
83927,63108.84
83926,47873.72
83925,35884.31
83924,59251.39
83923,56016.73
83922,56063.69
83921,63137.71
83920,74668.62
83919,61278.44
83918,50118.75
83917,43927.06
83916,44041.86
83915,57799.29
83914,65552.99
83913,85625.04
83912,63202.23
83911,35873.12
83910,37515.71
83909,43105.68
83908,41018.73
83907,65048.69
83906,51627.31
83905,59491.53
83904,36154.23
83903,26242.08
83902,39276.09
83901,39076.82
83900,42704.31
83899,59138.97
83898,43635.68
83897,29212.42
