174716,26165.29
174715,42745.63
174714,22659.67
174713,9255.1
174712,12460.72
174711,12459.18
174710,12124.11
174709,71.32
174708,28216.23
174707,16676.55
174706,10978.68
174705,7941.47
174704,12342.38
174703,16290.69
174702,21166.13
174701,28148.8
174700,17423.19
174699,22295.33
174698,10559.61
174697,15113.86
174696,11781.63
174695,18963.74
174694,32662.65
174693,16986.56
174692,10512.05
174691,11033.0
174690,11146.38
174689,11962.51
174688,25606.69
174687,32085.79
174686,16040.4
174685,13497.88
174684,11570.45
174683,12232.96
174682,17345.25
174681,19932.17
174680,34413.64
174679,18417.34
174678,12057.44
174677,12603.6
174676,19574.56
174675,35887.92
174674,34990.21
174673,56880.43
174672,26429.91
174671,24396.15
174670,22325.23
174669,21217.12
174668,15258.95
174667,27841.04
174666,44634.54
174665,26120.32
174664,10127.57
174663,11310.26
174662,15136.92
174661,16842.31
174660,25678.67
174659,40159.54
174658,19708.28
174657,19159.05
174656,15969.63
174655,16491.54
174654,27495.67
174653,34934.22
174652,52642.38
174651,29580.36
174650,23814.09
174649,22321.28
174648,18856.4
174647,23227.52
174646,29412.32
174645,45511.91
174644,28799.21
174643,16871.79
174642,17327.88
174641,27607.2
174640,23691.63
174639,29503.32
174638,52106.07
174637,30875.09
174636,21951.89
174635,22997.75
174634,28161.83
174633,26897.33
174632,54571.14
174631,53723.78
174630,13927.95
174629,13365.85
174628,13815.73
174627,19571.39
174626,26478.06
174625,35260.89
174624,24435.61
174623,14051.29
174622,14722.98
174621,28599.72
174620,27325.59
174619,38665.83
174618,45834.58
174617,36272.1
174616,625.29
174615,14550.44
174614,17757.45
174613,20108.23
174612,22644.05
174611,35756.92
174610,19867.64
174609,11037.77
174608,13212.05
174607,14800.85
174606,28092.75
174605,38647.33
174604,44584.81
174603,26297.16
174602,19815.25
174601,19076.46
174600,20714.18
174599,22840.9
174598,626.72
174597,57136.65
174596,29492.36
174595,16280.36
174594,22115.12
174593,22749.01
174592,28890.17
174591,39943.9
174590,60541.66
174589,29301.37
174588,14532.3
174587,16213.37
174586,17329.41
174585,20082.22
174584,38736.07
174583,47906.59
174582,28037.75
174581,22261.43
174580,24593.42
174579,25100.27
174578,19102.77
174577,35174.89
174576,49974.76
174575,32049.59
174574,18583.98
174573,15500.89
174572,19000.17
174571,319.79
174570,26753.33
174569,47617.68
174568,26067.7
174567,37776.19
174566,16911.28
174565,17153.54
174564,22967.21
174563,27668.83
174562,37453.35
174561,23811.68
174560,17545.34
174559,30731.59
174558,28551.77
174557,27483.36
174556,34820.42
174555,44814.78
174554,24249.88
174553,17147.1
174552,26320.52
174551,23368.92
174550,23661.37
174549,43567.82
174548,46266.56
174547,26595.93
174546,18152.64
174545,19158.73
174544,18913.6
174543,21681.96
174542,33538.83
174541,28754.94
174540,25031.59
174539,16279.26
174538,12434.96
174537,17500.27
174536,23040.82
174535,26281.07
174534,33627.11
174533,21189.04
174532,18170.47
