132755,27005.4
132754,43080.52
132753,40949.85
132752,20448.23
132751,15230.72
132750,19161.41
132749,14365.51
132748,624.08
132747,34382.65
132746,31008.38
132745,16224.49
132744,15638.31
132743,17728.47
132742,23832.32
132741,23498.98
132740,34468.59
132739,26565.69
132738,29361.12
132737,18819.95
132736,17665.02
132735,22994.3
132734,20300.49
132733,40960.99
132732,30488.62
132731,13157.97
132730,12074.53
132729,15916.45
132728,14290.44
132727,29801.56
132726,41883.3
132725,25067.58
132724,15429.59
132723,16830.74
132722,19950.09
132721,18963.0
132720,27762.82
132719,35939.3
132718,25850.03
132717,17160.85
132716,19428.32
132715,24725.18
132714,41580.44
132713,42575.75
132712,74921.34
132711,38958.85
132710,35039.56
132709,22857.16
132708,25924.11
132707,19279.1
132706,32480.22
132705,47407.0
132704,36352.59
132703,19318.51
132702,18242.29
132701,19677.1
132700,21047.03
132699,28407.03
132698,48334.35
132697,32226.45
132696,27544.26
132695,22867.93
132694,21579.28
132693,43278.08
132692,44583.03
132691,59379.13
132690,47158.12
132689,30315.45
132688,29506.4
132687,41997.15
132686,33445.61
132685,43809.64
132684,50360.29
132683,42152.18
132682,24016.17
132681,26689.87
132680,36318.53
132679,31957.73
132678,42522.38
132677,54643.63
132676,45863.3
132675,30360.89
132674,30978.59
132673,36889.38
132672,36233.15
132671,60223.59
132670,81585.49
132669,25239.31
132668,19391.0
132667,20396.82
132666,30044.38
132665,36828.25
132664,44909.37
132663,31630.09
132662,283.26
132661,17522.01
132660,33368.94
132659,29720.54
132658,35697.05
132657,52854.69
132656,48985.25
132655,13651.96
132654,15583.45
132653,23447.1
132652,25726.03
132651,24645.32
132650,50317.23
132649,30540.64
132648,16329.05
132647,18407.87
132646,23206.75
132645,36015.64
132644,34175.29
132643,61811.58
132642,33189.16
132641,25174.9
132640,28123.79
132639,34713.35
132638,32731.08
132637,652.7
132636,56685.79
132635,34808.38
132634,30888.62
132633,28079.86
132632,34617.69
132631,41321.28
132630,50922.33
132629,69909.1
132628,43415.68
132627,22966.82
132626,20909.65
132625,19278.67
132624,27536.13
132623,50634.6
132622,54971.67
132621,40022.09
132620,31474.31
132619,27794.56
132618,32848.35
132617,33114.71
132616,43105.22
132615,59632.92
132614,46734.34
132613,21636.08
132612,27008.94
132611,30968.13
132610,216.99
132609,47410.76
132608,54958.07
132607,39525.92
132606,43139.98
132605,22763.71
132604,24184.18
132603,33203.32
132602,33079.51
132601,44777.57
132600,35926.89
132599,17229.23
132598,35549.42
132597,35327.82
132596,36217.75
132595,40619.14
132594,49167.15
132593,38389.23
132592,25179.96
132591,33557.41
132590,29563.27
132589,35412.16
132588,43084.23
132587,50175.49
132586,40799.57
132585,17578.19
132584,19952.36
132583,23750.6
132582,26102.46
132581,37831.46
132580,36607.05
132579,42361.43
132578,18624.98
132577,15025.44
132576,20487.43
132575,26807.46
132574,32543.69
132573,43111.88
132572,27533.38
132571,22496.31
