82161,32713.24
82160,45067.77
82159,46759.34
82158,12860.54
82157,12476.14
82156,16218.94
82155,17264.41
82154,2440.07
82153,35166.49
82152,30688.05
82151,10086.8
82150,12937.38
82149,14948.34
82148,24095.43
82147,32098.31
82146,48215.88
82145,35828.31
82144,26050.61
82143,21432.3
82142,19181.92
82141,18668.65
82140,21273.51
82139,46988.99
82138,44857.49
82137,14110.83
82136,18035.59
82135,15341.44
82134,16491.39
82133,31072.19
82132,51052.55
82131,33663.03
82130,16840.83
82129,12851.89
82128,19629.57
82127,23553.06
82126,29567.8
82125,46279.44
82124,31299.64
82123,16186.93
82122,13660.2
82121,18269.86
82120,41589.95
82119,51244.5
82118,84925.5
82117,34841.73
82116,30971.49
82115,20430.46
82114,35470.4
82113,28732.24
82112,38178.46
82111,68703.5
82110,50980.59
82109,17645.62
82108,17372.67
82107,12980.36
82106,19133.74
82105,26199.4
82104,54912.97
82103,37130.47
82102,29568.94
82101,13703.67
82100,19035.61
82099,40025.33
82098,48207.11
82097,83275.12
82096,76598.66
82095,38287.79
82094,43832.6
82093,65358.9
82092,29144.25
82091,37453.61
82090,58424.31
82089,57253.81
82088,18474.08
82087,19626.59
82086,39602.89
82085,36071.0
82084,43946.79
82083,77299.54
82082,76205.73
82081,36468.61
82080,41156.5
82079,48649.15
82078,32633.95
82077,65308.13
82076,87258.56
82075,-38.24
82074,23986.76
82073,21304.63
82072,18854.25
82071,25021.31
82070,27612.11
82069,43307.5
82068,40235.76
82067,17505.81
82066,17968.67
82065,30201.68
82064,26086.87
82063,33811.14
82062,61886.23
82061,62177.2
82060,900.06
82059,20294.46
82058,23917.02
82057,23705.34
82056,33390.08
82055,44488.77
82054,46402.27
82053,26573.44
82052,21403.59
82051,22488.25
82050,51687.89
82049,51452.62
82048,70107.33
82047,63957.38
82046,33331.86
82045,35989.88
82044,31579.46
82043,31105.94
82042,988.43
82041,85533.95
82040,40299.98
82039,23695.14
82038,24580.25
82037,30810.3
82036,49217.62
82035,53834.06
82034,91166.62
82033,51695.4
82032,20085.09
82031,24713.07
82030,24255.56
82029,25259.68
82028,49515.69
82027,76629.39
82026,65238.94
82025,33432.17
82024,36303.06
82023,40141.2
82022,37592.25
82021,53127.72
82020,70872.64
82019,83046.18
82018,30967.68
82017,33415.45
82016,27243.52
82015,331.32
82014,58876.32
82013,72354.87
82012,53519.35
82011,60109.82
82010,29406.57
82009,30181.01
82008,39035.27
82007,46051.55
82006,59670.36
82005,50892.72
82004,25286.16
82003,51296.39
82002,43071.86
82001,47579.05
82000,56252.06
81999,72401.96
81998,61365.73
81997,33746.22
81996,40045.04
81995,43358.27
81994,46967.9
81993,66457.56
81992,78939.82
81991,63948.72
81990,20073.13
81989,24462.07
81988,23981.79
81987,28508.98
81986,39682.13
81985,51935.93
81984,61741.89
81983,24081.01
81982,17392.34
81981,26680.07
81980,31404.28
81979,35579.49
81978,43881.55
81977,31785.18
81976,23191.67
