188487,38775.09
188486,53955.98
188485,35854.98
188484,14769.83
188483,17313.73
188482,15184.35
188481,13413.61
188480,1442.18
188479,35530.41
188478,24508.54
188477,14859.41
188476,15248.9
188475,15074.42
188474,20193.3
188473,25750.16
188472,44746.88
188471,20744.43
188470,28613.9
188469,15361.4
188468,17232.82
188467,20292.27
188466,21716.44
188465,49669.95
188464,23146.96
188463,12535.1
188462,13041.31
188461,13279.04
188460,15565.44
188459,26149.74
188458,46058.68
188457,29596.46
188456,15257.8
188455,18054.89
188454,16618.08
188453,19028.48
188452,25795.87
188451,42266.77
188450,16507.38
188449,17860.99
188448,16426.88
188447,22633.14
188446,31506.3
188445,47611.35
188444,84222.08
188443,56772.68
188442,39068.26
188441,19907.78
188440,24654.87
188439,17566.75
188438,34469.22
188437,60987.93
188436,44939.72
188435,19493.67
188434,18331.25
188433,18325.71
188432,18108.36
188431,41803.78
188430,70929.63
188429,24089.43
188428,23575.07
188427,17359.29
188426,19460.05
188425,33217.47
188424,48132.55
188423,72822.88
188422,50590.06
188421,26732.34
188420,32341.72
188419,38810.98
188418,27715.04
188417,39944.79
188416,70519.67
188415,42133.15
188414,16346.29
188413,20478.67
188412,25954.39
188411,25227.82
188410,42888.14
188409,73001.22
188408,50775.99
188407,24925.8
188406,24916.31
188405,31769.8
188404,34880.72
188403,52147.35
188402,79191.98
188401,-17.73
188400,25686.63
188399,13613.57
188398,17805.62
188397,23400.05
188396,32231.77
188395,48634.98
188394,34712.99
188393,410.62
188392,16473.47
188391,30146.67
188390,28039.43
188389,44636.28
188388,76865.4
188387,52793.91
188386,22608.83
188385,19669.09
188384,19888.1
188383,20830.0
188382,34932.62
188381,58322.25
188380,39544.53
188379,16066.45
188378,21054.36
188377,19557.29
188376,33785.99
188375,46389.66
188374,56399.69
188373,40430.26
188372,22770.48
188371,21499.46
188370,25169.3
188369,21691.97
188368,872.57
188367,67465.21
188366,37614.02
188365,21143.59
188364,24230.1
188363,28446.52
188362,38133.97
188361,44606.92
188360,73368.31
188359,40387.68
188358,18842.05
188357,19568.55
188356,21427.18
188355,25369.04
188354,48159.43
188353,59614.28
188352,41730.6
188351,26666.11
188350,24792.46
188349,26075.95
188348,24727.2
188347,40562.03
188346,55420.49
188345,43621.34
188344,19732.75
188343,22839.98
188342,25322.89
188341,605.91
188340,38772.32
188339,61336.07
188338,44849.15
188337,47268.55
188336,26655.48
188335,24742.62
188334,31218.37
188333,38323.49
188332,48138.33
188331,45591.04
188330,28412.8
188329,36563.44
188328,37669.72
188327,38287.44
188326,45481.72
188325,55032.5
188324,42933.1
188323,35589.36
188322,31042.85
188321,27349.34
188320,29604.02
188319,49196.04
188318,47025.36
188317,36144.26
188316,26497.26
188315,24775.68
188314,26987.77
188313,25624.43
188312,36855.46
188311,40287.48
188310,37334.51
188309,22811.58
188308,22095.21
188307,24202.84
188306,29461.78
188305,32622.41
188304,42693.9
188303,30998.31
188302,19454.35
