138691,23003.32
138690,63078.27
138689,41017.8
138688,16621.8
138687,12751.38
138686,15740.43
138685,12958.74
138684,1649.24
138683,26370.72
138682,25880.9
138681,7351.84
138680,8356.62
138679,10310.42
138678,25719.46
138677,37501.3
138676,48682.93
138675,27209.03
138674,26978.06
138673,18083.72
138672,19640.09
138671,20971.7
138670,20015.99
138669,198.74
138668,26171.13
138667,14461.71
138666,11212.01
138665,14042.45
138664,15705.03
138663,31119.91
138662,59670.88
138661,34890.95
138660,16952.36
138659,18295.29
138658,16259.54
138657,18238.84
138656,28569.42
138655,59132.4
138654,25842.65
138653,13894.54
138652,12259.95
138651,20133.05
138650,35086.48
138649,50910.49
138648,70565.38
138647,50528.49
138646,30249.51
138645,11763.81
138644,27476.07
138643,24279.42
138642,39750.78
138641,80105.61
138640,42871.25
138639,21030.79
138638,20936.77
138637,19194.49
138636,20753.68
138635,35033.33
138634,72600.84
138633,36445.28
138632,27558.75
138631,21630.42
138630,18210.39
138629,50088.85
138628,54579.13
138627,112217.02
138626,67822.63
138625,45418.86
138624,49502.94
138623,57900.13
138622,33554.09
138621,48045.49
138620,75686.86
138619,54009.97
138618,16005.67
138617,21190.61
138616,38923.55
138615,39015.14
138614,53908.12
138613,103058.22
138612,58295.26
138611,35130.58
138610,37553.03
138609,47179.36
138608,52843.92
138607,88110.01
138606,93302.83
138605,23335.28
138604,19887.04
138603,20479.52
138602,26118.35
138601,33388.23
138600,54106.83
138599,30845.18
138598,16395.61
138597,19309.13
138596,34596.67
138595,27463.43
138594,39636.28
138593,68701.27
138592,54168.57
138591,1577.11
138590,14804.31
138589,18608.39
138588,22013.96
138587,33675.63
138586,60432.44
138585,27875.83
138584,22299.22
138583,24733.01
138582,22777.18
138581,46769.95
138580,57779.6
138579,99336.42
138578,54271.89
138577,31257.06
138576,32418.87
138575,40683.08
138574,37841.74
138573,1696.23
138572,81609.76
138571,42410.94
138570,24865.64
138569,23902.36
138568,30497.24
138567,30366.28
138566,52800.17
138565,78752.92
138564,42012.15
138563,19659.98
138562,17882.02
138561,21631.74
138560,23771.72
138559,50236.43
138558,83702.42
138557,49804.96
138556,31434.0
138555,29082.78
138554,32263.57
138553,32050.14
138552,36169.27
138551,74235.69
138550,55217.77
138549,21299.43
138548,18346.2
138547,23380.24
138546,486.02
138545,46962.96
138544,65967.45
138543,47252.78
138542,45821.39
138541,26769.19
138540,29892.03
138539,36360.64
138538,40631.6
138537,49487.31
138536,50954.92
138535,26216.56
138534,50944.79
138533,47882.16
138532,41377.39
138531,49455.84
138530,66949.74
138529,47893.01
138528,34076.21
138527,36600.05
138526,37117.23
138525,43496.38
138524,55576.18
138523,59355.12
138522,36692.41
138521,21009.42
138520,25890.64
138519,28716.39
138518,31412.24
138517,43295.45
138516,37963.63
138515,40489.91
138514,26884.09
138513,19002.63
138512,23111.78
138511,26847.38
138510,34288.04
138509,41677.38
138508,26158.82
138507,21848.79
