66438,30311.71
66437,63175.87
66436,49623.25
66435,18692.35
66434,22101.42
66433,21898.8
66432,21134.02
66431,1304.6
66430,39150.54
66429,34827.42
66428,19632.66
66427,19584.84
66426,22648.74
66425,24088.69
66424,36169.14
66423,47795.54
66422,31280.83
66421,41784.97
66420,28457.75
66419,24507.17
66418,31118.59
66417,24693.49
66416,50645.24
66415,30715.21
66414,18331.01
66413,22530.94
66412,20867.81
66411,19261.28
66410,34797.26
66409,55579.24
66408,28083.85
66407,12241.68
66406,10092.91
66405,19255.87
66404,25062.85
66403,33764.12
66402,47650.95
66401,22147.42
66400,19706.23
66399,24459.75
66398,29932.96
66397,56763.18
66396,48768.56
66395,88736.44
66394,53141.29
66393,52966.7
66392,26591.14
66391,33532.19
66390,22267.31
66389,41136.74
66388,60096.11
66387,50734.82
66386,21883.55
66385,16986.05
66384,23167.75
66383,18642.37
66382,31902.58
66381,51258.89
66380,41877.06
66379,35223.39
66378,21386.61
66377,23845.66
66376,43518.88
66375,45492.14
66374,81063.1
66373,75221.42
66372,42361.09
66371,50578.6
66370,61930.82
66369,33287.3
66368,44560.05
66367,62226.58
66366,60339.17
66365,18994.32
66364,25019.84
66363,52644.32
66362,32961.93
66361,27411.18
66360,79623.72
66359,70849.71
66358,45491.88
66357,46679.96
66356,2530.71
66355,31342.59
66354,38851.77
66353,63435.6
66352,30996.06
66351,23556.42
66350,22369.39
66349,22099.79
66348,31622.89
66347,51833.69
66346,43661.66
66345,757.21
66344,22094.43
66343,40031.47
66342,38210.05
66341,47689.87
66340,68666.74
66339,56379.67
66338,28457.48
66337,1786.42
66336,494.57
66335,104.26
66334,29287.96
66333,28251.71
66332,25146.14
66331,829.12
66330,22951.55
66329,25344.77
66328,48927.97
66327,54350.76
66326,84234.47
66325,64722.98
66324,40287.96
66323,30568.73
66322,45382.75
66321,30372.41
66320,39234.95
66319,81714.01
66318,50165.81
66317,27545.01
66316,34299.68
66315,33528.16
66314,39618.47
66313,51664.57
66312,78869.88
66311,63205.99
66310,29653.53
66309,28500.12
66308,25987.36
66307,33800.5
66306,50514.21
66305,77401.43
66304,59992.67
66303,37654.46
66302,43510.36
66301,42752.06
66300,43031.28
66299,49273.01
66298,72745.54
66297,78089.04
66296,33349.71
66295,29757.5
66294,30004.59
66293,33466.03
66292,42865.62
66291,51592.04
66290,48595.06
66289,53175.3
66288,33077.01
66287,27904.98
66286,31611.95
66285,43044.13
66284,51729.58
66283,53401.57
66282,33429.94
66281,44990.16
66280,49261.83
66279,49364.95
66278,49897.44
66277,74255.92
66276,67827.65
66275,44762.44
66274,45014.16
66273,43535.83
66272,47664.02
66271,58347.43
66270,71976.01
66269,58737.44
66268,22980.92
66267,29675.78
66266,31301.64
66265,30364.45
66264,44430.75
66263,48814.84
66262,61986.05
66261,27123.9
66260,21611.77
66259,30561.33
66258,35849.37
66257,32626.31
66256,44550.87
66255,38164.41
66254,27590.84
