151909,24537.93
151908,55505.11
151907,33619.68
151906,19294.06
151905,20081.9
151904,20865.73
151903,14239.21
151902,726.28
151901,34191.54
151900,26998.9
151899,14154.52
151898,13344.32
151897,16478.0
151896,24261.8
151895,26399.32
151894,40811.88
151893,36488.5
151892,31362.98
151891,13522.39
151890,20213.12
151889,20449.37
151888,24108.89
151887,704.25
151886,15828.39
151885,17491.97
151884,12141.91
151883,18555.39
151882,17324.07
151881,20453.62
151880,46048.29
151879,33437.65
151878,16179.69
151877,15731.93
151876,15219.04
151875,23227.04
151874,25276.83
151873,45104.74
151872,31970.25
151871,15649.71
151870,17424.48
151869,18178.32
151868,33246.44
151867,42249.2
151866,59461.07
151865,38654.95
151864,43892.74
151863,21283.31
151862,26460.49
151861,22025.86
151860,31449.4
151859,60882.62
151858,46850.19
151857,17250.71
151856,14879.11
151855,17007.01
151854,14894.53
151853,28290.81
151852,49984.57
151851,32565.69
151850,23026.93
151849,20884.73
151848,17440.59
151847,32984.07
151846,37947.95
151845,71392.29
151844,54190.25
151843,26933.41
151842,32753.2
151841,49882.04
151840,29175.38
151839,37195.68
151838,56585.7
151837,49098.96
151836,15359.94
151835,18151.39
151834,31534.12
151833,26649.48
151832,39562.83
151831,71462.59
151830,46609.25
151829,24304.08
151828,32220.93
151827,36090.55
151826,29309.89
151825,49991.41
151824,71464.07
151823,18876.63
151822,22068.68
151821,21122.73
151820,21948.16
151819,29920.38
151818,42741.65
151817,37292.49
151816,16479.58
151815,18132.79
151814,30190.03
151813,28867.85
151812,41641.78
151811,69826.06
151810,60682.11
151809,2230.65
151808,19226.15
151807,21765.79
151806,20547.87
151805,31105.28
151804,52437.32
151803,39059.05
151802,21691.49
151801,24931.1
151800,18459.51
151799,31164.34
151798,41434.76
151797,70946.64
151796,50708.35
151795,27724.67
151794,26141.0
151793,28759.58
151792,29543.1
151791,3153.3
151790,66319.45
151789,38336.87
151788,23279.03
151787,24341.46
151786,29223.68
151785,38140.17
151784,43437.96
151783,78794.46
151782,49182.65
151781,22507.28
151780,18556.49
151779,19143.41
151778,21894.84
151777,43563.91
151776,67236.22
151775,54639.89
151774,29871.58
151773,29978.04
151772,30231.48
151771,30919.22
151770,40296.78
151769,59129.45
151768,51696.69
151767,27570.17
151766,27386.24
151765,24924.86
151764,699.31
151763,51640.03
151762,66741.32
151761,58556.64
151760,65316.51
151759,24802.39
151758,23824.31
151757,27055.13
151756,34543.95
151755,53680.42
151754,43183.44
151753,21546.52
151752,32511.55
151751,34505.89
151750,34485.03
151749,38971.51
151748,68018.24
151747,53195.94
151746,30306.25
151745,33473.66
151744,35065.8
151743,38877.17
151742,54056.6
151741,75229.16
151740,59997.82
151739,29303.62
151738,28850.34
151737,29015.37
151736,26357.95
151735,38466.19
151734,47877.56
151733,46311.39
151732,25656.87
151731,19455.86
151730,24964.42
151729,24908.8
151728,34450.6
151727,50730.08
151726,41279.77
151725,44486.86
