167256,19003.65
167255,28605.17
167254,19918.14
167253,9516.79
167252,8420.29
167251,8354.27
167250,10974.79
167249,132.1
167248,19308.31
167247,10776.78
167246,5218.16
167245,7043.17
167244,9224.38
167243,12751.39
167242,17120.89
167241,26866.74
167240,12003.27
167239,18051.92
167238,11352.38
167237,9109.07
167236,8954.38
167235,1998.36
167234,12789.94
167233,15285.57
167232,8469.31
167231,8281.42
167230,8313.99
167229,11797.59
167228,18222.81
167227,29095.19
167226,16259.0
167225,7654.17
167224,9759.33
167223,10110.66
167222,16211.61
167221,17468.19
167220,32796.83
167219,13888.43
167218,8538.93
167217,10095.28
167216,17674.03
167215,23893.25
167214,28690.12
167213,50706.46
167212,26024.07
167211,11647.33
167210,15449.19
167209,12565.55
167208,12114.57
167207,19357.21
167206,33723.73
167205,18274.79
167204,8268.25
167203,9526.87
167202,11490.56
167201,10367.03
167200,19268.26
167199,35824.29
167198,15823.55
167197,15630.05
167196,12094.27
167195,9110.66
167194,23709.09
167193,28375.07
167192,51415.97
167191,29053.66
167190,19542.94
167189,24597.76
167188,30643.57
167187,17844.79
167186,27242.05
167185,42390.0
167184,30332.13
167183,14370.93
167182,15095.15
167181,24202.07
167180,25513.23
167179,31008.82
167178,53477.21
167177,27667.92
167176,16975.53
167175,20273.01
167174,23046.49
167173,19437.42
167172,42303.74
167171,49000.26
167170,13553.22
167169,12452.36
167168,12413.75
167167,12074.14
167166,20202.6
167165,32829.58
167164,16251.21
167163,9759.78
167162,18830.82
167161,16628.17
167160,26652.45
167159,38326.9
167158,25823.6
167157,7148.78
167156,17059.7
167155,23896.83
167154,19460.93
167153,36.97
167152,9102.2
167151,10450.38
167150,22620.56
167149,25344.73
167148,36303.67
167147,25875.58
167146,16352.66
167145,16028.34
167144,22288.86
167143,17433.35
167142,30894.97
167141,40694.51
167140,23727.86
167139,12084.23
167138,15425.31
167137,17387.35
167136,22119.77
167135,30449.99
167134,46712.99
167133,25517.43
167132,10726.38
167131,11560.0
167130,8867.38
167129,12891.44
167128,29688.02
167127,41380.81
167126,24847.84
167125,15718.59
167124,15409.96
167123,18558.2
167122,14881.9
167121,23443.21
167120,48147.87
167119,28289.99
167118,11213.94
167117,9712.94
167116,12765.37
167115,22597.96
167114,22693.33
167113,29952.04
167112,23371.24
167111,29180.63
167110,11818.86
167109,12258.63
167108,15009.81
167107,24924.94
167106,32106.63
167105,22794.33
167104,11195.04
167103,16675.58
167102,16603.76
167101,24401.33
167100,23864.93
167099,40907.44
167098,21455.01
167097,16696.24
167096,17568.89
167095,17207.05
167094,24348.85
167093,29523.76
167092,38111.55
167091,23317.96
167090,10865.82
167089,11645.93
167088,9942.99
167087,13392.29
167086,19725.89
167085,26822.93
167084,25343.76
167083,9694.47
167082,7410.39
167081,13702.37
167080,15036.04
167079,19284.09
167078,25586.74
167077,18908.1
167076,16801.06
