83118,29460.8
83117,50750.11
83116,40554.08
83115,12612.23
83114,14035.05
83113,15268.43
83112,16316.82
83111,406.87
83110,35044.17
83109,29062.22
83108,12565.73
83107,13798.8
83106,9960.46
83105,18152.92
83104,20985.33
83103,42969.17
83102,28673.12
83101,30026.55
83100,16555.23
83099,16817.4
83098,15249.36
83097,18545.91
83096,38441.4
83095,26678.06
83094,12716.48
83093,9782.8
83092,12806.53
83091,13597.34
83090,22041.7
83089,50701.21
83088,25641.32
83087,13735.09
83086,18603.27
83085,20622.88
83084,20877.65
83083,24264.64
83082,47755.29
83081,23297.97
83080,14933.92
83079,18686.73
83078,20258.87
83077,38129.09
83076,45500.69
83075,80200.27
83074,42160.12
83073,37254.02
83072,23398.66
83071,26640.5
83070,21776.15
83069,32400.28
83068,58852.05
83067,43669.21
83066,15473.07
83065,17070.36
83064,15087.81
83063,17553.46
83062,24647.21
83061,49294.97
83060,30674.53
83059,23747.9
83058,19062.18
83057,19968.74
83056,38026.43
83055,40236.05
83054,69913.0
83053,49144.75
83052,26663.16
83051,26356.95
83050,37392.2
83049,24494.84
83048,32979.3
83047,62330.85
83046,42972.66
83045,24702.76
83044,26758.56
83043,33452.7
83042,37280.84
83041,44286.62
83040,57707.89
83039,41272.57
83038,21367.73
83037,27222.71
83036,32551.17
83035,30492.1
83034,55255.97
83033,72667.77
83032,19984.06
83031,19163.33
83030,18253.24
83029,26621.87
83028,24914.9
83027,45614.37
83026,37452.72
83025,16119.77
83024,18506.66
83023,30699.08
83022,29606.89
83021,42328.22
83020,64111.66
83019,43403.1
83018,933.62
83017,17334.37
83016,17428.86
83015,22468.92
83014,27817.21
83013,41174.3
83012,28961.06
83011,15932.78
83010,18833.72
83009,19407.03
83008,30322.29
83007,40402.05
83006,56380.68
83005,43771.83
83004,21399.65
83003,23881.48
83002,31132.06
83001,29456.04
83000,837.75
82999,77339.08
82998,41547.37
82997,19313.2
82996,24494.06
82995,27103.11
82994,35682.36
82993,54036.32
82992,73577.91
82991,45389.91
82990,20429.06
82989,22070.64
82988,22325.38
82987,27216.47
82986,44701.61
82985,60935.71
82984,51326.13
82983,28689.69
82982,30583.51
82981,31372.97
82980,26182.05
82979,42697.74
82978,62367.59
82977,54663.11
82976,25013.33
82975,20225.7
82974,24175.02
82973,307.59
82972,35931.19
82971,61503.28
82970,46845.75
82969,59559.71
82968,22927.25
82967,26550.1
82966,27362.68
82965,33897.7
82964,52494.9
82963,42216.6
82962,24212.52
82961,31967.44
82960,31585.75
82959,31762.22
82958,36723.53
82957,58728.49
82956,46101.02
82955,25274.03
82954,30357.37
82953,28526.56
82952,32144.77
82951,47668.16
82950,70836.46
82949,50617.25
82948,21026.92
82947,16288.64
82946,20139.61
82945,26281.07
82944,34044.2
82943,43682.34
82942,47357.43
82941,22261.43
82940,17829.29
82939,24532.44
82938,25179.06
82937,34444.97
82936,41426.13
82935,32317.21
82934,29521.82
