64088,33486.15
64087,57165.57
64086,50634.81
64085,19097.13
64084,18701.75
64083,20602.29
64082,18029.24
64081,1261.96
64080,43336.25
64079,29544.79
64078,13828.72
64077,14958.96
64076,16132.68
64075,35832.98
64074,37013.67
64073,56788.72
64072,43166.45
64071,41489.09
64070,21756.61
64069,25432.56
64068,29952.45
64067,31007.02
64066,11914.12
64065,34482.67
64064,18643.53
64063,16587.65
64062,18115.47
64061,15972.54
64060,34114.19
64059,53390.01
64058,39588.57
64057,22249.15
64056,16653.95
64055,16947.05
64054,33871.77
64053,11148.12
64052,51680.37
64051,31761.66
64050,8254.21
64049,19835.15
64048,21483.19
64047,45633.57
64046,64752.6
64045,92100.67
64044,53620.05
64043,44585.31
64042,24663.09
64041,36814.46
64040,28846.5
64039,45600.6
64038,71885.3
64037,57903.1
64036,22469.97
64035,17333.06
64034,22165.06
64033,20202.62
64032,36734.94
64031,58879.13
64030,39720.59
64029,28105.38
64028,18712.14
64027,18156.24
64026,51431.26
64025,44915.37
64024,90310.34
64023,70705.57
64022,41789.1
64021,46114.15
64020,68065.54
64019,31671.53
64018,45483.54
64017,72066.65
64016,52382.9
64015,17965.62
64014,22470.28
64013,42181.03
64012,40554.06
64011,51278.32
64010,87633.69
64009,63822.46
64008,34011.68
64007,42481.16
64006,56164.9
64005,42157.81
64004,75593.63
64003,93462.86
64002,22958.29
64001,22416.76
64000,27715.29
63999,29852.72
63998,36060.72
63997,61736.77
63996,45018.9
63995,1640.15
63994,21377.82
63993,34896.15
63992,24151.75
63991,48036.31
63990,79823.53
63989,60651.2
63988,19673.03
63987,1535.8
63986,1027.67
63985,459.23
63984,36205.25
63983,56572.47
63982,46097.76
63981,1545.89
63980,25193.8
63979,22482.39
63978,56110.59
63977,60110.73
63976,88820.54
63975,69621.9
63974,38252.08
63973,36886.06
63972,50655.99
63971,34730.68
63970,53195.78
63969,84315.13
63968,49520.77
63967,27072.81
63966,29321.47
63965,32042.22
63964,48217.69
63963,65487.3
63962,97730.89
63961,59382.89
63960,22144.95
63959,23078.92
63958,25306.32
63957,29577.76
63956,57462.59
63955,84608.07
63954,66308.5
63953,42029.98
63952,41464.78
63951,47755.88
63950,43918.05
63949,58784.7
63948,71170.93
63947,79777.34
63946,25678.95
63945,27775.63
63944,33382.54
63943,52344.84
63942,66831.41
63941,82529.04
63940,66349.12
63939,81539.51
63938,27223.35
63937,31879.42
63936,38173.86
63935,45058.64
63934,59496.8
63933,55952.2
63932,25971.98
63931,41080.62
63930,49751.24
63929,51022.62
63928,56009.46
63927,84720.46
63926,60822.96
63925,45260.6
63924,46987.91
63923,45579.34
63922,60855.82
63921,71569.2
63920,81931.47
63919,62934.15
63918,29969.5
63917,29751.79
63916,34496.62
63915,36995.96
63914,50685.96
63913,50593.76
63912,59013.41
63911,28463.82
63910,20948.14
63909,27488.23
63908,35997.64
63907,40105.19
63906,52225.73
63905,35691.8
63904,32084.26
