142516,16716.02
142515,27917.75
142514,24120.58
142513,7866.27
142512,11198.19
142511,10461.01
142510,10895.34
142509,27.08
142508,19541.02
142507,12815.69
142506,8506.44
142505,8852.91
142504,6342.78
142503,11410.54
142502,14205.0
142501,24489.67
142500,12798.35
142499,16413.76
142498,9120.36
142497,9668.93
142496,10939.93
142495,9030.98
142494,21771.24
142493,14634.82
142492,9201.29
142491,9297.99
142490,9854.96
142489,8290.71
142488,14348.95
142487,24870.49
142486,16480.96
142485,9583.64
142484,9036.58
142483,7380.5
142482,13059.07
142481,18297.24
142480,27969.89
142479,15344.17
142478,11827.76
142477,10347.25
142476,16251.9
142475,27283.36
142474,32626.84
142473,48167.97
142472,25497.26
142471,17551.7
142470,12155.88
142469,13826.23
142468,12701.75
142467,20611.64
142466,30396.45
142465,16490.57
142464,9849.81
142463,10500.39
142462,12222.6
142461,10702.56
142460,18281.77
142459,33989.22
142458,13705.71
142457,15839.88
142456,12219.3
142455,13294.44
142454,20844.52
142453,26735.64
142452,47926.18
142451,30157.48
142450,19548.25
142449,20354.21
142448,26913.47
142447,19429.49
142446,27186.62
142445,38094.35
142444,27341.26
142443,17985.9
142442,16061.53
142441,24392.24
142440,20637.43
142439,30200.51
142438,47680.81
142437,26934.9
142436,17896.16
142435,18965.95
142434,21461.22
142433,31192.48
142432,40940.65
142431,61673.63
142430,11614.18
142429,10372.92
142428,14455.15
142427,16030.76
142426,17402.8
142425,30317.51
142424,16697.35
142423,909.43
142422,12555.14
142421,19699.24
142420,20936.55
142419,34091.05
142418,38361.49
142417,23804.19
142416,8661.13
142415,277.19
142414,597.46
142413,81.14
142412,13906.15
142411,23871.12
142410,17909.11
142409,868.32
142408,11773.36
142407,12169.55
142406,21972.27
142405,20435.58
142404,32041.53
142403,19696.22
142402,15292.66
142401,17952.1
142400,18764.27
142399,16220.23
142398,27039.51
142397,40982.64
142396,21957.47
142395,14902.2
142394,19454.66
142393,18531.31
142392,21772.07
142391,32556.59
142390,52344.23
142389,24945.67
142388,12938.45
142387,12755.87
142386,14693.36
142385,18190.0
142384,26835.14
142383,36035.22
142382,25372.32
142381,12974.8
142380,14405.32
142379,16326.13
142378,16390.62
142377,24583.12
142376,34980.65
142375,27623.48
142374,15792.03
142373,16710.5
142372,19215.1
142371,18840.34
142370,24221.62
142369,29113.37
142368,21056.88
142367,26545.25
142366,14975.72
142365,13583.62
142364,18032.81
142363,24751.6
142362,27964.08
142361,16867.41
142360,11930.54
142359,21098.75
142358,20215.44
142357,22385.14
142356,25597.94
142355,34885.53
142354,19133.65
142353,19167.41
142352,17551.45
142351,15682.01
142350,19517.67
142349,29673.12
142348,38629.33
142347,19569.62
142346,10822.05
142345,15257.27
142344,13452.3
142343,18513.45
142342,23168.23
142341,27220.6
142340,22331.52
142339,11811.47
142338,9077.97
142337,10307.71
142336,15565.17
142335,22333.7
142334,25679.58
142333,13827.33
142332,13843.53
