217940,13152.44
217939,22849.76
217938,23645.72
217937,8975.9
217936,6074.76
217935,9744.31
217934,11426.72
217933,477.21
217932,15706.0
217931,13216.02
217930,5357.18
217929,7026.38
217928,6892.41
217927,11763.5
217926,14517.36
217925,14798.31
217924,16146.5
217923,15310.37
217922,10726.18
217921,12874.74
217920,11303.87
217919,12233.63
217918,11293.88
217917,14300.1
217916,7686.01
217915,8859.75
217914,11413.76
217913,9177.16
217912,13343.94
217911,24710.16
217910,15260.48
217909,10233.76
217908,10997.67
217907,13739.84
217906,11934.39
217905,4747.49
217904,21417.19
217903,15039.79
217902,3785.27
217901,8067.26
217900,11525.65
217899,23146.42
217898,23914.12
217897,37743.54
217896,16566.43
217895,19912.95
217894,12745.66
217893,18693.02
217892,13260.89
217891,16844.66
217890,23200.78
217889,20667.64
217888,10177.19
217887,10107.01
217886,7667.24
217885,12093.63
217884,16553.51
217883,24986.43
217882,15970.31
217881,12600.23
217880,8765.58
217879,11716.06
217878,22931.34
217877,22563.09
217876,32954.62
217875,32711.91
217874,17133.87
217873,23395.84
217872,27388.54
217871,17673.63
217870,22615.27
217869,27332.06
217868,23939.97
217867,9472.54
217866,10340.96
217865,20091.68
217864,17862.2
217863,24362.12
217862,33451.06
217861,23391.76
217860,12121.99
217859,16680.09
217858,20660.8
217857,20639.88
217856,27960.64
217855,41750.1
217854,10090.97
217853,12298.52
217852,11458.2
217851,14697.99
217850,17500.67
217849,27985.17
217848,15692.4
217847,4052.57
217846,8928.36
217845,16793.71
217844,15623.68
217843,27097.53
217842,37613.07
217841,27825.93
217840,1035.42
217839,9637.93
217838,14626.93
217837,17196.98
217836,19470.89
217835,20175.57
217834,19995.26
217833,13078.19
217832,11564.3
217831,11029.57
217830,22341.26
217829,24285.09
217828,32092.93
217827,24879.92
217826,16985.69
217825,15564.73
217824,16292.87
217823,14841.97
217822,694.2
217821,30381.57
217820,20710.99
217819,10694.36
217818,16111.85
217817,15163.92
217816,23594.37
217815,26411.64
217814,40330.49
217813,22549.3
217812,10147.33
217811,13029.75
217810,15641.86
217809,15923.26
217808,29243.33
217807,30379.6
217806,23087.64
217805,19258.91
217804,15895.42
217803,19106.9
217802,20569.69
217801,23897.89
217800,27679.62
217799,27868.07
217798,15352.06
217797,14248.47
217796,15138.08
217795,25611.06
217794,27985.15
217793,31913.29
217792,21961.01
217791,31632.98
217790,16170.94
217789,12153.12
217788,19500.66
217787,22346.19
217786,24117.22
217785,25259.52
217784,14626.08
217783,21520.27
217782,18295.71
217781,19181.45
217780,22470.05
217779,29597.63
217778,23348.79
217777,18388.98
217776,15695.61
217775,18187.2
217774,22443.37
217773,31008.81
217772,31328.78
217771,21939.22
217770,12730.38
217769,14834.9
217768,14806.41
217767,16602.13
217766,23549.24
217765,19453.36
217764,24752.49
217763,14512.92
217762,7780.07
217761,16240.38
217760,18329.79
217759,17077.66
217758,22181.09
217757,12733.33
217756,11354.22
