121081,37311.77
121080,76523.61
121079,70436.36
121078,23468.8
121077,22793.23
121076,25574.5
121075,24421.02
121074,1732.85
121073,60627.52
121072,47411.52
121071,23289.66
121070,22706.09
121069,26841.91
121068,26495.06
121067,33160.29
121066,65706.3
121065,50333.86
121064,43026.66
121063,25967.92
121062,28165.98
121061,24529.35
121060,24910.53
121059,65568.13
121058,56248.37
121057,20200.6
121056,24586.06
121055,23721.29
121054,23458.56
121053,35366.66
121052,71414.43
121051,51646.08
121050,24947.09
121049,24045.31
121048,33963.2
121047,31145.77
121046,36103.54
121045,69000.46
121044,40098.79
121043,23756.04
121042,24160.47
121041,31054.54
121040,53251.11
121039,60850.54
121038,103373.06
121037,62214.38
121036,51195.57
121035,30408.5
121034,42429.31
121033,28463.17
121032,41684.92
121031,82134.69
121030,64716.53
121029,24151.11
121028,32504.29
121027,23812.57
121026,24696.71
121025,38767.71
121024,74273.7
121023,46016.13
121022,38132.85
121021,25199.71
121020,26885.93
121019,43631.18
121018,55007.68
121017,103224.01
121016,88881.58
121015,46322.49
121014,45329.58
121013,71581.18
121012,40085.38
121011,47139.89
121010,77783.07
121009,81545.77
121008,29140.27
121007,38100.13
121006,44514.73
121005,47421.93
121004,55061.76
121003,117148.33
121002,95208.12
121001,47411.11
121000,48770.02
120999,58087.77
120998,43297.55
120997,76237.59
120996,117568.63
120995,34947.48
120994,31872.83
120993,33484.57
120992,33839.07
120991,47482.68
120990,77424.72
120989,73605.53
120988,21448.3
120987,28025.63
120986,37563.86
120985,42355.12
120984,55652.36
120983,100086.88
120982,100909.4
120981,2435.54
120980,33158.54
120979,31913.53
120978,36488.43
120977,44555.6
120976,71866.6
120975,67630.49
120974,35936.91
120973,34094.28
120972,32785.53
120971,48252.42
120970,58354.8
120969,92042.14
120968,78843.02
120967,39471.65
120966,42956.3
120965,44204.92
120964,38941.51
120963,2046.81
120962,94609.44
120961,72315.99
120960,41153.44
120959,38578.51
120958,48985.02
120957,57538.83
120956,73427.14
120955,117040.35
120954,80941.36
120953,30337.61
120952,32589.64
120951,30450.33
120950,34630.05
120949,61192.99
120948,95691.04
120947,88876.58
120946,39120.07
120945,40295.19
120944,47383.97
120943,41632.92
120942,60719.21
120941,90556.65
120940,99053.79
120939,42765.33
120938,43723.93
120937,43780.03
120936,958.16
120935,61820.22
120934,101007.29
120933,70433.03
120932,88883.96
120931,37292.55
120930,41475.27
120929,47385.42
120928,54134.39
120927,85680.67
120926,80969.88
120925,36880.66
120924,55329.32
120923,57605.62
120922,54511.74
120921,70990.28
120920,106518.79
120919,89934.11
120918,55017.29
120917,63465.91
120916,59091.9
120915,71755.76
120914,79324.93
120913,108163.86
120912,92238.96
120911,43568.82
120910,36683.7
120909,35675.34
120908,39792.14
120907,60379.03
120906,71101.93
120905,84830.3
120904,42382.83
120903,31775.5
120902,40350.5
120901,46490.21
120900,50893.45
120899,66412.76
120898,54380.1
120897,39009.49
