130833,27601.27
130832,39414.8
130831,21482.09
130830,9966.03
130829,9261.07
130828,12271.67
130827,12749.52
130826,695.56
130825,21240.96
130824,13846.39
130823,8198.18
130822,10345.8
130821,7486.93
130820,21645.77
130819,20106.39
130818,30915.84
130817,13157.41
130816,24948.86
130815,15329.87
130814,12028.22
130813,16629.36
130812,15787.01
130811,35063.31
130810,11092.5
130809,8928.01
130808,9664.2
130807,9752.96
130806,12860.01
130805,18376.11
130804,24616.77
130803,16850.02
130802,13199.77
130801,18759.24
130800,14835.83
130799,15872.36
130798,21072.59
130797,34951.86
130796,13146.22
130795,13076.36
130794,15375.05
130793,15826.65
130792,39500.15
130791,39783.31
130790,61581.1
130789,19420.39
130788,35896.49
130787,18839.45
130786,24007.37
130785,12327.67
130784,29736.31
130783,47913.66
130782,17762.27
130781,11741.85
130780,14981.55
130779,13148.29
130778,12678.02
130777,21617.56
130776,39312.59
130775,18940.97
130774,18286.25
130773,15443.07
130772,14301.78
130771,43788.47
130770,41755.73
130769,65586.67
130768,28853.69
130767,29358.77
130766,36193.7
130765,50075.2
130764,22547.88
130763,25180.98
130762,40922.14
130761,23221.32
130760,12245.46
130759,14467.12
130758,30738.85
130757,25157.14
130756,36216.72
130755,55597.48
130754,31359.79
130753,24567.63
130752,23703.56
130751,35947.62
130750,32356.3
130749,44719.44
130748,61647.18
130747,14262.64
130746,15259.55
130745,10713.78
130744,18280.13
130743,21123.58
130742,33678.46
130741,18706.68
130740,11805.78
130739,13763.47
130738,29382.02
130737,27573.76
130736,31426.68
130735,52926.5
130734,27797.61
130733,886.22
130732,16063.61
130731,12851.33
130730,17381.17
130729,20600.94
130728,37151.69
130727,19125.59
130726,15564.04
130725,12183.53
130724,16055.67
130723,28959.93
130722,35035.87
130721,53924.44
130720,24835.92
130719,18850.69
130718,24110.91
130717,22761.23
130716,23145.65
130715,996.56
130714,53384.08
130713,16584.73
130712,16584.29
130711,18440.54
130710,18741.08
130709,31916.96
130708,34679.51
130707,59966.96
130706,25093.59
130705,15199.11
130704,17942.61
130703,16419.64
130702,13908.56
130701,33892.5
130700,44696.98
130699,23277.98
130698,23602.75
130697,26594.89
130696,25974.57
130695,24281.98
130694,31098.57
130693,49253.94
130692,33937.96
130691,15090.29
130690,15048.99
130689,19190.25
130688,468.61
130687,27420.62
130686,37012.01
130685,21266.05
130684,43464.43
130683,19724.53
130682,17749.0
130681,26946.99
130680,29143.9
130679,40277.16
130678,21999.0
130677,20273.76
130676,35652.04
130675,29176.33
130674,32594.59
130673,34695.45
130672,55484.08
130671,23851.74
130670,27525.37
130669,27447.32
130668,26251.44
130667,32887.51
130666,43888.57
130665,49446.01
130664,27808.12
130663,16327.99
130662,19698.45
130661,18891.84
130660,14322.24
130659,33077.71
130658,28975.97
130657,23576.61
130656,18594.46
130655,10915.34
130654,16096.11
130653,18987.13
130652,23457.97
130651,29447.43
130650,17098.76
130649,16533.9
