193477,21147.0
193476,30701.18
193475,26628.75
193474,7556.19
193473,8470.55
193472,9354.11
193471,10155.98
193470,706.7
193469,20339.74
193468,10205.75
193467,6450.29
193466,5486.78
193465,7530.64
193464,12237.98
193463,14713.39
193462,21527.81
193461,14529.69
193460,16245.92
193459,10846.61
193458,6906.66
193457,12101.02
193456,6748.48
193455,13876.02
193454,20458.0
193453,8034.73
193452,8007.72
193451,8072.56
193450,4744.26
193449,13926.61
193448,22047.33
193447,18653.6
193446,12306.3
193445,9346.85
193444,13203.33
193443,12524.54
193442,14951.61
193441,22073.27
193440,17295.55
193439,5757.18
193438,7601.57
193437,13063.05
193436,22671.98
193435,29838.85
193434,44079.05
193433,19564.33
193432,14809.48
193431,11934.34
193430,13928.68
193429,10488.95
193428,21062.08
193427,29921.28
193426,20659.54
193425,7710.56
193424,11141.18
193423,9176.49
193422,7934.5
193421,18143.7
193420,23237.82
193419,18001.33
193418,17309.85
193417,11916.51
193416,9373.12
193415,18985.42
193414,32254.87
193413,33456.8
193412,31581.26
193411,17215.56
193410,19520.57
193409,27284.15
193408,16175.12
193407,24732.62
193406,30993.97
193405,22537.72
193404,8315.75
193403,11043.92
193402,25711.26
193401,20260.16
193400,24876.0
193399,38386.47
193398,28127.43
193397,18257.26
193396,20490.56
193395,28544.26
193394,21268.44
193393,36440.66
193392,55828.77
193391,10497.25
193390,12521.59
193389,12982.51
193388,12652.79
193387,19046.07
193386,28991.33
193385,24686.35
193384,10127.78
193383,12083.1
193382,17385.45
193381,17592.13
193380,25642.27
193379,35830.12
193378,25515.88
193377,1544.81
193376,8168.79
193375,11600.38
193374,12460.46
193373,18339.41
193372,25981.67
193371,23855.58
193370,13322.2
193369,13019.43
193368,13934.29
193367,21035.36
193366,26220.49
193365,39310.2
193364,25108.48
193363,15693.21
193362,16109.4
193361,20931.71
193360,21919.41
193359,1909.9
193358,36663.06
193357,24776.09
193356,14866.15
193355,15543.13
193354,15626.51
193353,23325.55
193352,30035.46
193351,42676.33
193350,29849.68
193349,11708.12
193348,11140.67
193347,15339.04
193346,10005.77
193345,28379.51
193344,35669.76
193343,29301.4
193342,12660.03
193341,17369.15
193340,16421.12
193339,18390.6
193338,22327.96
193337,35207.75
193336,32722.0
193335,12852.45
193334,12599.08
193333,15023.43
193332,76.45
193331,25746.23
193330,33180.55
193329,28076.98
193328,25836.87
193327,13307.93
193326,12463.51
193325,18198.9
193324,21916.59
193323,26254.45
193322,24448.08
193321,12537.72
193320,22561.21
193319,20470.69
193318,20521.72
193317,31270.08
193316,33313.44
193315,27856.72
193314,16831.25
193313,17645.21
193312,17757.45
193311,21967.63
193310,27357.37
193309,38093.83
193308,28361.74
193307,10049.75
193306,14488.96
193305,13560.03
193304,15219.7
193303,22628.41
193302,24966.37
193301,28345.78
193300,11365.13
193299,9913.49
193298,12301.61
193297,14463.44
193296,21502.58
193295,19024.15
193294,16430.59
193293,17243.19
