54289,27707.7
54288,43464.97
54287,34795.74
54286,17070.04
54285,17702.05
54284,15085.56
54283,16372.58
54282,807.2
54281,27270.85
54280,19882.92
54279,17576.36
54278,15253.18
54277,15271.77
54276,29407.77
54275,24887.82
54274,44068.47
54273,28708.08
54272,29077.96
54271,15069.56
54270,17336.61
54269,19164.1
54268,20181.57
54267,38459.76
54266,36200.12
54265,13395.39
54264,15831.32
54263,18278.34
54262,15644.62
54261,28541.5
54260,40782.71
54259,26092.45
54258,14003.55
54257,14606.74
54256,21562.71
54255,21160.38
54254,27812.99
54253,37734.04
54252,22308.44
54251,15008.49
54250,15494.15
54249,15116.08
54248,37800.79
54247,42564.47
54246,70140.09
54245,23204.42
54244,41524.13
54243,28234.34
54242,33495.29
54241,18734.29
54240,32065.21
54239,49003.53
54238,40359.37
54237,20844.64
54236,17631.23
54235,13594.51
54234,16894.19
54233,27950.64
54232,42236.17
54231,25544.95
54230,27810.17
54229,18841.09
54228,14487.54
54227,40439.46
54226,46273.84
54225,72608.39
54224,55071.26
54223,32789.86
54222,41342.65
54221,54747.78
54220,26608.18
54219,34298.06
54218,55342.0
54217,44434.96
54216,22379.49
54215,24696.43
54214,45734.08
54213,34410.82
54212,41733.04
54211,68085.49
54210,39510.52
54209,34364.93
54208,36745.98
54207,44433.93
54206,36018.4
54205,47018.97
54204,63080.24
54203,-26.49
54202,21144.16
54201,20652.89
54200,21238.56
54199,24756.93
54198,30704.36
54197,42901.12
54196,33056.51
54195,17360.61
54194,17996.41
54193,31537.03
54192,33483.15
54191,35720.07
54190,56923.29
54189,40854.1
54188,135.88
54187,17569.59
54186,23172.13
54185,31932.12
54184,39303.3
54183,40734.89
54182,33179.29
54181,24074.88
54180,23869.18
54179,23019.35
54178,48346.3
54177,47671.54
54176,62111.48
54175,47839.96
54174,41408.07
54173,26365.44
54172,36173.02
54171,38164.51
54170,69718.58
54169,36879.39
54168,19931.7
54167,32442.38
54166,29354.82
54165,39363.19
54164,48576.45
54163,73069.38
54162,42075.09
54161,21883.74
54160,29013.27
54159,19968.37
54158,25931.69
54157,53474.9
54156,59454.16
54155,41170.35
54154,29223.37
54153,28500.38
54152,39290.02
54151,34126.5
54150,43487.58
54149,47043.08
54148,47454.41
54147,27843.84
54146,31008.71
54145,29908.77
54144,77.89
54143,46216.65
54142,52272.54
54141,43697.19
54140,43091.85
54139,26960.12
54138,27778.22
54137,33669.76
54136,36829.2
54135,43116.64
54134,32056.84
54133,25279.38
54132,42476.17
54131,42647.43
54130,43759.46
54129,49464.05
54128,70991.25
54127,50083.73
54126,32657.52
54125,38342.09
54124,43229.09
54123,39371.04
54122,53003.27
54121,65330.74
54120,43417.17
54119,24385.78
54118,24179.95
54117,25749.25
54116,26007.03
54115,40003.3
54114,35757.49
54113,41268.63
54112,25118.22
54111,16540.17
54110,29585.27
54109,28877.06
54108,30091.54
54107,34728.33
54106,23357.88
54105,26230.89
