179129,12055.82
179128,23363.43
179127,16254.07
179126,8000.49
179125,8108.65
179124,7759.87
179123,8417.0
179122,350.14
179121,18536.35
179120,10816.75
179119,7607.78
179118,6301.62
179117,7634.35
179116,10276.31
179115,14024.21
179114,24211.03
179113,12918.0
179112,13229.66
179111,8335.41
179110,8080.53
179109,7117.52
179108,11870.23
179107,20216.59
179106,16394.01
179105,7047.76
179104,6760.41
179103,5990.36
179102,8069.21
179101,11001.38
179100,16663.44
179099,13695.89
179098,10174.94
179097,9301.91
179096,8711.47
179095,9201.62
179094,14722.54
179093,20911.74
179092,14053.71
179091,8751.15
179090,7730.84
179089,10918.41
179088,18009.12
179087,24722.86
179086,27540.17
179085,20161.89
179084,18432.84
179083,8459.09
179082,12302.53
179081,10444.02
179080,16427.29
179079,27181.98
179078,18827.36
179077,10073.55
179076,9943.93
179075,7654.43
179074,6825.14
179073,13388.03
179072,27801.58
179071,16022.11
179070,12813.51
179069,9952.84
179068,9200.08
179067,16907.16
179066,23068.86
179065,36725.94
179064,24327.49
179063,14701.13
179062,16333.62
179061,20746.52
179060,14227.06
179059,20658.78
179058,28065.16
179057,18333.69
179056,10433.77
179055,12534.35
179054,18182.2
179053,16523.6
179052,18788.26
179051,35625.5
179050,26997.12
179049,17388.52
179048,16862.06
179047,19704.41
179046,17123.64
179045,26635.65
179044,37007.06
179043,11121.44
179042,11382.64
179041,9183.73
179040,13394.65
179039,17213.46
179038,23810.07
179037,15973.46
179036,829.02
179035,8578.98
179034,16511.2
179033,14514.26
179032,17133.92
179031,32874.85
179030,24237.66
179029,10761.13
179028,491.04
179027,437.35
179026,87.98
179025,13619.96
179024,26703.46
179023,18843.19
179022,900.72
179021,10157.91
179020,9804.33
179019,23290.45
179018,21866.9
179017,36780.9
179016,21622.55
179015,17782.81
179014,12875.38
179013,14423.95
179012,15162.67
179011,22704.94
179010,31583.78
179009,16666.2
179008,12810.99
179007,15500.39
179006,12748.66
179005,19334.83
179004,22362.6
179003,36869.83
179002,20087.15
179001,11773.72
179000,11575.66
178999,10439.7
178998,12595.07
178997,23697.82
178996,34454.38
178995,24825.92
178994,16039.2
178993,17446.0
178992,17416.32
178991,16227.99
178990,21159.19
178989,35189.05
178988,28090.68
178987,15108.87
178986,12047.53
178985,17063.18
178984,20530.75
178983,27563.23
178982,34169.8
178981,26680.67
178980,25307.67
178979,15751.61
178978,13229.73
178977,18276.64
178976,24983.9
178975,26335.03
178974,21546.02
178973,11735.67
178972,21097.44
178971,19891.69
178970,19808.47
178969,18972.61
178968,28774.61
178967,23815.13
178966,13765.71
178965,19078.54
178964,16114.35
178963,22207.5
178962,25036.22
178961,32130.58
178960,22806.07
178959,13646.8
178958,12661.67
178957,15766.09
178956,20480.39
178955,25286.01
178954,20588.46
178953,18748.03
178952,13818.45
178951,11595.19
178950,12363.51
178949,18024.3
178948,18884.17
178947,23867.59
178946,15409.37
178945,13554.42
