39706,34218.7
39705,70806.39
39704,75050.15
39703,19854.86
39702,26847.66
39701,26268.52
39700,26123.24
39699,1816.97
39698,48622.22
39697,38125.97
39696,19565.03
39695,23030.1
39694,23068.26
39693,36500.21
39692,40079.06
39691,70817.62
39690,52674.5
39689,52612.45
39688,34608.96
39687,41155.89
39686,52448.87
39685,48238.66
39684,258.91
39683,15208.54
39682,18284.18
39681,17331.22
39680,19956.62
39679,21192.66
39678,39623.72
39677,77820.39
39676,45720.5
39675,21023.75
39674,26201.69
39673,20495.22
39672,33476.93
39671,34497.52
39670,59455.89
39669,41492.57
39668,26439.39
39667,21130.02
39666,28406.2
39665,64808.51
39664,76871.15
39663,107639.01
39662,70398.46
39661,39382.75
39660,35156.85
39659,45639.68
39658,34602.73
39657,57107.39
39656,81121.39
39655,68030.46
39654,29485.59
39653,23910.43
39652,22004.08
39651,25820.65
39650,42538.17
39649,73810.39
39648,48569.9
39647,40337.11
39646,27797.96
39645,30875.23
39644,61229.4
39643,60482.92
39642,109412.0
39641,82162.06
39640,51264.85
39639,57525.57
39638,82842.65
39637,47120.61
39636,49709.68
39635,84098.9
39634,64210.47
39633,27799.66
39632,29293.59
39631,63718.56
39630,52632.57
39629,63255.54
39628,99263.66
39627,67511.17
39626,48567.35
39625,57756.96
39624,69205.76
39623,61681.26
39622,88329.39
39621,121215.3
39620,-19.59
39619,27567.08
39618,24054.9
39617,34442.29
39616,37717.53
39615,46910.09
39614,73245.18
39613,57752.79
39612,23896.9
39611,25378.98
39610,47214.45
39609,39299.57
39608,54309.29
39607,75132.27
39606,77036.59
39605,2330.26
39604,23931.14
39603,27339.88
39602,35665.61
39601,45291.66
39600,70693.82
39599,56958.1
39598,27420.74
39597,32270.26
39596,32751.93
39595,60361.1
39594,71862.74
39593,106717.43
39592,81354.6
39591,47517.39
39590,52502.89
39589,52618.65
39588,44905.08
39587,360.71
39586,99850.1
39585,57043.16
39584,37408.82
39583,33326.6
39582,40317.02
39581,59367.99
39580,69578.8
39579,122109.66
39578,71506.03
39577,27350.61
39576,28470.73
39575,29849.79
39574,31036.04
39573,68711.11
39572,89593.58
39571,73161.14
39570,45983.62
39569,47578.95
39568,54915.75
39567,48379.97
39566,64049.02
39565,89568.37
39564,91406.31
39563,31651.66
39562,34228.15
39561,46610.47
39560,1123.59
39559,81787.84
39558,91010.79
39557,70989.21
39556,96554.58
39555,37340.69
39554,36108.13
39553,49361.61
39552,53002.75
39551,81743.33
39550,63480.48
39549,37757.8
39548,57685.99
39547,57237.1
39546,59467.66
39545,68530.88
39544,102065.24
39543,64069.53
39542,55321.53
39541,53001.43
39540,55286.46
39539,63097.19
39538,83702.36
39537,104080.75
39536,83109.3
39535,30844.42
39534,35649.61
39533,38799.25
39532,42074.91
39531,59975.08
39530,59931.67
39529,64814.53
39528,26764.79
39527,22049.37
39526,32875.55
39525,40725.12
39524,51608.82
39523,56933.3
39522,44895.29
39521,34152.01
