122237,38681.01
122236,84046.03
122235,72526.92
122234,18885.34
122233,21381.2
122232,19854.26
122231,22270.41
122230,1936.59
122229,49926.56
122228,35403.88
122227,21512.03
122226,18125.88
122225,21189.2
122224,33765.25
122223,42859.08
122222,56149.87
122221,45215.99
122220,47093.67
122219,22579.75
122218,20354.72
122217,30900.9
122216,28695.29
122215,62651.15
122214,52594.66
122213,20140.28
122212,16932.77
122211,20787.63
122210,19147.78
122209,46959.66
122208,70610.03
122207,44126.86
122206,23745.95
122205,24827.87
122204,25609.07
122203,30345.24
122202,40762.91
122201,58735.7
122200,38892.2
122199,20399.23
122198,19912.61
122197,21522.16
122196,57688.73
122195,68791.95
122194,116936.52
122193,67799.82
122192,44513.98
122191,26125.34
122190,42580.93
122189,32312.81
122188,49174.97
122187,76484.54
122186,61745.96
122185,26785.21
122184,32459.7
122183,27101.02
122182,25581.74
122181,44098.33
122180,77439.9
122179,49449.37
122178,40222.06
122177,24298.8
122176,27666.19
122175,53791.26
122174,59879.02
122173,111844.68
122172,94673.21
122171,52624.72
122170,56526.77
122169,81370.56
122168,36602.5
122167,62335.95
122166,91261.14
122165,75650.76
122164,29668.65
122163,25811.75
122162,53131.76
122161,51353.82
122160,64740.63
122159,113740.17
122158,83349.14
122157,50548.77
122156,54203.04
122155,74109.13
122154,54135.91
122153,84650.65
122152,118989.33
122151,-86.56
122150,29621.57
122149,33622.13
122148,32129.18
122147,34253.43
122146,50722.87
122145,65872.49
122144,51682.69
122143,24917.3
122142,29668.55
122141,40759.64
122140,40130.18
122139,53089.36
122138,88772.62
122137,72387.48
122136,3277.91
122135,26475.8
122134,31333.1
122133,31447.15
122132,45682.36
122131,70322.26
122130,61535.04
122129,34499.2
122128,31567.88
122127,38754.05
122126,70526.37
122125,80908.55
122124,111867.26
122123,79654.16
122122,51275.33
122121,47949.89
122120,50822.67
122119,50917.18
122118,1602.26
122117,114488.77
122116,67056.69
122115,40490.18
122114,39525.61
122113,40896.99
122112,61038.42
122111,76638.87
122110,110296.18
122109,79510.32
122108,33474.2
122107,29419.19
122106,36136.33
122105,34677.11
122104,77618.67
122103,89819.32
122102,71776.08
122101,42526.45
122100,49839.34
122099,52513.29
122098,48427.0
122097,70989.07
122096,102936.36
122095,77334.12
122094,38545.92
122093,35418.24
122092,44414.49
122091,679.49
122090,70825.96
122089,92816.77
122088,72409.89
122087,85756.42
122086,39613.44
122085,46631.33
122084,55206.92
122083,60316.3
122082,82398.38
122081,67365.78
122080,33813.99
122079,56368.11
122078,52887.52
122077,57252.77
122076,69343.79
122075,92279.71
122074,73106.49
122073,44205.15
122072,50129.93
122071,48693.51
122070,63351.2
122069,80028.6
122068,97763.16
122067,71225.05
122066,28582.15
122065,31315.66
122064,37139.98
122063,43635.22
122062,61819.49
122061,62003.79
122060,67102.45
122059,33822.73
122058,25316.25
122057,34043.39
122056,39521.49
122055,44585.38
122054,53504.28
122053,44747.1
122052,42727.99
