34545,44327.7
34544,54392.35
34543,42243.69
34542,16033.34
34541,14478.75
34540,13916.93
34539,14813.88
34538,519.18
34537,36211.28
34536,25904.53
34535,12438.98
34534,12030.27
34533,12501.62
34532,23487.04
34531,28235.25
34530,48836.45
34529,27809.56
34528,33368.76
34527,15296.25
34526,15138.62
34525,12894.29
34524,20974.8
34523,52677.66
34522,41741.31
34521,15076.77
34520,15244.01
34519,14218.43
34518,14593.36
34517,27288.48
34516,50397.16
34515,38535.55
34514,16468.24
34513,16595.77
34512,20125.42
34511,20323.79
34510,27120.84
34509,52454.27
34508,25485.12
34507,16828.95
34506,17621.21
34505,21554.32
34504,40611.48
34503,51363.31
34502,85253.64
34501,53677.08
34500,43508.74
34499,26465.24
34498,26563.1
34497,30410.48
34496,37533.59
34495,65795.42
34494,46247.56
34493,15577.33
34492,18135.89
34491,17984.78
34490,17945.17
34489,33794.31
34488,54598.01
34487,39471.98
34486,25849.0
34485,21810.15
34484,21223.68
34483,42285.88
34482,54311.17
34481,84856.56
34480,69688.39
34479,33086.7
34478,42449.44
34477,53599.75
34476,29759.72
34475,39312.88
34474,62863.92
34473,44984.5
34472,24326.85
34471,27431.3
34470,40012.87
34469,40241.36
34468,47332.26
34467,64684.88
34466,47962.65
34465,33109.07
34464,36411.62
34463,41968.1
34462,30525.23
34461,55112.93
34460,83081.38
34459,-9.99
34458,20339.05
34457,17239.98
34456,19983.62
34455,23840.95
34454,30369.76
34453,56017.88
34452,37938.29
34451,19.55
34450,21114.19
34449,36913.44
34448,34850.27
34447,46040.47
34446,72748.69
34445,47263.44
34444,22002.37
34443,127.98
34442,33431.32
34441,48642.49
34440,35642.33
34439,79.91
34438,16207.33
34437,19667.79
34436,38697.77
34435,44579.39
34434,64775.29
34433,52143.24
34432,27760.62
34431,13852.66
34430,37184.07
34429,31950.24
34428,41143.45
34427,77423.31
34426,40404.85
34425,21476.44
34424,24651.42
34423,25189.45
34422,34307.21
34421,49915.6
34420,72064.0
34419,42427.76
34418,20111.34
34417,26043.08
34416,23771.6
34415,28262.79
34414,60249.79
34413,72008.91
34412,49190.16
34411,31713.26
34410,30565.72
34409,38022.7
34408,31307.02
34407,44195.07
34406,61421.72
34405,51527.03
34404,19607.75
34403,23739.18
34402,26613.36
34401,34776.25
34400,40206.72
34399,55048.18
34398,45989.3
34397,53762.91
34396,22742.22
34395,23632.09
34394,29843.41
34393,36633.16
34392,47370.23
34391,45803.23
34390,22298.61
34389,39641.45
34388,38994.17
34387,36067.9
34386,52366.52
34385,63354.69
34384,49506.05
34383,29423.95
34382,36389.91
34381,31019.69
34380,39817.54
34379,49624.48
34378,63339.7
34377,50845.0
34376,21119.66
34375,24764.96
34374,23530.74
34373,24376.39
34372,40463.47
34371,42028.09
34370,45005.22
34369,25040.93
34368,18082.59
34367,20737.76
34366,26998.52
34365,32867.9
34364,39305.7
34363,29269.27
34362,21682.73
