208151,35101.27
208150,47222.22
208149,40740.84
208148,15368.48
208147,16460.99
208146,11790.29
208145,15266.33
208144,759.21
208143,38428.42
208142,17948.85
208141,12484.46
208140,10749.51
208139,15736.55
208138,26115.05
208137,31252.7
208136,49817.15
208135,37409.79
208134,31604.27
208133,23466.97
208132,9168.91
208131,22995.62
208130,8221.97
208129,35683.64
208128,33076.18
208127,15005.13
208126,13548.21
208125,17800.41
208124,17306.93
208123,32279.61
208122,53811.61
208121,30503.27
208120,18089.78
208119,18062.01
208118,12825.23
208117,20232.2
208116,25786.91
208115,46212.21
208114,24917.85
208113,13594.8
208112,14968.85
208111,18146.33
208110,42515.1
208109,49434.37
208108,89374.87
208107,37017.29
208106,23453.08
208105,23306.7
208104,29078.88
208103,23427.65
208102,37587.34
208101,52480.68
208100,42470.98
208099,16852.86
208098,17359.84
208097,17784.35
208096,20256.06
208095,33007.85
208094,55543.34
208093,37050.61
208092,33338.03
208091,15419.28
208090,20801.52
208089,35068.45
208088,54749.34
208087,82700.28
208086,62667.76
208085,37993.0
208084,45396.88
208083,54830.69
208082,27115.44
208081,40542.92
208080,62549.87
208079,51131.72
208078,22046.85
208077,23491.24
208076,47828.61
208075,44679.83
208074,48551.47
208073,78148.08
208072,66000.89
208071,40833.22
208070,40610.49
208069,47332.37
208068,38956.94
208067,72443.97
208066,109472.54
208065,26302.27
208064,25449.04
208063,28390.58
208062,32421.67
208061,37735.62
208060,55603.88
208059,39280.42
208058,18316.48
208057,19818.42
208056,39350.19
208055,35765.42
208054,43800.84
208053,61919.05
208052,42839.47
208051,111.85
208050,19962.71
208049,21207.27
208048,26116.09
208047,31631.6
208046,54485.32
208045,41381.53
208044,20745.24
208043,25261.54
208042,25731.74
208041,48627.36
208040,58567.71
208039,71901.19
208038,53591.47
208037,34092.56
208036,33830.02
208035,35822.04
208034,40917.94
208033,95291.14
208032,51292.04
208031,30966.72
208030,37366.83
208029,47796.56
208028,58672.5
208027,70645.06
208026,57349.21
208025,55821.3
208024,19865.96
208023,19233.95
208022,24691.31
208021,26349.79
208020,56123.14
208019,64319.38
208018,51767.51
208017,30942.17
208016,38719.36
208015,30747.62
208014,36347.51
208013,44778.8
208012,66869.35
208011,56621.27
208010,23347.91
208009,29570.9
208008,31972.79
208007,52652.38
208006,63778.04
208005,42770.18
208004,57734.97
208003,27897.2
208002,25891.75
208001,34998.67
208000,45149.9
207999,63218.22
207998,41140.23
207997,23507.19
207996,43176.63
207995,43796.03
207994,44838.31
207993,55651.01
207992,65732.67
207991,48639.3
207990,37969.11
207989,37302.04
207988,36115.59
207987,48319.67
207986,55141.86
207985,74079.07
207984,53776.68
207983,25257.17
207982,21435.65
207981,25205.23
207980,26604.48
207979,45728.2
207978,45551.24
207977,48372.73
207976,19989.22
207975,16108.46
207974,24870.1
207973,32062.7
207972,35432.9
207971,42850.6
207970,28522.12
207969,32223.23
