55057,38265.64
55056,54466.82
55055,50288.0
55054,12050.88
55053,15843.79
55052,14439.08
55051,16169.5
55050,1010.93
55049,35721.03
55048,31582.19
55047,14698.74
55046,15182.16
55045,16348.93
55044,32871.11
55043,34365.61
55042,55686.9
55041,32413.34
55040,34341.54
55039,18406.82
55038,19093.41
55037,21548.75
55036,25081.38
55035,58105.78
55034,42473.47
55033,14951.42
55032,14993.76
55031,17048.47
55030,16170.01
55029,28333.3
55028,46908.47
55027,33945.9
55026,19967.83
55025,20356.95
55024,17833.82
55023,24219.11
55022,29472.71
55021,46244.1
55020,27147.11
55019,15035.95
55018,16803.18
55017,14227.8
55016,46495.09
55015,57537.32
55014,99355.58
55013,30309.51
55012,47506.18
55011,33060.48
55010,35434.02
55009,26159.98
55008,42291.19
55007,69400.3
55006,56501.75
55005,20792.77
55004,20116.4
55003,19501.71
55002,21078.78
55001,32337.5
55000,54916.06
54999,40332.94
54998,28921.56
54997,18583.7
54996,21530.77
54995,49452.23
54994,56419.57
54993,91941.65
54992,71415.16
54991,35101.06
54990,45073.47
54989,61017.93
54988,36890.64
54987,40473.31
54986,65577.02
54985,64151.06
54984,22347.34
54983,24175.82
54982,49790.81
54981,45417.95
54980,46603.34
54979,86217.05
54978,52624.46
54977,37993.17
54976,42434.17
54975,62315.72
54974,34795.66
54973,63080.07
54972,92280.53
54971,-279.99
54970,24392.58
54969,21658.6
54968,19932.47
54967,28811.26
54966,33337.69
54965,54359.19
54964,40624.01
54963,19554.77
54962,20166.32
54961,31910.51
54960,35891.73
54959,41708.95
54958,71501.86
54957,54474.02
54956,319.39
54955,23543.89
54954,24099.06
54953,28610.91
54952,36352.57
54951,49490.5
54950,50354.94
54949,24134.13
54948,23967.0
54947,24383.65
54946,57407.92
54945,63912.72
54944,81802.0
54943,64509.17
54942,39571.44
54941,34245.83
54940,46274.54
54939,42218.86
54938,230.31
54937,88504.69
54936,48732.86
54935,26271.5
54934,28100.9
54933,31808.73
54932,41758.7
54931,56132.99
54930,82538.0
54929,54690.85
54928,18716.99
54927,22045.77
54926,22581.12
54925,29137.18
54924,61824.51
54923,80333.44
54922,52255.55
54921,32573.48
54920,30361.31
54919,43568.09
54918,37019.6
54917,53720.12
54916,66498.61
54915,73733.26
54914,26958.51
54913,26630.59
54912,29308.87
54911,52311.31
54910,68350.17
54909,48756.63
54908,68648.97
54907,27810.93
54906,29181.88
54905,39678.96
54904,46802.66
54903,60564.81
54902,43938.09
54901,23082.52
54900,48386.42
54899,47988.42
54898,46814.61
54897,57414.81
54896,81579.13
54895,64057.27
54894,39629.36
54893,44197.9
54892,44232.48
54891,53405.14
54890,64415.34
54889,80225.37
54888,57907.0
54887,25941.92
54886,24083.62
54885,29820.13
54884,33453.57
54883,45986.09
54882,44525.81
54881,60670.61
54880,25114.9
54879,18353.55
54878,26913.24
54877,30613.18
54876,37549.47
54875,44692.48
54874,31310.63
54873,28408.07
