125119,43090.19
125118,63342.94
125117,40708.89
125116,18497.12
125115,19880.47
125114,20496.33
125113,20265.37
125112,1935.93
125111,39230.13
125110,29045.97
125109,17133.66
125108,18232.34
125107,16154.71
125106,34441.24
125105,30584.4
125104,54143.48
125103,31527.77
125102,39703.56
125101,26614.72
125100,26014.96
125099,28281.18
125098,20309.69
125097,40591.23
125096,42703.3
125095,11867.82
125094,17853.41
125093,22161.2
125092,19008.13
125091,36022.21
125090,56741.05
125089,32556.37
125088,21588.67
125087,21832.48
125086,23860.69
125085,23579.54
125084,32727.89
125083,53449.96
125082,9404.93
125081,20212.95
125080,21551.91
125079,27887.02
125078,51634.3
125077,53239.27
125076,101061.95
125075,57530.17
125074,35599.34
125073,27324.11
125072,30837.12
125071,26670.52
125070,46173.62
125069,60228.85
125068,38390.49
125067,19369.45
125066,20276.11
125065,14590.91
125064,21689.53
125063,35197.6
125062,60959.19
125061,34014.27
125060,29621.82
125059,22330.12
125058,24771.02
125057,48718.73
125056,62027.38
125055,95939.33
125054,62339.98
125053,38439.44
125052,46466.87
125051,61383.77
125050,37609.5
125049,49384.22
125048,81563.67
125047,64074.87
125046,28078.08
125045,29243.03
125044,64374.74
125043,47017.41
125042,57733.84
125041,98022.45
125040,56368.71
125039,43474.77
125038,42521.29
125037,49633.15
125036,40769.16
125035,75745.21
125034,90130.08
125033,30365.16
125032,30276.91
125031,29152.66
125030,35279.65
125029,42312.91
125028,60688.11
125027,40148.76
125026,25254.95
125025,26335.31
125024,46361.69
125023,43839.15
125022,56496.5
125021,68648.34
125020,56367.79
125019,3086.66
125018,26591.5
125017,25412.74
125016,30392.86
125015,30803.74
125014,54223.1
125013,38911.76
125012,20079.7
125011,24583.67
125010,24083.04
125009,51350.18
125008,56075.02
125007,76313.96
125006,49397.93
125005,36533.72
125004,38026.02
125003,43115.85
125002,42920.8
125001,1397.89
125000,78551.93
124999,53184.99
124998,31831.12
124997,28431.46
124996,36284.71
124995,47587.69
124994,57552.13
124993,89163.32
124992,47992.36
124991,24925.91
124990,28794.51
124989,32552.46
124988,28622.43
124987,66031.64
124986,75801.05
124985,56689.38
124984,38723.83
124983,36007.36
124982,43474.16
124981,41328.01
124980,53441.61
124979,80618.49
124978,57207.42
124977,27532.53
124976,24987.47
124975,25878.13
124974,301.46
124973,42155.44
124972,60688.76
124971,59252.02
124970,61851.77
124969,28242.26
124968,27889.97
124967,31148.43
124966,33733.89
124965,56247.01
124964,50705.33
124963,28069.73
124962,59858.78
124961,44615.22
124960,47092.38
124959,51637.27
124958,69328.49
124957,55248.47
124956,36374.6
124955,36820.43
124954,40761.92
124953,45785.98
124952,58085.86
124951,65883.5
124950,49875.05
124949,26919.09
124948,27845.35
124947,26851.8
124946,30693.68
124945,43902.62
124944,52035.35
124943,47055.25
124942,24748.12
124941,22473.24
124940,28112.73
124939,30976.14
124938,37205.18
124937,43574.33
124936,34155.7
124935,29345.96
