50639,52029.65
50638,67194.74
50637,43619.01
50636,16253.11
50635,16056.95
50634,14846.08
50633,20558.29
50632,934.14
50631,44647.91
50630,25188.03
50629,16549.45
50628,14283.93
50627,16829.97
50626,26782.09
50625,32434.1
50624,58841.2
50623,31261.73
50622,34369.56
50621,21253.56
50620,12338.77
50619,20110.83
50618,1693.15
50617,14745.14
50616,24900.77
50615,15946.07
50614,15568.4
50613,15918.6
50612,20431.31
50611,31480.07
50610,61956.71
50609,33333.61
50608,17261.29
50607,19104.65
50606,16709.17
50605,23912.51
50604,35477.32
50603,62560.9
50602,29376.66
50601,13330.77
50600,17463.14
50599,22122.07
50598,42188.06
50597,54629.7
50596,97140.18
50595,36770.38
50594,24124.48
50593,22695.16
50592,29572.28
50591,23141.01
50590,45321.72
50589,84548.55
50588,45615.25
50587,23519.29
50586,23726.86
50585,22645.77
50584,19066.34
50583,40159.22
50582,75960.1
50581,39557.33
50580,27247.64
50579,22733.34
50578,23838.27
50577,34814.26
50576,55683.03
50575,98094.43
50574,58514.11
50573,37406.75
50572,46984.42
50571,58480.83
50570,35087.0
50569,48261.82
50568,83122.48
50567,52924.78
50566,26891.19
50565,30569.21
50564,49557.92
50563,45157.09
50562,60398.62
50561,104271.03
50560,69309.06
50559,41410.52
50558,42456.38
50557,54820.61
50556,38463.23
50555,76973.51
50554,114053.87
50553,29056.92
50552,26683.49
50551,23045.2
50550,26319.95
50549,37662.21
50548,64491.79
50547,40887.47
50546,22005.77
50545,22751.57
50544,36998.09
50543,42864.54
50542,54189.72
50541,93383.01
50540,54970.59
50539,2675.87
50538,23894.13
50537,24300.31
50536,27963.97
50535,45048.74
50534,65198.06
50533,41144.95
50532,27341.07
50531,29032.78
50530,25882.84
50529,46450.66
50528,57889.85
50527,94680.32
50526,51494.4
50525,33965.08
50524,39533.71
50523,39878.14
50522,42476.08
50521,1734.21
50520,105210.54
50519,55251.53
50518,30951.99
50517,32355.04
50516,39916.62
50515,47960.83
50514,57713.36
50513,87928.1
50512,60437.81
50511,20317.48
50510,23900.9
50509,28271.54
50508,30766.64
50507,60133.83
50506,84987.56
50505,56764.86
50504,29861.24
50503,36615.18
50502,38156.41
50501,43961.3
50500,48807.73
50499,100864.61
50498,57451.66
50497,31314.03
50496,33852.64
50495,32738.36
50494,708.55
50493,50212.68
50492,73485.55
50491,52062.27
50490,59155.62
50489,34492.84
50488,35014.94
50487,38981.0
50486,49233.54
50485,70777.28
50484,50800.22
50483,28855.1
50482,46560.76
50481,49131.25
50480,43783.88
50479,61401.89
50478,76262.06
50477,52240.81
50476,35217.13
50475,42547.28
50474,45885.65
50473,47797.94
50472,67795.73
50471,80410.38
50470,46969.18
50469,24899.34
50468,27128.7
50467,23927.09
50466,28458.08
50465,55630.25
50464,54348.06
50463,49004.07
50462,27059.9
50461,20529.5
50460,29291.63
50459,32311.39
50458,37835.03
50457,45207.47
50456,44349.44
50455,33430.23
