90217,17808.19
90216,32068.07
90215,39350.17
90214,11304.37
90213,11085.31
90212,11691.51
90211,16155.83
90210,513.43
90209,27931.23
90208,22781.09
90207,11497.73
90206,12233.29
90205,11438.16
90204,20854.65
90203,24090.48
90202,32824.57
90201,26451.47
90200,23388.63
90199,12068.08
90198,16094.77
90197,16660.75
90196,16804.34
90195,30056.47
90194,22706.16
90193,11594.98
90192,9631.73
90191,10076.48
90190,16657.35
90189,20604.72
90188,33061.38
90187,22267.22
90186,15573.85
90185,15201.68
90184,16266.61
90183,17932.82
90182,17034.03
90181,27062.4
90180,19392.81
90179,13488.88
90178,13842.94
90177,16120.7
90176,28602.6
90175,32278.8
90174,52718.63
90173,31374.08
90172,30658.71
90171,16112.48
90170,18481.55
90169,15070.27
90168,25099.12
90167,38027.89
90166,33788.19
90165,13707.37
90164,13945.61
90163,14541.42
90162,15841.07
90161,19526.16
90160,30117.48
90159,23995.89
90158,21640.36
90157,14095.64
90156,14641.17
90155,28445.08
90154,31522.51
90153,45457.92
90152,42415.19
90151,22330.76
90150,29331.37
90149,34319.35
90148,19947.62
90147,19940.84
90146,39341.12
90145,35299.2
90144,11527.7
90143,15917.72
90142,30081.38
90141,25449.27
90140,31601.96
90139,39835.46
90138,42109.59
90137,20444.7
90136,25669.43
90135,32484.34
90134,27089.68
90133,37351.13
90132,51467.81
90131,15153.24
90130,14484.47
90129,15372.65
90128,19084.62
90127,20169.94
90126,30495.61
90125,29327.02
90124,15456.99
90123,16839.86
90122,20617.84
90121,20393.78
90120,29950.36
90119,42361.35
90118,36426.65
90117,926.49
90116,14780.7
90115,16555.83
90114,19439.76
90113,21024.87
90112,29121.02
90111,27896.08
90110,13308.05
90109,14851.2
90108,19056.45
90107,30174.53
90106,34003.94
90105,44326.09
90104,41295.13
90103,22559.81
90102,23612.05
90101,26497.86
90100,23682.8
90099,549.99
90098,52320.65
90097,35305.11
90096,23386.98
90095,16730.61
90094,17019.7
90093,27383.4
90092,33434.03
90091,53242.44
90090,35025.12
90089,16341.68
90088,15584.94
90087,15835.54
90086,16903.56
90085,36657.15
90084,41755.27
90083,39599.91
90082,20179.66
90081,22497.03
90080,25513.86
90079,25039.45
90078,29461.45
90077,46088.13
90076,45891.72
90075,15922.29
90074,16226.56
90073,21742.54
90072,295.75
90071,29255.15
90070,40119.89
90069,33592.7
90068,47069.92
90067,16293.86
90066,18233.59
90065,22015.11
90064,30560.2
90063,36021.73
90062,40265.61
90061,16438.77
90060,32401.62
90059,29660.3
90058,31450.7
90057,30972.41
90056,51013.01
90055,43468.24
90054,24575.4
90053,29652.37
90052,28930.04
90051,32439.51
90050,36555.88
90049,58206.84
90048,42179.28
90047,19736.83
90046,19601.58
90045,21132.34
90044,25637.68
90043,30145.0
90042,35507.54
90041,45296.32
90040,17454.02
90039,17381.04
90038,18790.9
90037,24546.93
90036,26117.28
90035,35991.03
90034,35210.71
90033,17621.61
