77740,22342.76
77739,50520.26
77738,46249.16
77737,12853.92
77736,17072.06
77735,16578.05
77734,17375.95
77733,1225.66
77732,30131.2
77731,19323.66
77730,13614.98
77729,10708.74
77728,16902.72
77727,24273.66
77726,25344.88
77725,52389.67
77724,35129.59
77723,28044.62
77722,16225.32
77721,19139.35
77720,19936.57
77719,20673.95
77718,44458.92
77717,38748.01
77716,12661.48
77715,14696.28
77714,16676.57
77713,16238.28
77712,28113.92
77711,50740.77
77710,37288.73
77709,21628.67
77708,17966.75
77707,18878.16
77706,26117.87
77705,24217.93
77704,49966.02
77703,27675.15
77702,18746.83
77701,15922.39
77700,20393.03
77699,42622.48
77698,43802.82
77697,77345.9
77696,55567.79
77695,31333.26
77694,26643.41
77693,34815.49
77692,23827.4
77691,34655.43
77690,63679.92
77689,53896.85
77688,20482.46
77687,19177.46
77686,8991.32
77685,12574.49
77684,27356.65
77683,49709.26
77682,35712.43
77681,27672.27
77680,10634.65
77679,14102.39
77678,36876.16
77677,56044.18
77676,76083.75
77675,66845.64
77674,37758.68
77673,44269.47
77672,59685.38
77671,31651.4
77670,37045.89
77669,57478.12
77668,53001.42
77667,17859.41
77666,23374.94
77665,36264.26
77664,36759.05
77663,39151.97
77662,79570.41
77661,65845.83
77660,37121.96
77659,44814.77
77658,51297.38
77657,43487.85
77656,59154.15
77655,84355.14
77654,21261.32
77653,27705.59
77652,22582.18
77651,26996.38
77650,30780.12
77649,52116.29
77648,32339.26
77647,686.17
77646,19412.04
77645,29554.97
77644,32267.27
77643,35945.18
77642,54410.19
77641,35248.37
77640,16149.42
77639,17367.88
77638,19417.47
77637,24972.7
77636,28778.66
77635,45063.1
77634,42873.87
77633,26600.18
77632,24845.76
77631,27362.19
77630,49977.72
77629,51502.88
77628,74933.63
77627,55572.75
77626,34096.81
77625,34470.57
77624,42137.25
77623,37012.57
77622,466.56
77621,72467.13
77620,45105.06
77619,24792.86
77618,26569.39
77617,32686.29
77616,43071.69
77615,45263.08
77614,73929.84
77613,43829.14
77612,18350.81
77611,21570.63
77610,23018.65
77609,21973.76
77608,54812.76
77607,70470.8
77606,61357.22
77605,34564.44
77604,33300.03
77603,39379.39
77602,36620.74
77601,43634.07
77600,56894.51
77599,63237.68
77598,24688.3
77597,29399.86
77596,32495.17
77595,112.92
77594,51870.9
77593,63545.41
77592,53667.58
77591,49168.82
77590,30769.47
77589,34234.57
77588,42881.31
77587,41463.18
77586,48846.8
77585,56319.35
77584,25660.2
77583,46251.62
77582,44518.51
77581,43693.09
77580,53885.32
77579,68660.09
77578,51163.23
77577,34303.99
77576,35323.26
77575,42021.25
77574,47575.91
77573,54424.79
77572,57292.09
77571,52627.97
77570,25147.65
77569,23275.96
77568,27981.15
77567,33697.16
77566,43840.94
77565,41396.39
77564,55678.6
77563,25251.16
77562,20034.15
77561,27119.91
77560,29569.75
77559,33186.43
77558,36233.54
77557,25300.02
77556,18990.83
