177591,24403.17
177590,41531.42
177589,28543.94
177588,10487.6
177587,12205.33
177586,11687.14
177585,12520.37
177584,910.95
177583,29734.61
177582,20339.46
177581,10532.96
177580,8910.6
177579,10839.63
177578,15098.53
177577,19815.02
177576,33884.29
177575,16481.76
177574,24769.26
177573,12464.57
177572,13779.54
177571,18418.14
177570,15343.14
177569,32554.34
177568,23976.99
177567,9336.74
177566,10387.15
177565,9038.08
177564,10759.97
177563,21398.65
177562,34737.52
177561,19189.82
177560,11101.84
177559,11097.63
177558,12593.14
177557,13779.7
177556,19379.69
177555,34815.4
177554,19972.45
177553,14456.84
177552,17043.22
177551,18231.25
177550,30192.25
177549,37635.12
177548,65021.87
177547,36840.96
177546,27588.91
177545,19189.86
177544,19800.3
177543,14795.65
177542,21615.72
177541,39866.82
177540,24026.61
177539,13652.31
177538,12210.57
177537,16636.52
177536,20053.37
177535,31175.95
177534,47202.09
177533,21290.11
177532,24482.62
177531,18792.0
177530,13770.59
177529,27387.1
177528,37731.76
177527,62650.19
177526,34536.93
177525,22831.8
177524,29240.57
177523,36814.93
177522,27490.1
177521,29657.74
177520,58377.64
177519,38712.57
177518,17666.81
177517,18209.8
177516,26282.71
177515,30568.1
177514,36311.89
177513,62034.27
177512,38507.17
177511,20579.21
177510,22810.12
177509,27262.7
177508,27699.23
177507,43158.0
177506,63861.13
177505,18815.8
177504,15704.9
177503,16290.3
177502,21702.04
177501,22672.5
177500,36012.88
177499,22936.94
177498,12317.54
177497,24925.53
177496,23012.98
177495,31509.56
177494,46622.75
177493,29796.25
177492,13757.55
177491,127.5
177490,19877.44
177489,32861.37
177488,25812.93
177487,27.07
177486,13198.62
177485,14533.39
177484,24747.27
177483,32309.46
177482,47152.93
177481,30193.39
177480,22211.21
177479,19042.26
177478,19911.58
177477,20314.08
177476,32209.09
177475,52737.09
177474,32260.68
177473,18484.92
177472,19697.02
177471,20349.06
177470,30119.82
177469,36068.54
177468,53099.13
177467,27975.44
177466,14714.51
177465,17741.93
177464,14000.16
177463,17238.26
177462,38640.6
177461,42901.41
177460,32816.65
177459,22786.99
177458,20586.51
177457,19348.88
177456,16768.17
177455,23594.15
177454,44244.64
177453,30881.95
177452,14146.41
177451,14861.52
177450,14128.84
177449,20861.42
177448,28325.96
177447,34112.86
177446,35316.89
177445,38425.2
177444,15407.44
177443,18187.79
177442,23960.52
177441,26233.23
177440,32852.92
177439,29958.89
177438,12654.33
177437,23543.7
177436,28581.29
177435,24631.62
177434,28344.44
177433,40583.46
177432,30634.82
177431,19402.92
177430,21649.84
177429,23036.33
177428,25651.41
177427,32300.69
177426,42285.07
177425,29457.08
177424,13511.26
177423,12760.97
177422,16655.62
177421,17828.87
177420,25800.47
177419,31198.16
177418,31487.58
177417,14539.83
177416,11689.75
177415,15268.23
177414,15296.43
177413,23694.83
177412,30033.44
177411,18911.75
177410,18606.34
