77163,24236.09
77162,39934.42
77161,35810.5
77160,18695.1
77159,16682.95
77158,14611.81
77157,18098.44
77156,582.67
77155,31669.59
77154,27779.47
77153,15145.55
77152,16071.93
77151,12280.51
77150,23363.92
77149,24139.97
77148,34570.59
77147,24880.95
77146,27761.47
77145,17085.13
77144,20821.69
77143,19601.72
77142,16738.11
77141,35266.92
77140,27471.98
77139,13644.35
77138,14154.24
77137,13384.02
77136,12998.91
77135,23071.55
77134,36055.27
77133,24958.0
77132,15884.33
77131,17908.79
77130,20099.39
77129,25409.17
77128,25945.51
77127,34827.6
77126,25838.87
77125,16799.36
77124,18925.77
77123,23819.1
77122,39631.09
77121,45508.98
77120,64519.07
77119,45714.03
77118,31924.96
77117,21687.12
77116,23295.57
77115,23336.01
77114,30723.55
77113,45206.63
77112,34227.67
77111,15079.24
77110,16294.96
77109,17189.98
77108,21485.45
77107,28004.17
77106,38691.52
77105,27768.59
77104,23331.12
77103,19444.89
77102,21065.88
77101,42098.79
77100,41546.67
77099,52348.2
77098,50690.51
77097,25770.3
77096,36572.5
77095,39504.05
77094,25927.19
77093,30098.97
77092,47388.67
77091,47187.78
77090,18363.08
77089,24832.78
77088,33197.15
77087,30328.08
77086,38143.78
77085,54180.8
77084,48651.09
77083,25448.05
77082,31633.7
77081,37969.84
77080,27998.78
77079,46699.53
77078,62535.38
77077,22358.87
77076,19737.11
77075,21300.74
77074,26760.23
77073,32901.49
77072,37109.33
77071,34242.42
77070,455.83
77069,15170.08
77068,32609.05
77067,34001.08
77066,40015.54
77065,49866.29
77064,54871.74
77063,18743.37
77062,942.03
77061,1142.24
77060,31.45
77059,28139.28
77058,36316.49
77057,33872.57
77056,575.65
77055,19237.28
77054,23082.67
77053,34844.8
77052,42024.95
77051,49813.7
77050,41273.37
77049,25543.85
77048,22854.8
77047,28756.13
77046,29277.08
77045,38090.64
77044,54071.33
77043,37355.58
77042,19589.22
77041,24843.65
77040,27954.1
77039,33081.54
77038,47732.46
77037,72517.49
77036,52371.67
77035,19412.9
77034,20505.59
77033,23671.41
77032,23010.55
77031,43161.81
77030,48126.94
77029,37474.13
77028,24305.87
77027,28056.79
77026,30868.69
77025,29650.26
77024,39626.73
77023,46559.06
77022,52233.49
77021,17800.12
77020,19667.63
77019,20571.23
77018,27589.63
77017,33493.51
77016,45993.33
77015,36344.52
77014,44695.51
77013,19170.27
77012,19883.1
77011,25944.25
77010,32894.06
77009,44425.32
77008,46293.46
77007,29306.22
77006,44435.62
77005,38050.18
77004,34292.6
77003,35136.14
77002,47166.68
77001,45037.16
77000,24861.85
76999,31653.62
76998,26223.51
76997,36909.67
76996,47375.61
76995,58532.08
76994,44673.41
76993,21837.53
76992,21800.61
76991,23365.01
76990,26923.41
76989,38902.12
76988,35933.69
76987,45635.1
76986,19614.36
76985,15117.93
76984,23925.12
76983,23751.59
76982,35710.28
76981,38628.44
76980,38959.26
76979,21656.95
