52944,38067.67
52943,59509.6
52942,47429.75
52941,21223.58
52940,22562.95
52939,20769.25
52938,19355.17
52937,1714.35
52936,44057.11
52935,38693.17
52934,17708.77
52933,18730.98
52932,17241.32
52931,24807.04
52930,30228.87
52929,53961.46
52928,36317.22
52927,30195.85
52926,22364.55
52925,24401.16
52924,22794.32
52923,22180.92
52922,55834.33
52921,36693.35
52920,21124.67
52919,20720.31
52918,21182.98
52917,19023.36
52916,37022.05
52915,62509.94
52914,40938.7
52913,17543.22
52912,12337.88
52911,17999.68
52910,30278.1
52909,33161.81
52908,57268.25
52907,34025.56
52906,24247.81
52905,24622.19
52904,29707.7
52903,49366.06
52902,55935.34
52901,96523.02
52900,64118.27
52899,46643.84
52898,29688.14
52897,28449.99
52896,21389.72
52895,36486.13
52894,64014.72
52893,59861.69
52892,23109.22
52891,18764.53
52890,20009.89
52889,18297.65
52888,36201.96
52887,54902.01
52886,41555.84
52885,28850.8
52884,21094.45
52883,25344.56
52882,35502.86
52881,49447.98
52880,76509.12
52879,63582.84
52878,29029.24
52877,38709.14
52876,53399.3
52875,28586.76
52874,37006.57
52873,63967.04
52872,57569.76
52871,22991.26
52870,21297.32
52869,41509.22
52868,32156.71
52867,31799.25
52866,74532.81
52865,67218.33
52864,33535.2
52863,38472.52
52862,3333.56
52861,30242.51
52860,46117.19
52859,84466.88
52858,28626.35
52857,23635.46
52856,20140.8
52855,27246.46
52854,34581.42
52853,54147.49
52852,50674.1
52851,885.83
52850,22115.87
52849,37446.11
52848,39337.63
52847,44031.34
52846,76043.09
52845,62068.72
52844,25427.06
52843,23866.9
52842,31415.54
52841,29325.4
52840,29613.15
52839,19011.01
52838,30856.36
52837,16954.31
52836,20461.57
52835,23266.96
52834,46945.75
52833,56015.36
52832,73712.97
52831,64861.82
52830,31546.29
52829,31634.65
52828,35514.91
52827,27596.16
52826,484.82
52825,79430.2
52824,50130.65
52823,27684.35
52822,30581.99
52821,36287.37
52820,46701.36
52819,59756.14
52818,96305.64
52817,65483.37
52816,22261.94
52815,25311.29
52814,33129.38
52813,30095.41
52812,53287.39
52811,70460.64
52810,68454.36
52809,28513.89
52808,33127.9
52807,37961.18
52806,34743.99
52805,52472.48
52804,81409.48
52803,78416.39
52802,34440.29
52801,37259.86
52800,39038.83
52799,371.97
52798,43395.61
52797,62817.17
52796,53653.82
52795,63855.23
52794,25697.37
52793,27800.64
52792,33188.17
52791,42259.57
52790,55725.04
52789,54848.42
52788,27386.19
52787,36497.91
52786,37922.16
52785,40192.47
52784,52358.14
52783,77408.41
52782,63974.11
52781,35458.58
52780,36060.1
52779,40093.92
52778,42858.15
52777,57118.46
52776,79397.17
52775,72180.71
52774,25998.51
52773,25535.31
52772,25259.37
52771,32749.59
52770,43181.28
52769,49451.58
52768,63719.92
52767,30712.02
52766,22489.46
52765,28018.76
52764,34095.37
52763,39106.61
52762,48852.95
52761,37948.09
52760,36204.77
