15144,34326.32
15143,52643.65
15142,44716.05
15141,9701.49
15140,15635.2
15139,18365.03
15138,18829.97
15137,1113.69
15136,32834.08
15135,21944.98
15134,11586.51
15133,11846.75
15132,12824.54
15131,32786.49
15130,40240.77
15129,57367.87
15128,29453.41
15127,31034.23
15126,24698.39
15125,27276.03
15124,27649.3
15123,29798.75
15122,59980.67
15121,38775.48
15120,13765.72
15119,12464.94
15118,15378.06
15117,17423.46
15116,41619.41
15115,50678.44
15114,32261.24
15113,16657.33
15112,8975.71
15111,14793.57
15110,24633.6
15109,36608.79
15108,49862.71
15107,30446.8
15106,18500.55
15105,14560.84
15104,23149.63
15103,58554.71
15102,62892.26
15101,91037.4
15100,62751.68
15099,33577.08
15098,30526.89
15097,34868.04
15096,25149.94
15095,53399.97
15094,74101.43
15093,53304.58
15092,19534.17
15091,16573.43
15090,22451.15
15089,23111.5
15088,32083.07
15087,60291.96
15086,41082.16
15085,26776.59
15084,14415.08
15083,17827.19
15082,54073.6
15081,66891.09
15080,92021.95
15079,71190.97
15078,41996.2
15077,52081.57
15076,68674.57
15075,32940.23
15074,42282.55
15073,66295.29
15072,50342.43
15071,18660.1
15070,19415.79
15069,35554.93
15068,41645.86
15067,51796.22
15066,78190.56
15065,66150.39
15064,42166.47
15063,43309.57
15062,29947.67
15061,20719.65
15060,64443.17
15059,77364.75
15058,-84.87
15057,19833.56
15056,19664.59
15055,20173.85
15054,25478.22
15053,34437.48
15052,42744.7
15051,38261.97
15050,17601.1
15049,13298.77
15048,32034.05
15047,27839.45
15046,43770.55
15045,70497.8
15044,47431.08
15043,1266.97
15042,19071.77
15041,19727.45
15040,25533.89
15039,32257.11
15038,42399.44
15037,44408.99
15036,24331.5
15035,22208.17
15034,22969.35
15033,61485.47
15032,66489.91
15031,84226.73
15030,68747.57
15029,34132.81
15028,35724.3
15027,43488.11
15026,34862.76
15025,935.88
15024,74991.09
15023,41143.83
15022,22653.52
15021,22700.42
15020,27128.76
15019,44566.3
15018,53672.18
15017,71849.24
15016,42937.9
15015,13962.58
15014,22873.77
15013,19367.37
15012,20655.87
15011,59014.11
15010,76003.22
15009,58028.9
15008,33488.38
15007,32930.3
15006,35662.94
15005,35385.46
15004,53784.11
15003,59069.42
15002,59454.68
15001,25144.7
15000,29765.31
14999,31140.39
14998,560.2
14997,59310.75
14996,60836.98
14995,50396.85
14994,45702.08
14993,21743.92
14992,22685.45
14991,32685.02
14990,43860.7
14989,48579.22
14988,39288.8
14987,20810.69
14986,50284.26
14985,41683.21
14984,53480.49
14983,65157.26
14982,65361.67
14981,51217.85
14980,38578.84
14979,41841.92
14978,45129.37
14977,49642.26
14976,62927.99
14975,56693.21
14974,48340.49
14973,26487.45
14972,26016.21
14971,23511.02
14970,35274.43
14969,50225.37
14968,40250.07
14967,47105.23
14966,25496.29
14965,20375.9
14964,23158.39
14963,32328.53
14962,34441.92
14961,38254.82
14960,27220.51
14959,16427.76
