69700,24263.28
69699,32972.54
69698,26659.91
69697,13952.05
69696,9323.8
69695,10423.26
69694,11075.05
69693,983.16
69692,21941.6
69691,17723.12
69690,9401.12
69689,9658.74
69688,9573.74
69687,14910.6
69686,14533.14
69685,28249.61
69684,17002.88
69683,23304.4
69682,12981.22
69681,11969.5
69680,12762.86
69679,9613.55
69678,18657.54
69677,20634.68
69676,6383.32
69675,9470.29
69674,11520.97
69673,12573.9
69672,19211.54
69671,29884.8
69670,20203.76
69669,9786.19
69668,13388.3
69667,12408.32
69666,14372.83
69665,17476.57
69664,32923.03
69663,22615.31
69662,11369.93
69661,11256.28
69660,15643.83
69659,31026.1
69658,35567.48
69657,64558.22
69656,30984.6
69655,22509.08
69654,19877.25
69653,21016.06
69652,17418.88
69651,28598.48
69650,43413.28
69649,28459.78
69648,12587.34
69647,11925.79
69646,12505.36
69645,11566.71
69644,22687.51
69643,38811.52
69642,19600.68
69641,16196.32
69640,11649.7
69639,14634.31
69638,23789.83
69637,36052.03
69636,52678.88
69635,33973.42
69634,23357.29
69633,28328.91
69632,32264.39
69631,24121.19
69630,23961.31
69629,41102.56
69628,31950.55
69627,15270.11
69626,18245.06
69625,33292.31
69624,23210.54
69623,33433.15
69622,53495.54
69621,34990.04
69620,24195.96
69619,25609.17
69618,30459.8
69617,23452.33
69616,47803.29
69615,61184.91
69614,14788.81
69613,15564.67
69612,21292.9
69611,21416.95
69610,22522.75
69609,37396.01
69608,23912.62
69607,15247.56
69606,14370.93
69605,25625.74
69604,24856.21
69603,30657.75
69602,40070.88
69601,26483.12
69600,913.0
69599,9746.3
69598,13056.48
69597,14020.69
69596,22232.64
69595,31790.29
69594,22345.22
69593,11728.17
69592,13063.49
69591,11801.54
69590,29869.07
69589,29232.95
69588,46672.97
69587,28189.59
69586,14163.99
69585,19702.11
69584,20526.64
69583,20834.59
69582,733.4
69581,45007.99
69580,27344.4
69579,19544.69
69578,18520.11
69577,26658.71
69576,29924.28
69575,37518.5
69574,55404.45
69573,31579.47
69572,16716.42
69571,16366.41
69570,16131.7
69569,16166.25
69568,37178.49
69567,49611.74
69566,35775.79
69565,23877.92
69564,19488.71
69563,28858.38
69562,26019.58
69561,28972.63
69560,46048.63
69559,37674.57
69558,15171.85
69557,16816.75
69556,18533.17
69555,92.68
69554,30402.81
69553,39893.38
69552,29641.24
69551,29719.83
69550,13708.93
69549,16416.08
69548,21855.22
69547,25389.26
69546,35845.1
69545,25430.16
69544,14957.64
69543,28104.65
69542,28274.0
69541,23520.86
69540,36101.04
69539,36599.65
69538,27434.04
69537,19755.62
69536,22294.82
69535,26959.35
69534,26894.85
69533,33272.0
69532,56499.72
69531,30535.28
69530,11384.46
69529,16091.95
69528,15831.01
69527,19199.67
69526,26837.62
69525,27213.23
69524,22831.54
69523,11897.06
69522,12005.9
69521,16392.92
69520,19403.47
69519,24936.45
69518,28531.58
69517,19919.08
69516,16197.28
