68740,30782.85
68739,61591.64
68738,48206.1
68737,18516.81
68736,15418.27
68735,20365.93
68734,17431.66
68733,2355.52
68732,33588.84
68731,13645.79
68730,12292.6
68729,11527.71
68728,18476.82
68727,24668.09
68726,36995.28
68725,51751.94
68724,26647.07
68723,32337.01
68722,25024.95
68721,20113.76
68720,23210.03
68719,26008.81
68718,44020.78
68717,34922.6
68716,16829.01
68715,16827.47
68714,20621.77
68713,19684.71
68712,34218.49
68711,50324.37
68710,25107.84
68709,23099.48
68708,24803.28
68707,29888.37
68706,26760.94
68705,35786.05
68704,44445.82
68703,25098.7
68702,17770.7
68701,12983.34
68700,19475.91
68699,54742.1
68698,61314.27
68697,81540.38
68696,48032.95
68695,46323.29
68694,29248.24
68693,39305.58
68692,27381.92
68691,46264.63
68690,67671.39
68689,45094.19
68688,22603.57
68687,23083.32
68686,11388.27
68685,10862.67
68684,39352.4
68683,61515.85
68682,39380.82
68681,36823.4
68680,10527.85
68679,20769.63
68678,50049.91
68677,66223.63
68676,83609.28
68675,61631.46
68674,50171.28
68673,53756.41
68672,69257.15
68671,37873.86
68670,44995.59
68669,62308.62
68668,54360.99
68667,22673.11
68666,23256.42
68665,43573.9
68664,44645.34
68663,52429.04
68662,96512.43
68661,66227.49
68660,44844.99
68659,45384.98
68658,54175.04
68657,32519.17
68656,73890.97
68655,91419.8
68654,27331.86
68653,28175.99
68652,24982.89
68651,29884.17
68650,41832.55
68649,48845.9
68648,32711.17
68647,840.77
68646,20270.98
68645,36023.55
68644,41070.64
68643,49989.28
68642,65206.04
68641,29589.33
68640,19694.38
68639,906.34
68638,523.0
68637,450.74
68636,32998.27
68635,48580.54
68634,40359.4
68633,641.19
68632,19513.5
68631,23466.16
68630,59609.35
68629,63326.91
68628,80515.66
68627,53106.2
68626,36306.2
68625,43788.05
68624,48644.97
68623,40302.46
68622,55315.16
68621,79194.72
68620,42314.57
68619,29812.89
68618,30995.04
68617,34616.53
68616,45584.93
68615,50350.95
68614,81801.34
68613,37878.17
68612,19405.73
68611,20301.48
68610,24712.57
68609,24681.54
68608,63513.94
68607,72197.19
68606,50197.22
68605,38005.56
68604,38893.25
68603,45085.76
68602,36899.26
68601,52697.75
68600,59995.93
68599,50024.64
68598,22962.38
68597,32892.27
68596,34707.87
68595,44493.36
68594,59154.84
68593,61453.48
68592,49089.74
68591,55551.54
68590,27087.04
68589,33432.53
68588,35445.68
68587,43115.29
68586,50292.99
68585,47905.93
68584,25437.99
68583,59413.54
68582,51428.36
68581,51450.86
68580,61945.0
68579,72184.92
68578,50374.97
68577,41340.07
68576,46002.29
68575,44112.29
68574,54933.6
68573,65538.62
68572,65418.77
68571,45400.76
68570,27511.02
68569,27858.48
68568,32318.63
68567,34916.71
68566,52811.69
68565,43508.95
68564,41211.56
68563,28218.37
68562,20831.97
68561,29220.86
68560,35040.53
68559,35876.64
68558,38599.54
68557,24868.39
68556,18124.59
