213524,12188.93
213523,25003.46
213522,23017.56
213521,9986.62
213520,11023.9
213519,12090.05
213518,7706.79
213517,1389.72
213516,21614.55
213515,15546.13
213514,6243.2
213513,8197.79
213512,9041.21
213511,11922.89
213510,11749.23
213509,23156.56
213508,17755.04
213507,19367.32
213506,12303.48
213505,13826.01
213504,11965.8
213503,10023.18
213502,29070.42
213501,16877.3
213500,12960.05
213499,8569.05
213498,8026.06
213497,6649.5
213496,13554.5
213495,23986.97
213494,14954.37
213493,7170.37
213492,12184.66
213491,9062.34
213490,12389.49
213489,14775.7
213488,27540.46
213487,22468.87
213486,13987.78
213485,12183.37
213484,12515.26
213483,20788.63
213482,25424.25
213481,44657.75
213480,26689.5
213479,20163.29
213478,12082.75
213477,11429.4
213476,7553.27
213475,14296.17
213474,27137.88
213473,23360.01
213472,9128.42
213471,8000.51
213470,9022.83
213469,7595.05
213468,13546.87
213467,27637.53
213466,15109.26
213465,11230.47
213464,10179.84
213463,8672.48
213462,18432.5
213461,18555.22
213460,34387.56
213459,32423.84
213458,13811.91
213457,16519.03
213456,19015.21
213455,13527.04
213454,19268.67
213453,34461.63
213452,27094.28
213451,11404.35
213450,13601.39
213449,17398.16
213448,17842.17
213447,19017.85
213446,36050.97
213445,24930.8
213444,15176.57
213443,17294.95
213442,17210.1
213441,19893.53
213440,25366.62
213439,40956.26
213438,11925.35
213437,10107.76
213436,10685.18
213435,12261.96
213434,14568.05
213433,27997.61
213432,20510.03
213431,7794.62
213430,10627.27
213429,17507.95
213428,17038.13
213427,23812.11
213426,34905.22
213425,32685.13
213424,929.79
213423,9383.57
213422,9490.76
213421,12844.22
213420,14303.69
213419,30402.18
213418,21501.83
213417,9347.38
213416,9204.64
213415,10178.37
213414,14360.36
213413,17944.31
213412,32104.93
213411,29790.7
213410,12804.62
213409,14256.84
213408,13628.64
213407,14811.25
213406,628.97
213405,41149.25
213404,30551.72
213403,15591.22
213402,17847.79
213401,16554.2
213400,28273.42
213399,33774.73
213398,65822.74
213397,26882.33
213396,11223.24
213395,12126.04
213394,11424.16
213393,14098.74
213392,20934.24
213391,38372.38
213390,30520.59
213389,14633.2
213388,14125.32
213387,14461.96
213386,15285.52
213385,20056.95
213384,40083.54
213383,30999.18
213382,13200.06
213381,13972.32
213380,13743.02
213379,18929.18
213378,19035.15
213377,37624.84
213376,30691.24
213375,29675.06
213374,11173.71
213373,13484.47
213372,17872.31
213371,15365.05
213370,33904.05
213369,28605.42
213368,12074.58
213367,16882.51
213366,16088.01
213365,14142.48
213364,18938.34
213363,35728.95
213362,29092.7
213361,16517.71
213360,17690.84
213359,18291.51
213358,22396.7
213357,30702.0
213356,57853.91
213355,28536.73
213354,10948.22
213353,11697.48
213352,11602.43
213351,15800.14
213350,20678.27
213349,26706.07
213348,25576.32
213347,10934.05
213346,11420.75
213345,10802.17
213344,13187.05
213343,19831.06
213342,32711.09
213341,24528.36
213340,17875.45
