164190,25184.3
164189,40182.25
164188,26073.47
164187,10941.65
164186,10891.09
164185,15022.16
164184,15941.8
164183,464.13
164182,29669.66
164181,17148.09
164180,11974.09
164179,13485.16
164178,14214.48
164177,21416.4
164176,21956.4
164175,31042.74
164174,14614.45
164173,26965.3
164172,15050.67
164171,15007.24
164170,15027.82
164169,14287.4
164168,28203.35
164167,24457.19
164166,12397.1
164165,12515.95
164164,18136.91
164163,13086.95
164162,22581.0
164161,37307.29
164160,21639.46
164159,16748.23
164158,17285.46
164157,17498.57
164156,17611.53
164155,21534.84
164154,36209.07
164153,17757.59
164152,15796.91
164151,16546.07
164150,20491.23
164149,31776.64
164148,38865.48
164147,51774.17
164146,39651.28
164145,39405.47
164144,21546.46
164143,18284.58
164142,14792.08
164141,28160.17
164140,39886.94
164139,28578.85
164138,14980.65
164137,16930.08
164136,15398.35
164135,16210.83
164134,25873.32
164133,38119.03
164132,25539.91
164131,19095.39
164130,14171.93
164129,19852.8
164128,29680.82
164127,30187.03
164126,51328.52
164125,38435.76
164124,27100.28
164123,29067.87
164122,30689.66
164121,24104.98
164120,29309.56
164119,45408.53
164118,34232.6
164117,17421.18
164116,18325.07
164115,24644.86
164114,23147.06
164113,28561.36
164112,43974.04
164111,38786.92
164110,21425.75
164109,23131.4
164108,28961.2
164107,26125.2
164106,36744.95
164105,53282.05
164104,-23.97
164103,20196.08
164102,18587.62
164101,24407.92
164100,25668.09
164099,31449.46
164098,40476.62
164097,29242.27
164096,44.89
164095,21622.98
164094,31022.0
164093,25718.68
164092,35442.61
164091,46545.7
164090,41778.96
164089,17774.92
164088,17650.46
164087,16186.67
164086,19022.16
164085,24651.83
164084,34723.5
164083,27917.62
164082,19572.89
164081,23221.79
164080,22347.11
164079,27654.23
164078,28016.49
164077,43612.54
164076,34987.86
164075,22017.67
164074,22567.85
164073,20913.23
164072,22275.72
164071,97.99
164070,49874.69
164069,33593.1
164068,21919.62
164067,22633.96
164066,25217.05
164065,29418.63
164064,39882.65
164063,52238.21
164062,29920.86
164061,20885.78
164060,23285.86
164059,27388.87
164058,19742.81
164057,32919.27
164056,47100.32
164055,31303.25
164054,21601.35
164053,23201.98
164052,27793.21
164051,22053.92
164050,28435.28
164049,41202.45
164048,33383.61
164047,16280.6
164046,16433.14
164045,17336.44
164044,31539.78
164043,39404.16
164042,28969.75
164041,36997.69
164040,18927.76
164039,20222.17
164038,20031.24
164037,27487.65
164036,40700.07
164035,34069.14
164034,26226.35
164033,33474.33
164032,32579.17
164031,28375.13
164030,36769.6
164029,55883.75
164028,35172.57
164027,24028.25
164026,27876.47
164025,29312.79
164024,29059.46
164023,29176.75
164022,38595.76
164021,27142.6
164020,17424.65
164019,19228.04
164018,20974.42
164017,21507.63
164016,28493.83
164015,29953.14
164014,31956.55
164013,21435.4
164012,14740.4
164011,20704.74
164010,24109.84
164009,28584.33
164008,28466.78
164007,25573.73
164006,17333.0
