222930,17354.45
222929,26413.16
222928,16877.28
222927,7985.83
222926,9843.9
222925,6878.34
222924,7471.4
222923,518.69
222922,18728.54
222921,11373.76
222920,4878.75
222919,6577.73
222918,8047.02
222917,9208.62
222916,11963.41
222915,18444.89
222914,10337.14
222913,14423.34
222912,7614.06
222911,8921.68
222910,7432.26
222909,11171.57
222908,18226.31
222907,11181.63
222906,8563.44
222905,4030.37
222904,7786.6
222903,7222.43
222902,13171.86
222901,18680.91
222900,9244.39
222899,11395.0
222898,9259.98
222897,9827.79
222896,12952.61
222895,14577.46
222894,15764.73
222893,10177.58
222892,10676.19
222891,10166.52
222890,9384.36
222889,16753.23
222888,18791.13
222887,35923.5
222886,18145.53
222885,8772.64
222884,10272.6
222883,12626.08
222882,8656.15
222881,17520.65
222880,24182.86
222879,14056.83
222878,8032.09
222877,4270.14
222876,8131.17
222875,9001.18
222874,14249.6
222873,26583.24
222872,13959.18
222871,10538.62
222870,6918.65
222869,13808.68
222868,15010.2
222867,16935.93
222866,34367.83
222865,20284.92
222864,10841.63
222863,13114.61
222862,13584.65
222861,11203.44
222860,13825.57
222859,30022.87
222858,21827.35
222857,12502.97
222856,11123.2
222855,16215.42
222854,16868.29
222853,18558.78
222852,35671.66
222851,25421.0
222850,13776.54
222849,14307.15
222848,17274.47
222847,16513.88
222846,37886.7
222845,42660.28
222844,13366.23
222843,10264.2
222842,11630.85
222841,12290.13
222840,11868.0
222839,24421.68
222838,16673.14
222837,9139.45
222836,11537.06
222835,14226.83
222834,18234.52
222833,23763.96
222832,33322.52
222831,21819.07
222830,726.51
222829,8944.85
222828,8156.67
222827,13539.28
222826,14838.27
222825,21210.75
222824,17842.17
222823,7562.01
222822,9671.4
222821,10951.75
222820,15357.82
222819,25286.39
222818,31397.95
222817,20093.04
222816,11749.68
222815,12829.71
222814,9953.25
222813,13648.19
222812,957.52
222811,25661.31
222810,14520.34
222809,9902.61
222808,17661.98
222807,15297.36
222806,19238.43
222805,30259.52
222804,42958.44
222803,19062.73
222802,10490.61
222801,15211.35
222800,14742.31
222799,14759.21
222798,24623.41
222797,33888.03
222796,23987.61
222795,12945.94
222794,15154.3
222793,16897.12
222792,14671.08
222791,17976.14
222790,32808.26
222789,22701.09
222788,13876.87
222787,13478.79
222786,13121.27
222785,16324.88
222784,18696.93
222783,28467.39
222782,18311.95
222781,21099.85
222780,12822.27
222779,10483.4
222778,13813.53
222777,14498.64
222776,24247.91
222775,19920.48
222774,11767.75
222773,11120.26
222772,14890.61
222771,17951.05
222770,18994.54
222769,29477.67
222768,18575.76
222767,14638.08
222766,13437.52
222765,13295.96
222764,17379.59
222763,23844.03
222762,35183.76
222761,13804.26
222760,10738.06
222759,11886.84
222758,14567.87
222757,13155.58
222756,19643.12
222755,20651.88
222754,16095.95
222753,8942.74
222752,10403.05
222751,12176.6
222750,12008.0
222749,17785.61
222748,21129.84
222747,14717.47
222746,10504.59
