143092,21117.5
143091,42430.14
143090,23562.96
143089,12681.69
143088,13327.62
143087,12048.72
143086,10067.31
143085,970.76
143084,20820.66
143083,13298.86
143082,7895.0
143081,8792.93
143080,11129.33
143079,15342.07
143078,16319.27
143077,29763.08
143076,15288.83
143075,17407.59
143074,13606.04
143073,14092.14
143072,15878.47
143071,14481.02
143070,32441.58
143069,17987.8
143068,6176.93
143067,10426.91
143066,11765.17
143065,7899.43
143064,21060.39
143063,35129.06
143062,21607.82
143061,12745.39
143060,1068.13
143059,6666.36
143058,10675.11
143057,16007.51
143056,28953.66
143055,15043.64
143054,4228.76
143053,11439.91
143052,19414.46
143051,27532.02
143050,35125.07
143049,53353.63
143048,19507.39
143047,23413.62
143046,16716.85
143045,19269.12
143044,15087.3
143043,25984.37
143042,53764.39
143041,28032.91
143040,16352.55
143039,12366.3
143038,15870.65
143037,12181.08
143036,25314.33
143035,42737.23
143034,25145.91
143033,15681.18
143032,11381.47
143031,14144.88
143030,26995.72
143029,37715.8
143028,59846.71
143027,36837.93
143026,27192.02
143025,27141.11
143024,33461.83
143023,20044.96
143022,27043.16
143021,42990.24
143020,27999.86
143019,16231.84
143018,13993.43
143017,27659.15
143016,22525.12
143015,29235.92
143014,45842.05
143013,31302.09
143012,19974.15
143011,25035.13
143010,18375.13
143009,15011.65
143008,40975.16
143007,51986.53
143006,14551.31
143005,17955.2
143004,16589.96
143003,16755.39
143002,21333.44
143001,36540.93
143000,21515.27
142999,11239.12
142998,12911.52
142997,21045.39
142996,22385.35
142995,28966.79
142994,51008.61
142993,30514.74
142992,1019.28
142991,13078.44
142990,15060.3
142989,18439.08
142988,23600.56
142987,43536.48
142986,29095.76
142985,17092.59
142984,13245.81
142983,14927.52
142982,28484.03
142981,32958.28
142980,47854.51
142979,35089.11
142978,19847.97
142977,21809.43
142976,20870.85
142975,23747.54
142974,371.19
142973,56151.76
142972,24782.46
142971,18047.79
142970,21266.36
142969,18068.5
142968,26348.64
142967,38061.21
142966,46034.44
142965,28453.65
142964,17676.17
142963,16879.01
142962,16905.05
142961,16458.01
142960,33484.24
142959,54351.61
142958,31549.84
142957,22539.12
142956,23421.54
142955,22040.06
142954,22971.58
142953,32160.19
142952,44305.18
142951,34710.33
142950,18045.36
142949,23135.5
142948,27672.84
142947,120.74
142946,33030.62
142945,47615.79
142944,28231.82
142943,34145.18
142942,19561.76
142941,20529.22
142940,22748.47
142939,26405.28
142938,42912.1
142937,30087.33
142936,18685.65
142935,27044.23
142934,28545.03
142933,34607.02
142932,35191.15
142931,49069.38
142930,36463.95
142929,24715.63
142928,23933.73
142927,25556.54
142926,26800.96
142925,43906.21
142924,43454.8
142923,29002.81
142922,17131.13
142921,20085.36
142920,18658.82
142919,18151.72
142918,29213.8
142917,30272.46
142916,25599.16
142915,17775.13
142914,13761.03
142913,19036.54
142912,22996.49
142911,25539.52
142910,29006.62
142909,21511.45
142908,12921.97
