69508,20487.35
69507,30519.68
69506,24171.87
69505,13381.27
69504,13909.81
69503,11837.12
69502,13246.24
69501,386.0
69500,22507.72
69499,13902.72
69498,6997.36
69497,8961.11
69496,9094.55
69495,13369.17
69494,17738.7
69493,28005.83
69492,13550.59
69491,15899.82
69490,12904.57
69489,10888.14
69488,10552.18
69487,11270.06
69486,17661.51
69485,17762.25
69484,9777.04
69483,9619.84
69482,8388.5
69481,11355.45
69480,16091.07
69479,28172.97
69478,15782.71
69477,8741.55
69476,13709.61
69475,12151.74
69474,13489.99
69473,18822.57
69472,30860.34
69471,16613.02
69470,12661.87
69469,11781.02
69468,16652.63
69467,31971.1
69466,40008.92
69465,61061.19
69464,28891.49
69463,19216.12
69462,18741.48
69461,22724.34
69460,14511.11
69459,23871.84
69458,31924.24
69457,20936.48
69456,10169.42
69455,11639.31
69454,15282.06
69453,13204.67
69452,20334.83
69451,33345.98
69450,20102.98
69449,15306.08
69448,13850.76
69447,13588.8
69446,18598.53
69445,27692.53
69444,44843.28
69443,28843.85
69442,20732.73
69441,23235.67
69440,32452.09
69439,20775.2
69438,29031.73
69437,39385.8
69436,31532.1
69435,17966.74
69434,15891.71
69433,27034.24
69432,25523.21
69431,29924.79
69430,44938.67
69429,28241.11
69428,20034.03
69427,22817.7
69426,26193.1
69425,22600.23
69424,38998.81
69423,56406.2
69422,13733.3
69421,10786.16
69420,13340.88
69419,20138.53
69418,24149.01
69417,36361.68
69416,23085.93
69415,201.03
69414,11213.71
69413,22130.9
69412,24018.18
69411,27556.47
69410,39264.12
69409,19404.62
69408,11930.02
69407,10135.26
69406,11199.09
69405,15895.38
69404,19369.57
69403,31355.03
69402,20215.3
69401,10388.01
69400,12209.93
69399,14805.85
69398,19695.34
69397,25495.85
69396,33287.59
69395,22528.14
69394,19462.84
69393,18772.81
69392,20642.79
69391,22072.25
69390,1128.57
69389,46661.6
69388,25578.96
69387,19114.04
69386,20529.4
69385,22627.56
69384,29226.32
69383,38662.51
69382,61051.54
69381,34042.91
69380,15298.09
69379,15209.61
69378,19466.69
69377,18087.46
69376,30755.96
69375,34608.93
69374,26314.78
69373,21534.35
69372,17756.19
69371,22021.07
69370,19054.7
69369,27611.63
69368,38713.51
69367,29322.04
69366,16368.05
69365,16607.3
69364,21595.25
69363,289.65
69362,33151.47
69361,38086.34
69360,22221.39
69359,29247.51
69358,12706.46
69357,14683.48
69356,17530.67
69355,23918.04
69354,31265.76
69353,20116.86
69352,13539.11
69351,21316.26
69350,22642.17
69349,21348.63
69348,26272.65
69347,36709.05
69346,25440.84
69345,17107.36
69344,18123.49
69343,19193.25
69342,24452.1
69341,30770.46
69340,51427.41
69339,30064.2
69338,13719.8
69337,15075.92
69336,21008.64
69335,17922.91
69334,25288.65
69333,29311.2
69332,26485.21
69331,15866.19
69330,10669.36
69329,20126.09
69328,21633.78
69327,23360.69
69326,33908.21
69325,20446.48
69324,19961.51
