55825,25993.8
55824,39041.23
55823,33806.87
55822,11893.4
55821,14621.68
55820,13395.36
55819,16108.56
55818,680.95
55817,32775.91
55816,23943.18
55815,8993.54
55814,8589.44
55813,11227.45
55812,19750.96
55811,23781.98
55810,35202.74
55809,30685.13
55808,23471.69
55807,14910.36
55806,13912.39
55805,12059.56
55804,16587.43
55803,35482.26
55802,30149.92
55801,13930.05
55800,13588.03
55799,13491.9
55798,15283.42
55797,26590.56
55796,39302.11
55795,26991.82
55794,12899.47
55793,13372.88
55792,14183.84
55791,16571.34
55790,19296.21
55789,40790.34
55788,24605.34
55787,13241.76
55786,11869.24
55785,17023.24
55784,32319.51
55783,34767.46
55782,71446.54
55781,47439.89
55780,33580.98
55779,22552.31
55778,21519.85
55777,19285.98
55776,28670.8
55775,55452.12
55774,38077.79
55773,16144.31
55772,12642.24
55771,15765.9
55770,14693.61
55769,22676.07
55768,46310.95
55767,34653.82
55766,22054.34
55765,16125.11
55764,19177.63
55763,35020.53
55762,32429.01
55761,61028.16
55760,47927.7
55759,25747.5
55758,24589.72
55757,37637.29
55756,24065.11
55755,30169.5
55754,48957.3
55753,42866.45
55752,16732.85
55751,19161.66
55750,30972.74
55749,28772.58
55748,29133.33
55747,61061.78
55746,47823.41
55745,21149.8
55744,23950.69
55743,28990.68
55742,20844.37
55741,44872.48
55740,70507.86
55739,17065.33
55738,18070.51
55737,13676.48
55736,23555.41
55735,22237.92
55734,42690.59
55733,35237.84
55732,16108.15
55731,18529.71
55730,24529.84
55729,29719.74
55728,36639.4
55727,59683.17
55726,48982.01
55725,877.39
55724,17898.3
55723,15363.34
55722,18432.28
55721,26184.94
55720,44245.04
55719,34753.08
55718,18069.5
55717,15822.96
55716,16621.51
55715,33170.04
55714,39147.61
55713,54607.39
55712,41998.08
55711,25371.25
55710,22715.32
55709,24924.03
55708,27929.71
55707,799.17
55706,78420.67
55705,38057.1
55704,19794.22
55703,24368.19
55702,24677.7
55701,32633.97
55700,40150.26
55699,71198.35
55698,44877.35
55697,18056.35
55696,22777.77
55695,21106.89
55694,24086.07
55693,42064.5
55692,57693.68
55691,48608.64
55690,21391.0
55689,24898.12
55688,31009.15
55687,26922.39
55686,39197.55
55685,60710.32
55684,56120.18
55683,18061.6
55682,19437.55
55681,20438.95
55680,170.25
55679,38314.59
55678,55789.83
55677,31901.27
55676,56588.69
55675,17336.25
55674,23837.47
55673,21146.86
55672,32114.79
55671,49718.24
55670,42901.12
55669,25802.12
55668,38283.84
55667,32427.59
55666,31212.97
55665,34047.5
55664,52048.16
55663,40392.73
55662,22167.96
55661,25114.87
55660,29265.46
55659,31890.06
55658,46228.84
55657,66758.41
55656,51266.14
55655,18574.77
55654,20897.62
55653,20913.27
55652,23180.06
55651,34560.73
55650,48872.52
55649,47988.91
55648,19233.05
55647,16709.62
55646,22026.54
55645,27773.67
55644,32862.44
55643,41530.61
55642,34972.92
55641,10501.41
