92908,22167.71
92907,39813.74
92906,28340.1
92905,9790.06
92904,11625.42
92903,9943.75
92902,10273.31
92901,537.45
92900,27953.07
92899,21400.9
92898,8600.93
92897,8668.89
92896,10430.15
92895,16234.53
92894,18323.27
92893,33137.25
92892,20900.18
92891,22753.5
92890,14176.1
92889,14807.81
92888,13664.1
92887,11159.45
92886,30323.47
92885,24896.87
92884,9446.99
92883,10793.64
92882,10224.1
92881,9900.06
92880,21272.81
92879,36144.84
92878,21920.07
92877,10232.42
92876,13303.33
92875,10690.76
92874,18936.54
92873,19289.4
92872,32069.97
92871,18108.69
92870,10919.54
92869,15341.07
92868,14323.54
92867,30633.74
92866,42757.3
92865,70384.78
92864,33930.46
92863,25382.67
92862,18202.29
92861,19618.96
92860,14646.58
92859,28044.99
92858,42967.76
92857,28395.27
92856,11873.24
92855,12001.13
92854,11054.61
92853,13183.92
92852,22752.07
92851,42274.4
92850,23735.99
92849,20380.64
92848,17232.04
92847,14900.61
92846,27420.45
92845,33910.13
92844,58041.47
92843,35363.99
92842,23999.24
92841,25337.21
92840,32110.76
92839,22871.72
92838,33942.43
92837,57623.1
92836,38203.64
92835,18208.26
92834,22839.84
92833,31314.1
92832,29212.07
92831,36884.51
92830,65865.29
92829,34343.52
92828,22639.43
92827,25563.55
92826,29198.05
92825,25289.27
92824,47911.3
92823,62477.03
92822,15768.41
92821,16066.79
92820,18481.43
92819,22442.84
92818,23642.97
92817,38269.07
92816,24245.18
92815,10313.71
92814,14468.85
92813,26097.82
92812,25373.11
92811,26108.97
92810,56740.43
92809,32111.27
92808,80.61
92807,12011.38
92806,14104.3
92805,14619.45
92804,26817.5
92803,36157.4
92802,23902.17
92801,8562.92
92800,13828.63
92799,15150.95
92798,24807.0
92797,30399.68
92796,49748.4
92795,30036.77
92794,20476.65
92793,17071.34
92792,20816.45
92791,22095.29
92790,112.68
92789,55335.03
92788,28280.51
92787,17293.84
92786,17884.39
92785,21208.08
92784,30599.45
92783,39708.72
92782,65853.25
92781,34386.23
92780,11724.95
92779,17716.21
92778,15869.88
92777,16866.52
92776,33369.84
92775,53105.33
92774,33166.78
92773,15201.3
92772,18471.6
92771,22801.64
92770,20560.81
92769,30269.86
92768,51380.86
92767,34430.62
92766,11671.08
92765,15108.6
92764,17496.79
92763,78.18
92762,27876.75
92761,40631.65
92760,28891.86
92759,39700.97
92758,21608.06
92757,18732.1
92756,22433.3
92755,27200.85
92754,34731.75
92753,26302.0
92752,13673.92
92751,27208.83
92750,22259.25
92749,23221.2
92748,33741.77
92747,44036.73
92746,28267.26
92745,22682.26
92744,20224.46
92743,20595.8
92742,26208.14
92741,33937.45
92740,53619.85
92739,32967.24
92738,12891.99
92737,13160.62
92736,13167.43
92735,16838.09
92734,28656.33
92733,27121.2
92732,28407.44
92731,11704.04
92730,9067.36
92729,13033.8
92728,17048.05
92727,22445.3
92726,34898.13
92725,26618.71
92724,20746.35
