95599,30485.88
95598,44626.94
95597,41880.67
95596,14045.31
95595,13821.7
95594,12723.11
95593,15625.08
95592,1191.79
95591,31521.92
95590,22039.75
95589,8938.68
95588,12326.74
95587,12652.92
95586,21900.74
95585,26775.12
95584,32660.27
95583,32799.87
95582,26357.12
95581,15632.3
95580,20380.34
95579,25693.09
95578,22439.66
95577,25126.3
95576,19091.22
95575,14315.66
95574,12475.43
95573,12883.77
95572,14225.29
95571,26254.16
95570,40970.48
95569,25894.12
95568,17024.99
95567,13337.48
95566,15958.73
95565,19469.49
95564,7343.13
95563,35857.35
95562,29647.9
95561,3358.58
95560,15928.38
95559,18729.45
95558,40170.81
95557,46624.07
95556,69145.73
95555,31643.63
95554,37618.21
95553,18135.42
95552,28141.9
95551,20895.85
95550,32653.02
95549,49628.1
95548,37818.96
95547,17304.61
95546,19272.4
95545,16678.84
95544,12635.01
95543,26639.54
95542,45655.01
95541,29565.92
95540,22153.61
95539,14688.88
95538,16710.36
95537,40921.15
95536,40283.91
95535,80617.02
95534,64867.5
95533,29743.97
95532,38120.74
95531,47324.83
95530,31581.71
95529,37221.21
95528,59853.67
95527,49586.8
95526,18509.08
95525,18335.23
95524,36228.13
95523,31420.6
95522,39882.77
95521,69784.42
95520,53254.85
95519,22528.12
95518,29897.36
95517,38635.74
95516,33184.08
95515,50745.33
95514,83231.13
95513,15631.03
95512,20601.42
95511,22908.03
95510,21178.81
95509,23237.27
95508,47308.64
95507,36446.34
95506,9915.14
95505,19148.99
95504,28210.48
95503,23192.36
95502,41683.61
95501,68579.88
95500,56213.56
95499,1121.54
95498,21361.56
95497,22389.27
95496,26711.18
95495,27360.8
95494,47607.45
95493,35575.35
95492,19123.13
95491,20397.02
95490,20813.28
95489,39393.14
95488,47282.29
95487,68083.64
95486,53266.48
95485,27963.93
95484,28024.07
95483,35821.4
95482,33223.62
95481,939.5
95480,61181.56
95479,39228.73
95478,20030.38
95477,23293.4
95476,25813.64
95475,37503.84
95474,50429.28
95473,77957.19
95472,50080.1
95471,19099.92
95470,19028.41
95469,19844.25
95468,25829.5
95467,52127.44
95466,61344.42
95465,57919.84
95464,33340.11
95463,31020.34
95462,35948.83
95461,32780.31
95460,43942.75
95459,61651.08
95458,62423.95
95457,23405.83
95456,23092.69
95455,28387.79
95454,383.01
95453,49024.93
95452,62828.96
95451,47584.96
95450,69193.31
95449,25339.16
95448,26478.94
95447,30478.78
95446,38620.87
95445,43736.33
95444,46413.04
95443,24380.7
95442,36068.39
95441,40158.1
95440,40018.91
95439,42860.76
95438,69055.83
95437,49703.7
95436,29776.98
95435,28861.62
95434,30207.71
95433,36281.38
95432,52886.23
95431,57201.03
95430,48117.91
95429,23908.25
95428,24557.53
95427,22389.1
95426,26121.14
95425,38603.37
95424,42779.07
95423,45800.84
95422,21766.71
95421,18028.5
95420,27287.87
95419,28688.88
95418,34399.09
95417,39079.48
95416,30920.61
95415,17943.87
