167832,17065.39
167831,27015.12
167830,23752.04
167829,10723.77
167828,8261.65
167827,8805.85
167826,8835.44
167825,687.84
167824,16994.67
167823,17312.59
167822,8543.4
167821,8971.39
167820,9358.07
167819,13055.12
167818,14499.44
167817,20266.62
167816,20170.62
167815,21075.89
167814,12028.83
167813,13514.29
167812,13458.48
167811,13734.38
167810,22252.02
167809,16800.89
167808,8547.8
167807,9317.56
167806,8043.18
167805,11725.93
167804,15290.91
167803,24656.1
167802,18316.5
167801,8465.75
167800,8764.16
167799,10913.32
167798,13512.16
167797,19032.57
167796,26444.2
167795,14784.21
167794,11115.16
167793,11843.86
167792,15092.94
167791,21668.89
167790,31565.06
167789,43682.76
167788,29277.38
167787,23348.39
167786,13618.53
167785,16087.12
167784,13170.89
167783,23533.86
167782,33381.93
167781,25807.13
167780,16168.61
167779,8909.5
167778,11814.35
167777,10809.88
167776,19726.83
167775,26894.87
167774,14089.65
167773,13769.03
167772,14023.59
167771,14862.13
167770,19772.44
167769,27748.85
167768,40171.61
167767,31207.91
167766,17738.26
167765,17207.82
167764,22632.05
167763,18525.66
167762,24439.46
167761,33048.04
167760,29365.54
167759,13348.29
167758,12769.37
167757,21187.34
167756,19792.67
167755,26401.14
167754,42338.37
167753,30496.12
167752,18758.01
167751,19310.4
167750,19555.97
167749,19896.77
167748,30370.26
167747,39571.79
167746,14793.81
167745,10178.79
167744,10824.15
167743,17104.68
167742,18741.9
167741,30314.82
167740,22181.73
167739,11666.76
167738,12199.89
167737,18831.6
167736,18481.06
167735,27237.86
167734,38495.68
167733,33146.72
167732,1752.2
167731,10126.63
167730,13949.24
167729,13325.6
167728,16408.16
167727,30545.96
167726,19384.45
167725,9996.73
167724,11408.86
167723,13301.9
167722,24192.79
167721,28071.71
167720,36406.8
167719,30323.74
167718,16313.76
167717,17418.24
167716,15554.68
167715,14860.95
167714,396.82
167713,37849.52
167712,25229.66
167711,12674.35
167710,18502.41
167709,18402.03
167708,23777.19
167707,32280.85
167706,54966.13
167705,33063.57
167704,14416.71
167703,14549.21
167702,14769.97
167701,17042.97
167700,34302.03
167699,36713.11
167698,26857.19
167697,18010.6
167696,19703.02
167695,17184.83
167694,18567.05
167693,25274.69
167692,36443.87
167691,29564.24
167690,14536.82
167689,14708.49
167688,17485.29
167687,201.21
167686,27424.08
167685,30158.51
167684,22472.18
167683,29391.36
167682,13595.14
167681,14354.65
167680,17365.64
167679,23764.72
167678,26705.73
167677,26364.58
167676,14006.24
167675,21245.34
167674,21710.22
167673,19565.16
167672,28247.21
167671,41838.52
167670,28255.18
167669,16856.91
167668,20414.1
167667,21020.94
167666,22507.98
167665,30398.86
167664,34564.95
167663,28284.04
167662,12518.34
167661,14799.91
167660,14744.49
167659,19337.06
167658,22513.91
167657,22382.8
167656,27494.64
167655,14290.25
167654,11749.91
167653,13294.83
167652,16398.41
167651,19049.14
167650,22724.82
167649,18301.04
167648,13826.69
