74667,23390.21
74666,55348.81
74665,47407.76
74664,12459.47
74663,12498.14
74662,15748.28
74661,13565.89
74660,676.12
74659,29636.35
74658,21313.53
74657,11421.09
74656,12982.96
74655,13072.3
74654,26186.23
74653,33556.32
74652,51227.18
74651,24810.53
74650,37202.63
74649,17848.25
74648,22998.43
74647,19994.08
74646,25206.37
74645,50869.82
74644,39973.31
74643,15145.89
74642,13583.84
74641,16144.36
74640,13195.01
74639,29868.15
74638,44857.21
74637,33968.4
74636,17171.75
74635,18101.64
74634,15938.8
74633,23675.17
74632,24391.21
74631,47101.79
74630,27895.44
74629,9994.75
74628,16663.49
74627,16375.5
74626,39208.31
74625,49662.57
74624,73215.18
74623,54008.47
74622,44290.54
74621,25687.21
74620,34811.61
74619,22101.66
74618,39366.35
74617,61082.27
74616,46687.04
74615,17878.36
74614,19003.58
74613,15585.6
74612,14446.59
74611,26227.4
74610,54760.75
74609,38277.35
74608,27124.38
74607,17288.09
74606,15106.45
74605,54975.87
74604,56190.39
74603,90254.59
74602,76458.45
74601,45405.17
74600,51809.65
74599,67342.71
74598,28990.42
74597,40536.9
74596,65725.79
74595,49618.46
74594,19851.6
74593,20011.12
74592,41278.37
74591,37410.57
74590,49034.82
74589,83440.58
74588,60976.11
74587,41483.02
74586,45724.16
74585,50535.44
74584,45278.29
74583,62551.37
74582,76675.03
74581,-29.73
74580,23399.48
74579,23715.66
74578,20453.27
74577,23061.17
74576,33327.18
74575,42462.74
74574,35612.37
74573,17639.38
74572,19151.8
74571,37613.95
74570,31078.97
74569,43838.36
74568,51490.9
74567,52069.69
74566,1930.0
74565,19355.52
74564,18221.18
74563,26501.45
74562,28437.18
74561,48505.61
74560,36170.55
74559,21884.25
74558,19910.33
74557,20985.86
74556,55042.49
74555,63718.03
74554,82081.94
74553,58491.95
74552,35131.48
74551,39326.55
74550,46254.8
74549,36952.36
74548,2027.33
74547,80017.51
74546,48414.81
74545,22171.22
74544,26512.41
74543,27423.32
74542,41177.84
74541,54890.19
74540,77244.26
74539,43942.15
74538,20593.15
74537,24045.49
74536,24913.95
74535,27986.88
74534,51276.64
74533,77045.01
74532,64602.35
74531,40789.91
74530,40610.78
74529,42108.01
74528,36273.05
74527,44875.86
74526,73374.25
74525,58989.76
74524,25942.18
74523,28620.27
74522,32712.05
74521,376.98
74520,57474.61
74519,80746.03
74518,64438.7
74517,61902.69
74516,32098.27
74515,33280.19
74514,40863.75
74513,43850.85
74512,57216.08
74511,54333.09
74510,27491.82
74509,51888.0
74508,47264.87
74507,44600.92
74506,47248.14
74505,67258.39
74504,62675.42
74503,40643.15
74502,42698.45
74501,42091.97
74500,45417.47
74499,61842.26
74498,68176.06
74497,50312.17
74496,27357.75
74495,45217.7
74494,27845.13
74493,34352.79
74492,49852.79
74491,50996.63
74490,49206.06
74489,23771.06
74488,20825.74
74487,28999.55
74486,35302.04
74485,37903.15
74484,44640.06
74483,31872.68
74482,22930.69
