153254,15836.94
153253,33834.41
153252,27542.45
153251,11357.98
153250,12881.36
153249,12207.58
153248,12723.66
153247,596.6
153246,25198.06
153245,13096.51
153244,8293.68
153243,6329.86
153242,8099.28
153241,15670.42
153240,21448.37
153239,28142.52
153238,19442.75
153237,17855.28
153236,11980.8
153235,12051.78
153234,13719.62
153233,13920.62
153232,27686.15
153231,21531.42
153230,11168.71
153229,5941.88
153228,10844.12
153227,10281.42
153226,17921.04
153225,29862.05
153224,19383.31
153223,13331.1
153222,12087.71
153221,13110.13
153220,12717.76
153219,18807.96
153218,27491.43
153217,19322.97
153216,12149.92
153215,10913.27
153214,16878.11
153213,30562.25
153212,38534.92
153211,53278.81
153210,31059.08
153209,23435.43
153208,17544.89
153207,19540.44
153206,17441.84
153205,28757.18
153204,36537.34
153203,31115.9
153202,12610.8
153201,18030.74
153200,13992.38
153199,10872.17
153198,22257.68
153197,36998.53
153196,20252.86
153195,18201.87
153194,12097.93
153193,17050.14
153192,25507.46
153191,35255.48
153190,48698.92
153189,34222.93
153188,21756.49
153187,24113.38
153186,34290.82
153185,20127.88
153184,29764.11
153183,46336.18
153182,28571.39
153181,11272.26
153180,17440.76
153179,23330.04
153178,26665.31
153177,38513.9
153176,47874.48
153175,29164.97
153174,19085.98
153173,25674.62
153172,33637.87
153171,25455.89
153170,46379.77
153169,51191.06
153168,13272.82
153167,11833.83
153166,14324.83
153165,17370.24
153164,25537.01
153163,31929.49
153162,20127.29
153161,797.09
153160,10497.27
153159,26753.31
153158,18521.87
153157,28003.86
153156,37824.25
153155,29958.25
153154,9480.5
153153,14588.13
153152,15304.31
153151,13489.07
153150,25383.76
153149,17856.67
153148,28158.43
153147,14052.01
153146,14970.36
153145,17672.16
153144,27640.98
153143,35584.7
153142,47411.62
153141,26201.33
153140,21023.06
153139,22742.56
153138,22246.12
153137,24372.25
153136,551.78
153135,48022.06
153134,27300.83
153133,15747.18
153132,17814.14
153131,18061.67
153130,28451.01
153129,30997.04
153128,45950.17
153127,30019.81
153126,14188.05
153125,13656.19
153124,17497.8
153123,16338.8
153122,35177.87
153121,43220.31
153120,27685.97
153119,19456.04
153118,20712.07
153117,26754.14
153116,20113.56
153115,24858.16
153114,39760.51
153113,33983.83
153112,15954.69
153111,16424.15
153110,19166.86
153109,224.68
153108,38669.37
153107,41819.94
153106,30676.12
153105,28368.64
153104,16866.4
153103,19452.73
153102,26741.93
153101,30882.46
153100,32308.01
153099,27017.4
153098,15256.02
153097,30865.2
153096,27334.64
153095,27396.53
153094,35159.18
153093,41638.28
153092,27759.67
153091,18792.02
153090,22096.31
153089,23452.73
153088,27596.49
153087,37275.99
153086,42313.32
153085,26869.58
153084,15864.34
153083,17871.66
153082,18109.28
153081,20195.5
153080,30675.35
153079,24303.14
153078,26110.83
153077,15268.63
153076,10192.36
153075,19225.93
153074,20077.01
153073,24578.61
153072,22921.72
153071,12679.63
153070,14468.39
