63896,16914.2
63895,39974.05
63894,41657.97
63893,16739.26
63892,19488.66
63891,15550.57
63890,18023.18
63889,781.05
63888,31931.9
63887,14664.8
63886,13716.44
63885,11359.3
63884,11944.68
63883,26393.37
63882,27342.97
63881,39152.4
63880,30021.79
63879,29682.86
63878,19553.35
63877,22779.56
63876,19515.84
63875,24562.59
63874,6759.8
63873,23040.79
63872,15742.44
63871,14998.2
63870,15456.59
63869,15082.42
63868,24493.21
63867,43514.44
63866,25614.62
63865,17010.8
63864,16993.66
63863,16031.24
63862,22312.88
63861,9703.46
63860,35111.31
63859,21981.19
63858,6109.85
63857,16748.19
63856,21560.28
63855,35171.93
63854,45593.48
63853,65545.47
63852,34761.87
63851,27994.0
63850,18989.43
63849,26468.02
63848,21458.94
63847,31686.1
63846,51262.32
63845,34499.3
63844,13455.38
63843,13473.51
63842,15006.89
63841,14074.53
63840,20774.35
63839,37910.57
63838,24451.64
63837,20133.45
63836,13829.91
63835,13968.84
63834,37028.9
63833,36298.87
63832,68990.64
63831,55840.58
63830,28659.73
63829,37566.4
63828,48234.64
63827,32835.95
63826,32022.49
63825,50181.14
63824,39545.5
63823,17728.41
63822,17978.28
63821,34734.68
63820,27277.76
63819,40201.09
63818,57614.47
63817,37168.59
63816,23299.13
63815,30547.19
63814,38135.15
63813,35873.3
63812,48288.46
63811,69252.05
63810,14961.98
63809,15586.59
63808,21306.32
63807,26012.92
63806,28006.06
63805,37973.5
63804,33617.57
63803,561.1
63802,16511.94
63801,27416.45
63800,24655.43
63799,39562.12
63798,54157.17
63797,44291.86
63796,18916.61
63795,18274.41
63794,24156.18
63793,25562.75
63792,29199.73
63791,41181.09
63790,29178.21
63789,20887.46
63788,20666.91
63787,19167.56
63786,41869.3
63785,41346.85
63784,57438.53
63783,42648.22
63782,25043.47
63781,24529.57
63780,30230.73
63779,30633.12
63778,1171.3
63777,61234.77
63776,35683.23
63775,20352.38
63774,25121.32
63773,27661.03
63772,39024.33
63771,41248.61
63770,71335.27
63769,38668.19
63768,19189.86
63767,22481.49
63766,20114.4
63765,22158.38
63764,40496.49
63763,59509.81
63762,45014.71
63761,30399.2
63760,31851.63
63759,32300.07
63758,35079.66
63757,37395.7
63756,53938.08
63755,53660.11
63754,23726.0
63753,23120.99
63752,26037.48
63751,330.26
63750,44220.4
63749,53291.68
63748,38653.96
63747,59407.84
63746,24914.46
63745,27418.22
63744,34161.86
63743,33952.52
63742,43188.27
63741,34675.12
63740,24783.23
63739,32242.75
63738,37356.47
63737,40509.9
63736,39959.81
63735,55975.7
63734,47065.75
63733,33211.97
63732,37034.43
63731,33955.0
63730,44812.4
63729,47673.11
63728,55170.23
63727,46174.74
63726,19323.52
63725,25469.14
63724,24959.9
63723,26194.36
63722,36100.85
63721,36327.51
63720,38198.88
63719,20901.33
63718,17519.95
63717,20998.17
63716,26839.86
63715,32860.74
63714,41576.76
63713,25758.55
63712,27586.94
