78894,21452.92
78893,52156.14
78892,44172.91
78891,10772.85
78890,15242.6
78889,15554.08
78888,19323.91
78887,961.38
78886,34419.84
78885,27885.92
78884,13729.59
78883,9082.66
78882,11805.15
78881,25385.29
78880,25825.31
78879,46845.06
78878,32254.79
78877,29397.84
78876,19052.8
78875,18616.08
78874,23605.3
78873,24324.2
78872,52503.59
78871,43515.0
78870,15291.37
78869,14102.25
78868,16226.48
78867,12830.09
78866,27155.06
78865,46633.3
78864,36297.58
78863,17023.57
78862,18442.21
78861,14539.47
78860,16101.46
78859,25246.68
78858,42085.81
78857,31233.01
78856,13761.77
78855,14894.74
78854,12537.6
78853,32541.93
78852,44015.22
78851,63442.43
78850,51093.09
78849,38519.88
78848,19462.45
78847,26367.87
78846,20052.2
78845,36104.87
78844,56554.75
78843,52052.36
78842,15879.89
78841,16345.7
78840,17183.57
78839,11811.75
78838,27817.51
78837,51617.04
78836,33800.33
78835,26233.08
78834,18918.75
78833,15684.06
78832,46072.63
78831,44709.67
78830,82708.28
78829,73909.56
78828,38950.75
78827,42904.08
78826,65391.12
78825,25695.99
78824,33642.54
78823,67718.76
78822,55805.46
78821,17461.29
78820,21279.74
78819,38924.51
78818,37164.54
78817,44631.31
78816,77708.18
78815,59019.17
78814,37733.57
78813,37974.19
78812,46633.17
78811,34394.71
78810,52577.88
78809,75856.85
78808,17065.42
78807,15107.6
78806,19349.75
78805,21523.52
78804,26827.14
78803,42104.81
78802,34723.33
78801,13916.47
78800,18208.76
78799,25338.11
78798,26626.69
78797,32003.54
78796,53376.97
78795,45940.96
78794,1388.5
78793,12428.47
78792,17334.16
78791,20963.39
78790,25268.12
78789,40411.73
78788,36496.89
78787,25462.34
78786,23051.08
78785,17797.93
78784,49326.94
78783,50216.59
78782,80153.59
78781,56305.47
78780,33574.46
78779,34852.45
78778,37281.97
78777,31962.49
78776,706.1
78775,82274.6
78774,49498.08
78773,23857.12
78772,23800.64
78771,24639.19
78770,45066.72
78769,45014.9
78768,79869.09
78767,46326.59
78766,18827.64
78765,18972.63
78764,23648.9
78763,25963.67
78762,48818.62
78761,78879.64
78760,55345.82
78759,35690.2
78758,39707.99
78757,37364.7
78756,41754.15
78755,44756.36
78754,69548.79
78753,68451.94
78752,20660.81
78751,26844.89
78750,26967.68
78749,369.31
78748,48170.64
78747,65608.78
78746,55589.61
78745,53786.85
78744,27129.12
78743,28963.78
78742,33542.63
78741,41739.7
78740,53726.34
78739,54266.77
78738,21131.91
78737,44722.26
78736,43549.77
78735,41988.98
78734,46180.45
78733,61531.02
78732,55234.25
78731,32424.73
78730,37473.26
78729,36903.36
78728,43419.46
78727,51167.32
78726,65919.8
78725,49370.39
78724,27289.12
78723,40316.41
78722,30924.61
78721,35212.97
78720,40903.16
78719,44204.24
78718,53698.89
78717,20036.06
78716,16378.06
78715,22449.82
78714,32832.42
78713,28592.02
78712,42059.15
78711,29257.11
78710,23782.81
