54481,47567.58
54480,75665.65
54479,49116.22
54478,19262.81
54477,18567.54
54476,17822.2
54475,20202.14
54474,1686.46
54473,38711.44
54472,32169.92
54471,14847.46
54470,13065.37
54469,14700.58
54468,37736.93
54467,41883.57
54466,65869.57
54465,35709.29
54464,43720.33
54463,20034.77
54462,18522.81
54461,24385.84
54460,28246.18
54459,57883.03
54458,40134.71
54457,14592.08
54456,16980.97
54455,17269.18
54454,18671.52
54453,35823.65
54452,58695.35
54451,32778.53
54450,24642.6
54449,16754.28
54448,24555.41
54447,25829.01
54446,35276.37
54445,66864.5
54444,33533.98
54443,18739.3
54442,18853.38
54441,21007.9
54440,61046.61
54439,81879.07
54438,119322.48
54437,34906.74
54436,66416.88
54435,30469.69
54434,41882.55
54433,33291.15
54432,57169.98
54431,81247.43
54430,62405.46
54429,24351.28
54428,27550.86
54427,17286.2
54426,27025.7
54425,41616.91
54424,80137.89
54423,41316.88
54422,32939.51
54421,21204.86
54420,27315.04
54419,50312.1
54418,79093.99
54417,118644.09
54416,83204.0
54415,60569.57
54414,59070.16
54413,72737.89
54412,42115.1
54411,60547.72
54410,97043.76
54409,59379.67
54408,20302.53
54407,31705.01
54406,57362.52
54405,49050.99
54404,59551.74
54403,114494.96
54402,65636.37
54401,43649.84
54400,48742.47
54399,62932.35
54398,53605.46
54397,91048.23
54396,99085.15
54395,31359.71
54394,25363.51
54393,24748.46
54392,29974.17
54391,42110.61
54390,67413.83
54389,43565.18
54388,2066.71
54387,22070.27
54386,41407.16
54385,44934.52
54384,64107.71
54383,94385.19
54382,57815.42
54381,16568.64
54380,4268.54
54379,1708.4
54378,496.2
54377,38781.29
54376,67544.33
54375,49218.71
54374,2438.16
54373,27864.84
54372,33082.75
54371,60026.12
54370,77970.34
54369,103403.31
54368,68356.92
54367,46369.71
54366,42228.56
54365,54406.68
54364,59117.38
54363,63675.43
54362,125818.31
54361,67123.19
54360,31624.71
54359,37254.8
54358,44084.33
54357,50648.4
54356,69864.92
54355,93014.58
54354,63199.75
54353,24837.8
54352,25933.32
54351,28372.43
54350,27099.25
54349,70854.48
54348,103226.93
54347,63855.14
54346,46005.8
54345,45851.85
54344,54707.03
54343,44796.77
54342,60592.28
54341,86803.36
54340,65844.34
54339,28730.79
54338,35078.48
54337,36756.59
54336,45712.64
54335,70189.76
54334,83044.54
54333,54753.46
54332,75874.67
54331,32121.94
54330,34995.48
54329,36351.59
54328,51024.24
54327,71010.06
54326,47146.05
54325,30449.95
54324,59291.02
54323,57290.3
54322,58418.15
54321,69418.16
54320,84546.2
54319,69664.39
54318,44411.27
54317,49436.42
54316,47721.53
54315,59339.47
54314,71304.11
54313,88549.19
54312,53761.12
54311,28966.29
54310,32754.31
54309,32362.0
54308,36935.79
54307,62465.61
54306,50307.82
54305,53503.57
54304,28341.92
54303,21441.42
54302,28899.73
54301,31733.14
54300,38277.85
54299,48278.72
54298,37246.97
54297,41047.06
