218708,17223.81
218707,27664.23
218706,28844.85
218705,5723.18
218704,8003.46
218703,11229.39
218702,14174.72
218701,778.39
218700,23020.06
218699,11862.32
218698,8048.77
218697,7023.02
218696,9345.25
218695,14946.63
218694,19138.1
218693,28131.73
218692,23036.53
218691,16817.24
218690,13819.33
218689,12408.16
218688,13893.08
218687,15707.26
218686,27675.54
218685,20959.06
218684,10969.22
218683,11214.43
218682,11051.85
218681,10043.69
218680,18221.77
218679,30285.28
218678,20145.59
218677,13843.62
218676,12516.46
218675,16923.59
218674,17074.86
218673,19698.6
218672,27737.84
218671,18217.28
218670,13069.96
218669,14958.85
218668,15898.05
218667,32092.18
218666,33951.02
218665,49585.68
218664,30988.46
218663,24436.83
218662,20298.77
218661,23117.62
218660,15594.61
218659,29143.08
218658,41738.38
218657,28751.21
218656,12079.62
218655,13909.12
218654,11500.76
218653,12401.96
218652,19875.23
218651,33981.56
218650,19805.96
218649,23573.22
218648,8732.1
218647,13134.5
218646,25480.75
218645,29561.66
218644,41193.15
218643,35014.37
218642,27029.46
218641,33991.16
218640,45295.64
218639,24480.99
218638,29254.26
218637,43305.16
218636,27475.88
218635,14474.7
218634,15459.42
218633,30379.0
218632,24381.51
218631,31439.33
218630,49384.37
218629,37153.3
218628,24210.61
218627,23816.46
218626,33231.54
218625,19485.49
218624,43324.76
218623,59073.68
218622,15600.34
218621,16012.59
218620,15115.25
218619,15219.07
218618,24480.18
218617,27941.26
218616,25132.35
218615,13860.13
218614,14046.06
218613,23825.56
218612,24145.04
218611,30538.93
218610,39642.19
218609,29587.56
218608,1203.07
218607,12068.26
218606,15588.98
218605,19979.83
218604,23616.45
218603,40865.28
218602,31228.65
218601,17850.58
218600,15352.94
218599,15628.9
218598,31632.24
218597,32366.81
218596,51639.68
218595,32258.4
218594,19790.86
218593,23948.96
218592,25610.52
218591,27872.84
218590,742.38
218589,49260.39
218588,33858.61
218587,17965.56
218586,22216.75
218585,21551.37
218584,32791.82
218583,39381.32
218582,61399.93
218581,37851.35
218580,17485.99
218579,14863.12
218578,18889.59
218577,16207.96
218576,36025.7
218575,47928.18
218574,36154.24
218573,22447.34
218572,24485.93
218571,27397.24
218570,25164.42
218569,34438.15
218568,40459.7
218567,46543.77
218566,18003.49
218565,23889.49
218564,23599.28
218563,29371.81
218562,40480.98
218561,50514.21
218560,33727.44
218559,36640.54
218558,19868.23
218557,20319.1
218556,25585.23
218555,30897.54
218554,32887.32
218553,31173.36
218552,16427.93
218551,33468.79
218550,33194.25
218549,25785.47
218548,37571.56
218547,46834.98
218546,42792.79
218545,30056.13
218544,27485.74
218543,27010.72
218542,29917.15
218541,46011.96
218540,56281.06
218539,47228.97
218538,16964.13
218537,19882.84
218536,18400.11
218535,20114.46
218534,32230.13
218533,33908.31
218532,36010.2
218531,18546.82
218530,11194.5
218529,15487.64
218528,24079.32
218527,22891.06
218526,29486.57
218525,21817.12
218524,15758.88
