383,34304.65
382,60630.78
381,57919.0
380,15642.02
379,18355.74
378,21844.22
377,13602.07
376,2757.67
375,49563.45
374,25804.59
373,17979.56
372,15463.04
371,17868.54
370,27978.31
369,39059.68
368,59746.62
367,44546.48
366,35497.73
365,20209.17
364,26776.81
363,24811.63
362,26086.91
361,63367.31
360,48449.29
359,12336.42
358,15888.83
357,16823.82
356,17328.16
355,32630.34
354,60279.01
353,40745.35
352,19746.24
351,18867.42
350,29911.89
349,25763.79
348,34442.37
347,58318.78
346,41270.26
345,23794.55
344,19068.21
343,24926.76
342,63063.14
341,66028.81
340,107812.92
339,75063.91
338,52554.09
337,36370.38
336,50856.91
335,33285.01
334,53662.87
333,81117.61
332,64847.71
331,21993.18
330,22911.5
329,11550.93
328,18121.97
327,31602.74
326,64654.43
325,48344.56
324,35058.01
323,16452.81
322,21773.25
321,49250.51
320,58539.31
319,90424.49
318,77908.85
317,47149.17
316,54032.34
315,78975.57
314,36117.08
313,54391.26
312,78979.87
311,63052.46
310,21507.36
309,26177.9
308,51631.57
307,43075.65
306,58985.76
305,102919.22
304,81296.52
303,42621.31
302,49106.94
301,56775.07
300,38092.19
299,77391.4
298,108686.3
297,28966.11
296,24666.94
295,30224.42
294,28901.76
293,39911.63
292,62188.22
291,51597.94
290,20982.47
289,22606.99
288,44981.39
287,44149.44
286,52282.38
285,87275.84
284,57435.48
283,263.52
282,23244.88
281,26477.51
280,29053.32
279,37715.74
278,64283.91
277,56187.98
276,33576.3
275,26246.9
274,30081.5
273,53754.93
272,72029.2
271,102718.57
270,76528.41
269,41733.76
268,41256.3
267,49819.68
266,44892.81
265,68.41
264,98583.17
263,61670.71
262,32735.06
261,35120.18
260,36329.1
259,58248.22
258,67214.99
257,111607.62
256,61316.17
255,27345.56
254,26048.95
253,33168.3
252,29275.66
251,67833.84
250,97130.5
249,72437.31
248,42463.6
247,45599.76
246,52393.77
245,42454.57
244,60091.5
243,85660.31
242,81831.44
241,28241.51
240,34516.92
239,43241.34
238,31.42
237,74841.8
236,82614.56
235,69994.86
234,61382.06
233,27480.87
232,32632.23
231,41069.09
230,54206.74
229,67972.96
228,73722.62
227,27236.11
226,62288.32
225,60839.14
224,59477.51
223,65369.94
222,94936.38
221,78186.51
220,44392.66
219,47205.46
218,49858.73
217,54920.8
216,70440.22
215,92759.86
214,75194.35
213,27077.77
212,34052.6
211,37026.82
210,41635.98
209,53923.73
208,59972.02
207,67449.63
206,30738.64
205,23537.49
204,33192.71
203,39975.15
202,47355.94
201,52013.38
200,39522.41
199,35165.32
