54674,20563.38
54673,31919.25
54672,30923.44
54671,10966.93
54670,8296.73
54669,10033.66
54668,14034.71
54667,1772.55
54666,15901.49
54665,19345.8
54664,6240.89
54663,8841.82
54662,10472.13
54661,24746.46
54660,18670.0
54659,39776.11
54658,22270.4
54657,26308.87
54656,13593.8
54655,12947.54
54654,16438.07
54653,15873.97
54652,37974.38
54651,34780.03
54650,9603.04
54649,9770.28
54648,12780.71
54647,12209.14
54646,22330.64
54645,34925.55
54644,19696.77
54643,11935.73
54642,5996.79
54641,13071.17
54640,19527.46
54639,17328.86
54638,32054.58
54637,20929.36
54636,13115.07
54635,11205.75
54634,12018.04
54633,28954.99
54632,41100.14
54631,59700.85
54630,20292.99
54629,31095.2
54628,16454.87
54627,23703.83
54626,17973.29
54625,26125.28
54624,42608.12
54623,35346.15
54622,16105.83
54621,16335.12
54620,9989.71
54619,9964.67
54618,20625.85
54617,35499.62
54616,24812.42
54615,19166.7
54614,12270.9
54613,10648.66
54612,36555.79
54611,40993.66
54610,67132.71
54609,48201.19
54608,34186.84
54607,35475.49
54606,50083.75
54605,25702.04
54604,31739.97
54603,41287.98
54602,41115.67
54601,13587.99
54600,14408.84
54599,37001.61
54598,27944.89
54597,32563.88
54596,49726.76
54595,37028.21
54594,28067.15
54593,24184.17
54592,33428.72
54591,25790.03
54590,33778.35
54589,54469.92
54588,-79.2
54587,13224.73
54586,13501.2
54585,14424.27
54584,18584.33
54583,20805.98
54582,34762.32
54581,22853.24
54580,12157.88
54579,9428.05
54578,21676.54
54577,19150.43
54576,28657.07
54575,45068.56
54574,37641.58
54573,167.15
54572,12675.88
54571,16082.92
54570,18791.83
54569,22681.2
54568,31767.35
54567,26377.54
54566,14485.43
54565,14138.69
54564,17744.36
54563,43467.8
54562,36193.11
54561,53204.21
54560,39101.55
54559,25936.5
54558,26153.37
54557,29000.65
54556,27773.87
54555,6.77
54554,68053.83
54553,33675.62
54552,18251.25
54551,18961.56
54550,23349.23
54549,32262.67
54548,37091.57
54547,55932.95
54546,40082.88
54545,13619.52
54544,18334.78
54543,16179.24
54542,19354.0
54541,42136.21
54540,51814.54
54539,39457.07
54538,23253.11
54537,26816.15
54536,33485.1
54535,25430.71
54534,31156.91
54533,43150.15
54532,49026.8
54531,19956.62
54530,21221.91
54529,20898.12
54528,29.99
54527,27832.12
54526,46821.2
54525,35951.37
54524,42262.92
54523,18437.52
54522,18610.23
54521,22336.99
54520,26636.1
54519,38370.74
54518,30051.13
54517,12519.71
54516,34147.95
54515,31220.34
54514,30336.63
54513,38526.45
54512,48172.44
54511,42741.68
54510,26029.5
54509,28374.32
54508,28434.93
54507,33795.75
54506,40117.56
54505,51943.98
54504,41827.71
54503,12539.71
54502,12231.2
54501,17588.71
54500,19377.81
54499,26411.95
54498,27439.35
54497,37568.45
54496,15708.56
54495,13317.77
54494,14006.98
54493,20979.81
54492,24239.87
54491,26271.12
54490,23112.87
54489,20732.46
