218516,15372.34
218515,30034.66
218514,26031.35
218513,11379.68
218512,9486.97
218511,7975.36
218510,10679.1
218509,382.25
218508,18886.06
218507,11386.94
218506,7454.9
218505,7419.18
218504,7433.94
218503,14866.27
218502,16402.09
218501,20604.24
218500,15787.3
218499,15308.63
218498,13575.78
218497,11749.09
218496,13004.61
218495,14370.29
218494,11663.48
218493,16334.02
218492,9914.87
218491,9064.05
218490,12597.68
218489,10029.93
218488,15596.96
218487,27116.44
218486,18087.97
218485,11653.88
218484,10124.23
218483,10076.48
218482,11033.44
218481,1907.58
218480,23453.71
218479,17253.59
218478,3522.44
218477,8560.09
218476,10416.03
218475,22856.47
218474,25234.82
218473,43463.63
218472,19151.29
218471,24943.73
218470,14530.36
218469,17089.41
218468,12477.27
218467,21858.38
218466,31704.0
218465,21112.7
218464,12505.26
218463,8576.06
218462,9505.98
218461,8560.25
218460,16491.09
218459,27508.33
218458,17961.76
218457,16834.83
218456,10971.83
218455,7567.71
218454,25436.13
218453,21371.25
218452,41014.96
218451,30560.24
218450,17409.9
218449,23482.72
218448,30179.37
218447,15912.45
218446,23815.41
218445,34252.05
218444,25661.71
218443,11242.36
218442,13099.33
218441,21434.48
218440,19479.26
218439,25652.24
218438,43294.04
218437,30216.52
218436,14382.75
218435,21571.41
218434,23844.75
218433,24865.58
218432,33622.51
218431,43728.81
218430,11025.04
218429,9966.82
218428,11549.98
218427,13857.77
218426,15722.03
218425,29939.03
218424,19654.88
218423,5910.61
218422,9491.19
218421,19151.66
218420,18508.64
218419,23352.8
218418,34637.05
218417,32942.48
218416,739.19
218415,13381.04
218414,10979.9
218413,15716.05
218412,15560.02
218411,29594.03
218410,16972.03
218409,14374.63
218408,13063.97
218407,11726.04
218406,22595.32
218405,28101.41
218404,36834.73
218403,31564.88
218402,15448.76
218401,15721.13
218400,17391.57
218399,18661.11
218398,636.56
218397,40843.49
218396,26309.81
218395,14227.53
218394,15951.88
218393,15016.43
218392,23600.45
218391,27385.17
218390,43779.63
218389,27804.12
218388,9871.44
218387,14535.14
218386,16622.36
218385,16478.71
218384,29151.91
218383,30686.77
218382,31582.99
218381,19729.22
218380,18939.52
218379,19254.77
218378,21357.24
218377,25114.14
218376,34268.3
218375,31081.04
218374,15508.38
218373,15299.06
218372,16321.4
218371,22260.79
218370,33871.77
218369,36353.62
218368,28508.93
218367,30904.59
218366,16474.6
218365,16902.24
218364,24178.66
218363,26488.29
218362,28119.49
218361,23958.63
218360,16286.09
218359,17878.02
218358,24522.37
218357,20459.09
218356,28699.57
218355,36360.91
218354,29213.37
218353,16810.5
218352,22343.84
218351,20923.12
218350,25978.43
218349,29376.0
218348,36204.87
218347,27220.55
218346,11962.84
218345,13641.76
218344,15438.18
218343,17865.3
218342,23439.54
218341,26335.45
218340,26711.4
218339,14353.13
218338,9169.37
218337,12770.73
218336,15975.62
218335,17676.21
218334,22879.39
218333,14531.55
218332,12395.03
