203071,23020.24
203070,33009.71
203069,26409.52
203068,11102.07
203067,8673.05
203066,7401.44
203065,11352.88
203064,3185.95
203063,19512.11
203062,18158.9
203061,11105.09
203060,8560.82
203059,10201.7
203058,14148.15
203057,16508.55
203056,23778.19
203055,17830.18
203054,22357.65
203053,9853.16
203052,12210.74
203051,11691.37
203050,13186.35
203049,24445.77
203048,18492.35
203047,11091.74
203046,9907.56
203045,9066.0
203044,10325.66
203043,20318.11
203042,29434.29
203041,18364.66
203040,13486.55
203039,11618.44
203038,12286.61
203037,16490.09
203036,16855.52
203035,31805.31
203034,13351.41
203033,10934.11
203032,13468.95
203031,16145.38
203030,27287.53
203029,28853.35
203028,55613.77
203027,33515.01
203026,31940.25
203025,14927.41
203024,18389.82
203023,14858.73
203022,27065.03
203021,41887.47
203020,28818.51
203019,14227.89
203018,14853.66
203017,5391.18
203016,16578.02
203015,23651.1
203014,36425.54
203013,25236.47
203012,19636.96
203011,18461.62
203010,13205.6
203009,25603.96
203008,29767.24
203007,43638.17
203006,37723.2
203005,19244.77
203004,20271.98
203003,28025.34
203002,20405.22
203001,21787.24
203000,37119.56
202999,34920.22
202998,17939.3
202997,16194.71
202996,26164.37
202995,21904.66
202994,32161.06
202993,50221.67
202992,38509.2
202991,27259.25
202990,28526.79
202989,31085.43
202988,28668.75
202987,36334.5
202986,42447.56
202985,16936.31
202984,12874.61
202983,14049.36
202982,18947.07
202981,19596.73
202980,31899.84
202979,26939.78
202978,569.89
202977,14025.75
202976,24637.0
202975,19967.64
202974,25617.62
202973,41274.82
202972,35845.52
202971,15435.53
202970,14540.52
202969,13476.34
202968,15967.87
202967,20658.07
202966,33143.65
202965,25036.67
202964,13078.09
202963,13176.94
202962,14807.38
202961,23279.43
202960,31820.33
202959,45836.88
202958,33075.55
202957,15621.83
202956,17154.47
202955,18252.64
202954,18499.34
202953,379.47
202952,43608.43
202951,28485.56
202950,18936.28
202949,17911.1
202948,18897.88
202947,24586.52
202946,32146.82
202945,51473.36
202944,34238.49
202943,11885.22
202942,16414.41
202941,14806.92
202940,15960.04
202939,30578.67
202938,45626.88
202937,38164.08
202936,21925.14
202935,18472.64
202934,20493.54
202933,20324.05
202932,26515.39
202931,39092.98
202930,32776.67
202929,14905.88
202928,13414.52
202927,12762.1
202926,141.69
202925,31915.63
202924,39419.36
202923,30529.91
202922,41242.43
202921,18075.33
202920,16814.92
202919,20374.79
202918,24138.09
202917,34370.79
202916,30758.52
202915,16164.92
202914,23960.53
202913,25947.49
202912,24179.0
202911,35531.72
202910,45960.02
202909,30398.46
202908,22013.55
202907,20943.91
202906,17675.73
202905,21783.28
202904,30584.06
202903,39414.19
202902,28206.22
202901,17443.39
202900,16624.3
202899,13786.57
202898,14719.58
202897,25682.75
202896,27906.32
202895,30136.61
202894,13721.95
202893,8438.99
202892,16413.19
202891,15510.73
202890,19309.24
202889,26862.64
202888,26418.91
202887,17377.9
