178360,21984.74
178359,32860.48
178358,21343.61
178357,17257.09
178356,16003.09
178355,14478.39
178354,9100.3
178353,1323.6
178352,22936.74
178351,12771.65
178350,10372.8
178349,10470.93
178348,14646.95
178347,15840.24
178346,19774.14
178345,30884.19
178344,17767.78
178343,17280.85
178342,16396.31
178341,19305.75
178340,19194.0
178339,16919.44
178338,32828.54
178337,19579.18
178336,11524.82
178335,8929.95
178334,11314.43
178333,7922.37
178332,18224.27
178331,27476.22
178330,13955.02
178329,14803.98
178328,7381.2
178327,10821.72
178326,13670.91
178325,21623.73
178324,26962.79
178323,16118.33
178322,13062.25
178321,11808.93
178320,19496.18
178319,36408.24
178318,36145.5
178317,54294.75
178316,25809.4
178315,23663.82
178314,18020.28
178313,27906.4
178312,17229.39
178311,22515.41
178310,43756.36
178309,28288.75
178308,19371.2
178307,13997.92
178306,15064.4
178305,17002.57
178304,19778.53
178303,40799.46
178302,18801.0
178301,16791.28
178300,13826.18
178299,15638.52
178298,32821.54
178297,35364.35
178296,47255.01
178295,39790.49
178294,26303.67
178293,29589.08
178292,38916.97
178291,21904.63
178290,32791.18
178289,45880.12
178288,31653.61
178287,17955.28
178286,15203.66
178285,24579.03
178284,17315.19
178283,31583.36
178282,57387.53
178281,32501.68
178280,27192.41
178279,24538.95
178278,29180.25
178277,19498.29
178276,37973.23
178275,45298.95
178274,17445.74
178273,18424.52
178272,16378.28
178271,14884.68
178270,21896.43
178269,26038.87
178268,23776.5
178267,388.51
178266,14229.51
178265,13115.07
178264,19569.79
178263,16447.15
178262,48050.88
178261,24987.33
178260,13563.61
178259,15705.82
178258,17261.67
178257,20304.96
178256,23105.98
178255,29655.87
178254,19138.91
178253,17079.21
178252,15608.88
178251,17856.83
178250,36001.44
178249,45221.14
178248,48158.05
178247,37339.68
178246,26034.58
178245,22870.06
178244,31432.83
178243,28412.87
178242,505.65
178241,45100.48
178240,22412.26
178239,19978.89
178238,19258.87
178237,20044.26
178236,26634.63
178235,28474.29
178234,46913.51
178233,29933.74
178232,18281.86
178231,16289.22
178230,14996.83
178229,17990.94
178228,40947.15
178227,48620.12
178226,32105.98
178225,28900.61
178224,26433.51
178223,24742.13
178222,28348.02
178221,34090.79
178220,39274.06
178219,33454.85
178218,23139.97
178217,23352.45
178216,21567.85
178215,362.54
178214,31554.27
178213,56517.24
178212,39566.56
178211,20840.56
178210,18846.01
178209,20268.44
178208,23489.05
178207,32328.23
178206,39218.15
178205,22822.05
178204,24260.57
178203,28792.33
178202,34496.37
178201,33320.93
178200,33385.26
178199,38594.43
178198,25330.12
178197,28450.8
178196,24735.88
178195,31526.84
178194,30277.79
178193,34934.14
178192,34067.76
178191,26997.55
178190,20591.4
178189,22621.92
178188,25623.74
178187,19463.16
178186,33429.46
178185,24575.34
178184,27669.68
178183,21141.65
178182,15822.08
178181,20400.95
178180,28630.14
178179,27197.1
178178,26238.95
178177,17353.14
178176,10963.37
