51022,28226.7
51021,49365.73
51020,36897.15
51019,12462.44
51018,16263.07
51017,13698.55
51016,15779.01
51015,448.73
51014,42946.46
51013,17998.0
51012,13109.19
51011,9159.74
51010,10439.85
51009,21986.79
51008,29810.7
51007,44779.9
51006,27339.36
51005,26066.47
51004,14143.94
51003,17841.73
51002,19459.9
51001,21988.65
51000,46681.12
50999,28674.29
50998,12767.61
50997,11319.73
50996,12786.72
50995,11562.81
50994,24196.95
50993,48101.28
50992,26233.86
50991,15107.29
50990,14261.48
50989,15912.93
50988,16565.03
50987,27824.94
50986,49186.25
50985,27947.46
50984,17260.78
50983,15104.58
50982,17370.62
50981,39399.05
50980,50913.58
50979,76949.09
50978,46206.59
50977,32551.36
50976,24875.15
50975,30294.07
50974,23170.8
50973,40701.37
50972,62946.65
50971,38610.24
50970,19433.29
50969,19388.39
50968,5419.94
50967,10745.47
50966,32502.73
50965,58027.1
50964,30983.34
50963,24784.87
50962,12893.92
50961,18071.33
50960,32852.43
50959,49735.53
50958,75300.66
50957,60942.86
50956,28075.03
50955,38152.34
50954,48557.28
50953,24560.32
50952,36501.41
50951,63069.38
50950,42587.9
50949,17486.88
50948,16652.44
50947,34981.57
50946,30097.62
50945,46008.66
50944,73256.84
50943,43242.34
50942,23882.71
50941,30147.61
50940,40312.16
50939,27341.12
50938,67037.88
50937,84011.8
50936,20060.36
50935,24728.8
50934,25081.97
50933,27282.39
50932,35170.28
50931,44531.77
50930,33763.72
50929,14094.04
50928,20086.65
50927,24067.66
50926,30626.2
50925,45976.92
50924,62124.9
50923,35447.38
50922,43.94
50921,14797.86
50920,17764.81
50919,23438.2
50918,29625.88
50917,41674.66
50916,35564.62
50915,19378.23
50914,19371.57
50913,20123.43
50912,40128.29
50911,41360.71
50910,63840.62
50909,36609.82
50908,26882.65
50907,26980.25
50906,25242.85
50905,27633.89
50904,67326.63
50903,36851.29
50902,17270.87
50901,20656.17
50900,23937.83
50899,34085.93
50898,43325.33
50897,67159.06
50896,40391.79
50895,15731.59
50894,17321.46
50893,21610.77
50892,19220.37
50891,42699.15
50890,61706.79
50889,41555.32
50888,25841.79
50887,27454.53
50886,26298.42
50885,25225.79
50884,38952.38
50883,55269.97
50882,45910.6
50881,16509.05
50880,20979.45
50879,26385.43
50878,229.98
50877,44282.51
50876,59868.44
50875,44565.23
50874,44969.85
50873,21178.69
50872,26568.81
50871,27925.53
50870,43516.97
50869,55223.82
50868,42683.47
50867,19367.93
50866,34822.86
50865,36479.89
50864,34519.5
50863,50019.31
50862,65474.76
50861,42313.64
50860,27319.65
50859,34541.39
50858,31252.83
50857,33986.52
50856,55427.27
50855,63909.38
50854,46495.2
50853,19523.47
50852,18585.3
50851,20213.93
50850,25739.85
50849,41394.81
50848,42007.58
50847,44142.64
50846,22294.7
50845,16402.02
50844,24324.65
50843,28758.21
50842,36178.21
50841,34755.5
50840,25501.38
50839,19944.2
