148269,33158.26
148268,41701.78
148267,43379.18
148266,14965.14
148265,17540.08
148264,14472.37
148263,15342.24
148262,550.23
148261,33692.82
148260,30888.07
148259,15206.29
148258,14695.26
148257,15331.76
148256,23610.88
148255,24584.75
148254,42772.71
148253,39302.95
148252,37466.18
148251,25753.96
148250,17606.0
148249,21006.91
148248,19109.12
148247,49731.04
148246,33522.68
148245,11882.4
148244,12906.48
148243,13411.33
148242,13582.92
148241,27047.48
148240,46426.07
148239,31489.06
148238,19048.21
148237,18361.43
148236,19595.93
148235,17121.5
148234,27801.84
148233,39775.22
148232,29517.77
148231,14374.51
148230,22877.35
148229,21558.66
148228,38075.82
148227,46469.5
148226,76596.38
148225,47670.15
148224,31573.69
148223,25548.08
148222,27771.0
148221,21516.63
148220,33475.68
148219,56346.68
148218,38979.16
148217,20585.23
148216,20785.05
148215,19181.92
148214,20573.6
148213,29285.85
148212,46599.7
148211,33479.42
148210,24912.0
148209,18288.28
148208,19287.06
148207,41109.09
148206,50075.65
148205,74420.94
148204,63058.4
148203,29608.65
148202,39173.94
148201,50946.5
148200,29462.95
148199,36118.85
148198,59188.25
148197,46328.18
148196,23544.21
148195,23313.32
148194,37882.87
148193,37330.08
148192,37847.38
148191,64655.05
148190,52831.48
148189,31467.14
148188,32126.28
148187,37431.32
148186,35183.04
148185,52486.68
148184,78702.35
148183,18346.36
148182,20664.12
148181,24000.44
148180,23830.28
148179,26748.97
148178,44429.08
148177,42915.4
148176,626.25
148175,21293.4
148174,31240.83
148173,31805.88
148172,42268.23
148171,64244.99
148170,58102.36
148169,18221.31
148168,1300.15
148167,513.92
148166,219.95
148165,30849.64
148164,50154.38
148163,43596.99
148162,1144.27
148161,16490.52
148160,22138.4
148159,35310.91
148158,38448.47
148157,64729.03
148156,47063.11
148155,27985.8
148154,27004.87
148153,33769.08
148152,30891.13
148151,40225.62
148150,63109.16
148149,48559.11
148148,27082.97
148147,26047.35
148146,23788.68
148145,39383.53
148144,53959.34
148143,78494.13
148142,45893.15
148141,22277.63
148140,19392.08
148139,21623.64
148138,22182.87
148137,49954.52
148136,68234.62
148135,59838.25
148134,29280.82
148133,32505.19
148132,36519.32
148131,30097.87
148130,41256.0
148129,67158.23
148128,60549.85
148127,22707.89
148126,21911.01
148125,22565.52
148124,33017.16
148123,44136.49
148122,63569.13
148121,49916.61
148120,50395.73
148119,21385.1
148118,23438.72
148117,26968.8
148116,34965.62
148115,50089.47
148114,47673.06
148113,14830.52
148112,31362.55
148111,34595.67
148110,33393.97
148109,38534.0
148108,70877.05
148107,57245.62
148106,29291.84
148105,34758.43
148104,34934.24
148103,37649.28
148102,41923.84
148101,61340.45
148100,46308.45
148099,19761.1
148098,22452.52
148097,21912.37
148096,25156.83
148095,38920.49
148094,49022.1
148093,53193.68
148092,20106.45
148091,20989.15
148090,21081.61
148089,28881.44
148088,32427.59
148087,39207.13
148086,32223.93
148085,22743.12
