132563,37227.7
132562,61118.37
132561,54549.55
132560,18945.45
132559,20664.15
132558,18929.22
132557,19200.17
132556,744.4
132555,47175.62
132554,41299.47
132553,21828.18
132552,19792.71
132551,22315.17
132550,32939.63
132549,37940.08
132548,55270.3
132547,41776.77
132546,43107.86
132545,23277.99
132544,28089.0
132543,30077.01
132542,26947.91
132541,51334.51
132540,51329.93
132539,19723.7
132538,20679.17
132537,20994.48
132536,21576.98
132535,39676.44
132534,57564.44
132533,39165.66
132532,21781.44
132531,23445.22
132530,25450.54
132529,22894.54
132528,35909.93
132527,48246.29
132526,42397.83
132525,23043.26
132524,24034.32
132523,32824.49
132522,48616.15
132521,54140.47
132520,87718.04
132519,62391.21
132518,45030.17
132517,29132.06
132516,31911.75
132515,28418.7
132514,46384.48
132513,63781.39
132512,46238.53
132511,24423.43
132510,26226.22
132509,28026.89
132508,26683.64
132507,32979.87
132506,56393.52
132505,40393.33
132504,32683.09
132503,26946.51
132502,28163.23
132501,52144.45
132500,54162.22
132499,83154.62
132498,69406.68
132497,39967.52
132496,43814.63
132495,59169.34
132494,39221.73
132493,50576.48
132492,66144.99
132491,61875.96
132490,32535.22
132489,36315.79
132488,51216.1
132487,45296.96
132486,62828.26
132485,86723.12
132484,70233.16
132483,39169.59
132482,45914.44
132481,54660.26
132480,43478.45
132479,59173.51
132478,87715.15
132477,-13.99
132476,36608.8
132475,29994.88
132474,27540.26
132473,36349.41
132472,40027.17
132471,68335.08
132470,53131.88
132469,1258.98
132468,30124.94
132467,42628.58
132466,42322.39
132465,52450.87
132464,72299.39
132463,59255.82
132462,26922.49
132461,24830.93
132460,23665.98
132459,25685.85
132458,38575.44
132457,58198.57
132456,46067.0
132455,24192.59
132454,26512.38
132453,26700.39
132452,46783.93
132451,50997.06
132450,71376.52
132449,59193.47
132448,34215.61
132447,35313.03
132446,44641.16
132445,42956.25
132444,1140.14
132443,78006.62
132442,56675.11
132441,33569.5
132440,35747.79
132439,34359.89
132438,50138.77
132437,60367.81
132436,89639.13
132435,63380.42
132434,28221.11
132433,32923.86
132432,31548.0
132431,34554.1
132430,59466.18
132429,89863.28
132428,61229.55
132427,38066.65
132426,36784.87
132425,44424.93
132424,41227.57
132423,50716.1
132422,82359.42
132421,69627.92
132420,30889.51
132419,34910.86
132418,37430.05
132417,1022.78
132416,49720.38
132415,67459.15
132414,56501.98
132413,66354.75
132412,23089.44
132411,27080.43
132410,35399.08
132409,42031.05
132408,57853.02
132407,52779.07
132406,19559.43
132405,46256.86
132404,46264.04
132403,42836.28
132402,54422.68
132401,69284.35
132400,57517.87
132399,35494.57
132398,38947.97
132397,43207.56
132396,42693.07
132395,53591.21
132394,73165.27
132393,54244.81
132392,27148.38
132391,28742.81
132390,24985.71
132389,32183.88
132388,49647.67
132387,51193.41
132386,56894.92
132385,27524.43
132384,17589.98
132383,28181.06
132382,33234.9
132381,37727.63
132380,45771.33
132379,38984.89
132378,31692.74
