136389,26852.33
136388,49527.2
136387,42808.42
136386,14155.22
136385,15807.95
136384,15734.4
136383,17640.02
136382,957.75
136381,36046.11
136380,34993.61
136379,15765.29
136378,13991.98
136377,16547.1
136376,27229.13
136375,31640.29
136374,42173.62
136373,31228.41
136372,34872.61
136371,19003.18
136370,17350.74
136369,18833.06
136368,22307.2
136367,46306.14
136366,41582.69
136365,12918.44
136364,19249.08
136363,12548.52
136362,16440.59
136361,28431.49
136360,43793.41
136359,30781.66
136358,20470.01
136357,18526.11
136356,21062.81
136355,20397.94
136354,31745.26
136353,46684.48
136352,39929.45
136351,19780.46
136350,23254.84
136349,27325.43
136348,41828.58
136347,46968.46
136346,83426.98
136345,51057.12
136344,35877.13
136343,23857.07
136342,25375.57
136341,22898.61
136340,39869.55
136339,57222.87
136338,40470.41
136337,16400.65
136336,18684.5
136335,21138.93
136334,21244.57
136333,33207.34
136332,46330.48
136331,37647.23
136330,28628.06
136329,20507.04
136328,23642.33
136327,44655.24
136326,48899.18
136325,68949.71
136324,56460.68
136323,33418.93
136322,39611.04
136321,46702.44
136320,27745.2
136319,36997.99
136318,57438.08
136317,47454.94
136316,22807.46
136315,21539.33
136314,41811.45
136313,32103.18
136312,44733.56
136311,64696.25
136310,46169.96
136309,31546.67
136308,33224.51
136307,38832.66
136306,31756.75
136305,44357.39
136304,70728.77
136303,17679.93
136302,21265.68
136301,24703.17
136300,29745.59
136299,29298.32
136298,45381.34
136297,40156.18
136296,17551.28
136295,18719.3
136294,33660.18
136293,30071.82
136292,42414.13
136291,59864.33
136290,51687.11
136289,1762.51
136288,18746.09
136287,20155.42
136286,22697.81
136285,29734.57
136284,46776.5
136283,39672.28
136282,15883.2
136281,19958.47
136280,18082.97
136279,34899.98
136278,37644.68
136277,60688.27
136276,45289.16
136275,27467.74
136274,29873.02
136273,35798.35
136272,29851.45
136271,964.75
136270,70149.91
136269,46442.78
136268,24933.44
136267,34044.76
136266,28992.13
136265,49898.17
136264,59640.33
136263,93798.88
136262,47517.6
136261,22360.97
136260,19016.3
136259,24505.68
136258,22054.68
136257,46406.4
136256,67815.08
136255,52918.59
136254,27395.63
136253,32461.32
136252,37396.83
136251,30699.05
136250,49176.1
136249,63321.0
136248,54067.34
136247,24115.7
136246,24615.12
136245,23820.22
136244,438.1
136243,43962.06
136242,55713.88
136241,48414.29
136240,54934.32
136239,18931.68
136238,23529.76
136237,27760.18
136236,37847.11
136235,47072.32
136234,42876.27
136233,17109.05
136232,31319.67
136231,32766.67
136230,30879.43
136229,41973.31
136228,60092.94
136227,47511.15
136226,27907.41
136225,28835.72
136224,33322.05
136223,37594.5
136222,53408.7
136221,74555.42
136220,47617.35
136219,20473.91
136218,22123.04
136217,24353.02
136216,24309.18
136215,41897.32
136214,41791.81
136213,47442.22
136212,21194.65
136211,14044.38
136210,20463.25
136209,26050.48
136208,32818.43
136207,38990.8
136206,32333.66
136205,27396.7
