33970,41421.13
33969,63613.01
33968,44456.16
33967,15571.5
33966,16091.68
33965,19260.81
33964,21796.15
33963,824.85
33962,37476.58
33961,22315.56
33960,12666.69
33959,11371.01
33958,15506.13
33957,35440.58
33956,42070.71
33955,60399.74
33954,32487.71
33953,31667.45
33952,27312.59
33951,29854.63
33950,25000.24
33949,32026.48
33948,65416.36
33947,44206.78
33946,13133.97
33945,10793.51
33944,18199.8
33943,16344.61
33942,34129.64
33941,61855.02
33940,37008.45
33939,18385.39
33938,6615.18
33937,15104.34
33936,20412.24
33935,31069.69
33934,51063.5
33933,29268.44
33932,17064.02
33931,20205.24
33930,22897.05
33929,56964.09
33928,62424.22
33927,103747.33
33926,57358.16
33925,42082.64
33924,35210.76
33923,34929.04
33922,29661.33
33921,51751.79
33920,83641.6
33919,53681.22
33918,18104.07
33917,17686.87
33916,24196.7
33915,20353.35
33914,39489.19
33913,56105.72
33912,30415.8
33911,28029.47
33910,18240.22
33909,25113.17
33908,61292.13
33907,63470.07
33906,118850.17
33905,87397.87
33904,45196.98
33903,54956.53
33902,66871.92
33901,36335.99
33900,48562.76
33899,70324.95
33898,59027.75
33897,22230.82
33896,23158.85
33895,46427.02
33894,42245.43
33893,56849.38
33892,98541.2
33891,63503.82
33890,44123.27
33889,48925.42
33888,33930.75
33887,30020.88
33886,64850.82
33885,68606.83
33884,24517.11
33883,19500.53
33882,24390.01
33881,23556.8
33880,39038.0
33879,54773.94
33878,42893.8
33877,536.74
33876,19694.28
33875,35123.84
33874,34079.88
33873,45576.3
33872,84563.58
33871,50743.55
33870,18846.41
33869,18380.05
33868,22699.14
33867,31697.06
33866,37938.34
33865,56387.23
33864,49080.83
33863,25537.63
33862,25289.45
33861,26324.07
33860,62348.92
33859,72430.69
33858,81149.32
33857,79382.37
33856,43095.98
33855,37132.51
33854,40680.51
33853,40066.67
33852,720.73
33851,78220.64
33850,40931.0
33849,22191.57
33848,26001.12
33847,31374.09
33846,44389.87
33845,47976.44
33844,76121.56
33843,48710.08
33842,17191.08
33841,26919.07
33840,20445.82
33839,22713.69
33838,66317.98
33837,88648.26
33836,60564.08
33835,36812.91
33834,33894.72
33833,45517.26
33832,40304.34
33831,51780.38
33830,64312.16
33829,63237.59
33828,24900.26
33827,31798.96
33826,35605.67
33825,488.63
33824,53055.4
33823,63687.47
33822,47696.84
33821,42507.26
33820,23879.4
33819,32519.88
33818,38042.03
33817,43345.19
33816,56009.02
33815,37040.86
33814,25888.12
33813,58321.66
33812,54637.6
33811,56530.8
33810,62216.6
33809,68315.76
33808,62942.35
33807,41818.85
33806,38494.52
33805,44492.05
33804,55801.42
33803,57399.12
33802,62304.13
33801,47987.25
33800,24902.59
33799,29581.85
33798,32049.01
33797,32802.86
33796,53632.79
33795,44086.6
33794,45099.63
33793,22463.14
33792,14346.81
33791,25694.07
33790,33717.91
33789,36583.44
33788,34807.76
33787,30669.27
33786,18821.97
