101327,35391.47
101326,50457.57
101325,39138.58
101324,15950.35
101323,16150.71
101322,12040.01
101321,17028.44
101320,1119.61
101319,33657.66
101318,30894.21
101317,13790.45
101316,16095.76
101315,13529.32
101314,25797.17
101313,29810.86
101312,39007.26
101311,33782.55
101310,36140.77
101309,17711.31
101308,24143.38
101307,21490.46
101306,18358.96
101305,41950.17
101304,32372.94
101303,13602.77
101302,14040.88
101301,17493.02
101300,13283.68
101299,29545.24
101298,47407.1
101297,41562.72
101296,15454.77
101295,18989.28
101294,21616.95
101293,21164.47
101292,25927.23
101291,46572.87
101290,26277.52
101289,18222.51
101288,18963.95
101287,21402.32
101286,44723.35
101285,47369.05
101284,79205.69
101283,46925.85
101282,46147.94
101281,28834.79
101280,28006.51
101279,24722.76
101278,40743.86
101277,54799.47
101276,51360.49
101275,22677.2
101274,22542.31
101273,23438.05
101272,19156.01
101271,33260.13
101270,56068.2
101269,41377.71
101268,31878.77
101267,20536.77
101266,25098.12
101265,43420.13
101264,48699.8
101263,76257.66
101262,62539.35
101261,39349.68
101260,39084.04
101259,57945.56
101258,31273.35
101257,35754.7
101256,56814.61
101255,53778.05
101254,21922.67
101253,23790.82
101252,37915.09
101251,33884.62
101250,46860.18
101249,76457.47
101248,55382.41
101247,35090.96
101246,31786.29
101245,46104.33
101244,35545.87
101243,54894.19
101242,80989.27
101241,-58.03
101240,24397.77
101239,20073.09
101238,21727.33
101237,28515.11
101236,35785.54
101235,51203.39
101234,47690.0
101233,20159.12
101232,22827.42
101231,32473.03
101230,32492.32
101229,42967.78
101228,71993.55
101227,58697.55
101226,1354.39
101225,22330.11
101224,22549.89
101223,25148.33
101222,29847.89
101221,57236.65
101220,41228.14
101219,22051.33
101218,21705.79
101217,19212.68
101216,37402.93
101215,42501.1
101214,66106.16
101213,58831.97
101212,26922.53
101211,25319.85
101210,31544.83
101209,28975.01
101208,1261.77
101207,69826.0
101206,47503.95
101205,23162.71
101204,28685.5
101203,28625.02
101202,37993.44
101201,47043.83
101200,76471.96
101199,53663.67
101198,21047.03
101197,23822.46
101196,27037.0
101195,25843.51
101194,45672.15
101193,67321.11
101192,61130.86
101191,36317.11
101190,38416.45
101189,40604.9
101188,34468.81
101187,40544.42
101186,62209.63
101185,59883.92
101184,21915.9
101183,25011.14
101182,24906.64
101181,590.71
101180,42945.76
101179,57298.76
101178,53682.94
101177,59815.22
101176,21771.9
101175,23133.62
101174,24804.44
101173,30137.19
101172,46999.36
101171,44549.53
101170,17898.53
101169,33447.59
101168,29449.87
101167,32719.44
101166,37093.47
101165,71932.57
101164,57022.75
101163,30874.24
101162,31221.54
101161,28818.65
101160,37520.99
101159,48738.46
101158,66939.03
101157,48905.01
101156,17227.45
101155,23856.23
101154,20368.58
101153,26395.87
101152,36997.32
101151,47696.4
101150,51313.84
101149,20646.98
101148,17445.71
101147,24410.74
101146,24081.74
101145,31286.9
101144,47189.84
101143,32840.09
101142,33901.07
