71428,23019.47
71427,34377.18
71426,36232.85
71425,14203.67
71424,15773.43
71423,18760.85
71422,15077.46
71421,637.19
71420,33100.57
71419,26255.29
71418,13212.74
71417,11298.18
71416,14702.64
71415,20045.44
71414,18413.4
71413,39735.63
71412,29533.82
71411,34132.95
71410,22219.41
71409,18422.63
71408,20667.96
71407,12313.55
71406,41113.52
71405,37175.28
71404,11062.6
71403,12088.12
71402,13711.57
71401,13640.43
71400,23695.27
71399,40682.73
71398,30665.15
71397,12613.32
71396,13639.35
71395,14442.04
71394,18459.12
71393,25495.55
71392,30249.71
71391,28711.43
71390,14120.68
71389,16267.23
71388,17570.41
71387,42710.29
71386,47318.74
71385,74607.32
71384,47365.17
71383,32600.33
71382,20902.19
71381,27220.95
71380,21487.66
71379,32202.63
71378,48816.59
71377,41875.83
71376,15544.02
71375,17299.86
71374,18699.99
71373,18973.4
71372,25579.94
71371,38308.12
71370,29755.01
71369,20459.98
71368,17556.84
71367,18850.35
71366,34089.35
71365,40701.1
71364,68106.91
71363,54163.18
71362,31692.7
71361,36506.26
71360,56014.01
71359,28933.2
71358,37319.6
71357,53398.92
71356,53280.77
71355,24722.18
71354,23507.77
71353,44317.11
71352,35058.68
71351,45534.08
71350,68409.25
71349,49565.21
71348,30352.44
71347,33391.98
71346,42641.19
71345,26443.25
71344,52914.34
71343,78495.12
71342,-38.24
71341,24193.55
71340,25530.03
71339,32652.28
71338,30026.06
71337,45813.16
71336,43012.55
71335,33326.97
71334,0.0
71333,18279.56
71332,28948.64
71331,29543.74
71330,29708.16
71329,38065.41
71328,36052.06
71327,11438.57
71326,14840.62
71325,20782.95
71324,18500.55
71323,23651.58
71322,37971.27
71321,34272.17
71320,16772.24
71319,17071.32
71318,21456.61
71317,32126.88
71316,33485.81
71315,67690.24
71314,41524.59
71313,26709.66
71312,29625.34
71311,30640.62
71310,34323.15
71309,74933.2
71308,43735.87
71307,21170.32
71306,25202.89
71305,30912.22
71304,36270.78
71303,42449.06
71302,69963.53
71301,46934.42
71300,18599.76
71299,21003.14
71298,28102.64
71297,23380.79
71296,44607.84
71295,65292.79
71294,52949.76
71293,30635.94
71292,34920.4
71291,41185.41
71290,33480.08
71289,39562.16
71288,67709.47
71287,68931.52
71286,25858.88
71285,29982.35
71284,31087.1
71283,42604.6
71282,52533.71
71281,43621.06
71280,53135.13
71279,25868.85
71278,24002.28
71277,29533.07
71276,32330.44
71275,46010.19
71274,34644.5
71273,19507.38
71272,30881.34
71271,32466.28
71270,29545.96
71269,36206.51
71268,57518.72
71267,47517.27
71266,26712.11
71265,33640.57
71264,32446.79
71263,35193.18
71262,45259.33
71261,59060.45
71260,49571.34
71259,13468.01
71258,18097.49
71257,24814.19
71256,21267.18
71255,34073.51
71254,37981.27
71253,44201.87
71252,19589.59
71251,12725.91
71250,19371.57
71249,25544.36
71248,29606.69
71247,31421.03
71246,28171.39
71245,25800.4
