58700,29463.89
58699,52452.4
58698,43933.39
58697,16756.92
58696,19580.59
58695,21741.51
58694,28477.8
58693,840.65
58692,39665.89
58691,22824.46
58690,15374.9
58689,16161.99
58688,19563.08
58687,33868.02
58686,38033.79
58685,55966.38
58684,38934.12
58683,43711.19
58682,26891.39
58681,33589.19
58680,36550.05
58679,39171.47
58678,1835.42
58677,16813.04
58676,13855.58
58675,22149.74
58674,24130.85
58673,20280.07
58672,39249.65
58671,50134.03
58670,36860.21
58669,17618.62
58668,22296.56
58667,20014.19
58666,28079.6
58665,11695.67
58664,46589.19
58663,36326.15
58662,9883.76
58661,23687.53
58660,24592.08
58659,55251.2
58658,59546.89
58657,91503.32
58656,44873.11
58655,48688.34
58654,37660.61
58653,42101.28
58652,28472.83
58651,50009.66
58650,62159.83
58649,59102.24
58648,18328.0
58647,15799.99
58646,23338.74
58645,19314.43
58644,30525.82
58643,56544.39
58642,35141.97
58641,33444.97
58640,26829.2
58639,22924.73
58638,54673.85
58637,48873.32
58636,97077.85
58635,82427.33
58634,52159.79
58633,60010.17
58632,76808.17
58631,37428.24
58630,48283.71
58629,74166.64
58628,60179.11
58627,22564.27
58626,29585.47
58625,54144.14
58624,44461.12
58623,56048.95
58622,88400.63
58621,68557.0
58620,38022.22
58619,53742.64
58618,62541.31
58617,58551.36
58616,69520.33
58615,97184.41
58614,28289.14
58613,30651.16
58612,35005.03
58611,30763.87
58610,34332.53
58609,55879.68
58608,46188.59
58607,1604.33
58606,25322.83
58605,41030.14
58604,44329.75
58603,51840.76
58602,73609.91
58601,72552.82
58600,27209.42
58599,27042.46
58598,36350.34
58597,37117.56
58596,39117.72
58595,63177.83
58594,54572.11
58593,31798.52
58592,38003.7
58591,36690.78
58590,67092.57
58589,75752.83
58588,101771.21
58587,79528.52
58586,51458.96
58585,58782.09
58584,58703.65
58583,49130.2
58582,2465.23
58581,92616.33
58580,57639.37
58579,32610.4
58578,38456.73
58577,42253.45
58576,55722.66
58575,67829.17
58574,108134.21
58573,57076.49
58572,30768.77
58571,32128.41
58570,33947.42
58569,34677.16
58568,70073.92
58567,88817.34
58566,72776.48
58565,52161.14
58564,47652.09
58563,57847.55
58562,59689.81
58561,65442.21
58560,88719.88
58559,84625.15
58558,35723.69
58557,36502.27
58556,42971.21
58555,1266.93
58554,72986.68
58553,81348.33
58552,57377.68
58551,93374.2
58550,36714.0
58549,39510.69
58548,53041.85
58547,47904.27
58546,58340.13
58545,65079.18
58544,34448.42
58543,66202.37
58542,63979.16
58541,62087.3
58540,68992.19
58539,89473.46
58538,74162.38
58537,47804.81
58536,50207.64
58535,54749.16
58534,61141.09
58533,86557.11
58532,105378.97
58531,67428.51
58530,39643.81
58529,53770.23
58528,40598.48
58527,46282.68
58526,67198.58
58525,57567.24
58524,67745.95
58523,35984.91
58522,23648.15
58521,38207.13
58520,44984.13
58519,49300.07
58518,60774.88
58517,48273.97
58516,39058.98
