181409,14536.93
181408,21028.45
181407,23473.75
181406,10330.36
181405,8987.83
181404,10391.12
181403,9434.44
181402,687.1
181401,13604.76
181400,13019.57
181399,7209.09
181398,6918.79
181397,9188.06
181396,12281.16
181395,12655.68
181394,17607.69
181393,14876.46
181392,14199.63
181391,10274.86
181390,10676.2
181389,10133.23
181388,12542.98
181387,19240.79
181386,14478.78
181385,8159.43
181384,6968.16
181383,8571.58
181382,9017.55
181381,13769.49
181380,20501.21
181379,16820.3
181378,10486.45
181377,10781.1
181376,10393.75
181375,14315.75
181374,16216.76
181373,23973.25
181372,14289.84
181371,13414.14
181370,12909.68
181369,15804.27
181368,27752.38
181367,36482.38
181366,42711.82
181365,26500.73
181364,22003.9
181363,15269.3
181362,16402.04
181361,13300.81
181360,23123.38
181359,30539.24
181358,20685.51
181357,11926.33
181356,11402.6
181355,12717.65
181354,13664.43
181353,20068.98
181352,23107.8
181351,15286.97
181350,16315.39
181349,14131.47
181348,11114.25
181347,23440.88
181346,23523.6
181345,35831.22
181344,23501.39
181343,16799.05
181342,21087.4
181341,22498.0
181340,18689.94
181339,18838.27
181338,29986.23
181337,21647.04
181336,13796.06
181335,13843.54
181334,24348.06
181333,20487.64
181332,25775.45
181331,29280.71
181330,23035.57
181329,15201.28
181328,16808.46
181327,17275.44
181326,17008.94
181325,33693.18
181324,39631.42
181323,8918.2
181322,8712.37
181321,10324.3
181320,13231.0
181319,14417.81
181318,20572.88
181317,18801.07
181316,608.58
181315,10390.99
181314,20280.93
181313,15239.69
181312,21223.82
181311,29531.34
181310,21643.41
181309,6908.23
181308,9433.02
181307,7665.91
181306,12288.65
181305,13130.47
181304,19152.11
181303,13967.34
181302,6416.18
181301,9152.16
181300,10131.73
181299,17892.58
181298,21053.04
181297,26095.37
181296,16442.64
181295,15384.39
181294,13440.91
181293,14329.93
181292,14111.7
181291,279.16
181290,31713.15
181289,20161.27
181288,13277.26
181287,16830.37
181286,19443.29
181285,23962.55
181284,28099.87
181283,52153.82
181282,25673.79
181281,9166.16
181280,9801.7
181279,11020.0
181278,11382.94
181277,26910.55
181276,28954.25
181275,18141.99
181274,15905.63
181273,14074.51
181272,13878.8
181271,13694.13
181270,17079.68
181269,29414.24
181268,20976.37
181267,9797.32
181266,9789.4
181265,12701.17
181264,221.55
181263,19324.73
181262,29029.27
181261,18854.45
181260,25250.0
181259,11015.64
181258,10863.23
181257,11697.67
181256,19243.07
181255,19943.33
181254,20283.67
181253,8020.64
181252,19796.19
181251,13956.49
181250,17862.81
181249,22271.86
181248,30102.09
181247,24495.49
181246,12497.81
181245,14290.98
181244,13629.1
181243,16723.2
181242,23164.67
181241,35515.1
181240,21479.94
181239,7928.34
181238,9308.19
181237,8134.21
181236,13640.98
181235,16582.57
181234,15160.89
181233,18265.07
181232,10049.5
181231,7445.67
181230,9276.35
181229,12641.87
181228,14328.87
181227,19219.42
181226,14552.66
181225,12126.64
