68165,37241.69
68164,63282.0
68163,32446.55
68162,25515.66
68161,19794.96
68160,23378.33
68159,21027.45
68158,1036.77
68157,41343.39
68156,29322.71
68155,19603.1
68154,23988.21
68153,20905.94
68152,24673.65
68151,31933.41
68150,62653.04
68149,32502.53
68148,44078.58
68147,26420.55
68146,26648.53
68145,25809.16
68144,26545.01
68143,62530.15
68142,32546.89
68141,18806.45
68140,20716.83
68139,21186.56
68138,21282.46
68137,35497.31
68136,54389.38
68135,38006.17
68134,12421.15
68133,13465.43
68132,21156.85
68131,23296.91
68130,26699.9
68129,53251.56
68128,22597.93
68127,22145.89
68126,23236.67
68125,23810.9
68124,52493.35
68123,55283.38
68122,91292.78
68121,55416.62
68120,49118.43
68119,31021.8
68118,37979.25
68117,28298.69
68116,44369.98
68115,70404.88
68114,54933.5
68113,20466.8
68112,25162.27
68111,23690.83
68110,20891.48
68109,36187.77
68108,56194.16
68107,44417.54
68106,36206.21
68105,28546.35
68104,26760.11
68103,40891.97
68102,50857.07
68101,93632.7
68100,70591.75
68099,40777.44
68098,50892.76
68097,62972.59
68096,46044.04
68095,47085.24
68094,59901.78
68093,54729.78
68092,24151.32
68091,28118.32
68090,49743.76
68089,31706.3
68088,32002.34
68087,80765.94
68086,62695.37
68085,34455.38
68084,36949.2
68083,2842.43
68082,34939.03
68081,51877.36
68080,84162.48
68079,26715.37
68078,27562.78
68077,23498.52
68076,31708.12
68075,31315.3
68074,52707.44
68073,44584.77
68072,24371.73
68071,26173.19
68070,43151.17
68069,36246.73
68068,48871.78
68067,81105.74
68066,62035.18
68065,1467.34
68064,25323.89
68063,27081.09
68062,27997.18
68061,30388.93
68060,48212.51
68059,37286.28
68058,24669.15
68057,22245.6
68056,25200.42
68055,48816.55
68054,44247.31
68053,75021.88
68052,65501.01
68051,34586.08
68050,35285.71
68049,39927.35
68048,33897.17
68047,901.75
68046,87722.11
68045,56032.4
68044,28559.77
68043,31655.03
68042,33547.71
68041,47055.81
68040,48777.04
68039,79563.49
68038,58336.17
68037,26706.56
68036,26991.18
68035,32341.92
68034,33874.55
68033,56422.07
68032,77239.28
68031,70197.17
68030,37162.54
68029,43022.47
68028,46592.4
68027,42354.32
68026,52419.68
68025,67578.25
68024,75427.81
68023,38543.76
68022,29661.8
68021,39143.99
68020,186.42
68019,47770.23
68018,57298.38
68017,54704.42
68016,63021.02
68015,30825.58
68014,33124.72
68013,38500.53
68012,46527.5
68011,55863.55
68010,50953.14
68009,35174.37
68008,48223.92
68007,51373.43
68006,49039.18
68005,57135.13
68004,76078.81
68003,67060.14
68002,44512.57
68001,47636.41
68000,40522.84
67999,44659.7
67998,55755.8
67997,68545.03
67996,57106.32
67995,35893.45
67994,29962.77
67993,32053.98
67992,30078.23
67991,40391.45
67990,41269.88
67989,55970.04
67988,26389.63
67987,17766.41
67986,31507.67
67985,31072.17
67984,33391.81
67983,44087.09
67982,39388.48
67981,26228.26
