97128,19471.77
97127,36576.75
97126,40357.45
97125,14103.43
97124,10010.23
97123,10089.5
97122,12979.0
97121,361.78
97120,24464.99
97119,22575.53
97118,10059.41
97117,11733.24
97116,9542.5
97115,21737.42
97114,23859.37
97113,31280.97
97112,25750.79
97111,22451.59
97110,13163.04
97109,11363.76
97108,14924.44
97107,17689.17
97106,29650.59
97105,28406.75
97104,7319.84
97103,8319.91
97102,11946.97
97101,11598.69
97100,20804.97
97099,33554.4
97098,20161.64
97097,12487.47
97096,13820.98
97095,16394.26
97094,15124.54
97093,21459.42
97092,34873.93
97091,20671.49
97090,12218.72
97089,14045.02
97088,13020.56
97087,31896.71
97086,43027.43
97085,61254.0
97084,38772.17
97083,31215.6
97082,18377.31
97081,14418.79
97080,15564.58
97079,25376.75
97078,42998.65
97077,29817.35
97076,11602.08
97075,13067.51
97074,13617.5
97073,15155.81
97072,23978.63
97071,35824.67
97070,25944.44
97069,23969.9
97068,16917.63
97067,16038.7
97066,31447.97
97065,38268.94
97064,55439.75
97063,46660.78
97062,23587.48
97061,28750.74
97060,43027.88
97059,21554.63
97058,23737.42
97057,48265.73
97056,41063.43
97055,15291.49
97054,14378.1
97053,29936.77
97052,26214.97
97051,34901.9
97050,53149.43
97049,42372.18
97048,23769.82
97047,25254.66
97046,35823.64
97045,27743.07
97044,40034.36
97043,65476.96
97042,16235.7
97041,16329.53
97040,13251.39
97039,20763.6
97038,26098.49
97037,33519.35
97036,27981.26
97035,572.03
97034,15915.51
97033,28015.43
97032,23038.52
97031,32656.45
97030,55626.74
97029,49957.39
97028,14773.16
97027,18301.69
97026,14128.39
97025,18569.17
97024,25141.64
97023,38296.74
97022,26690.6
97021,11945.41
97020,17371.25
97019,15123.22
97018,36849.17
97017,35295.3
97016,50392.65
97015,38544.67
97014,21067.91
97013,26595.81
97012,26911.29
97011,24021.07
97010,911.5
97009,53724.36
97008,36747.79
97007,18578.16
97006,19016.43
97005,20763.19
97004,33749.49
97003,42902.63
97002,71122.07
97001,46335.54
97000,13424.12
96999,16998.26
96998,17604.29
96997,15308.11
96996,44306.91
96995,51465.62
96994,42883.62
96993,20361.34
96992,21559.92
96991,25113.5
96990,26701.44
96989,36230.91
96988,52366.2
96987,47846.2
96986,15932.86
96985,15629.8
96984,19769.87
96983,219.28
96982,36495.45
96981,48174.43
96980,39666.51
96979,51117.48
96978,13899.14
96977,17862.87
96976,20377.0
96975,32283.68
96974,37606.63
96973,41264.96
96972,14827.18
96971,34033.92
96970,28951.91
96969,30184.55
96968,35080.0
96967,56192.95
96966,48982.93
96965,29336.65
96964,31311.9
96963,29150.74
96962,31336.64
96961,46081.89
96960,58053.01
96959,46165.77
96958,23002.13
96957,20624.68
96956,18239.27
96955,25074.01
96954,34325.95
96953,34860.41
96952,42791.45
96951,17513.69
96950,15414.13
96949,18849.86
96948,23349.49
96947,29474.02
96946,38783.19
96945,34657.33
96944,21369.61
