104375,50881.27
104374,76532.49
104373,74454.57
104372,35326.81
104371,21349.92
104370,23365.71
104369,30184.02
104368,964.87
104367,62168.12
104366,48827.46
104365,25116.39
104364,26245.84
104363,28337.83
104362,40954.61
104361,53297.9
104360,63096.2
104359,52748.38
104358,53343.66
104357,31222.78
104356,32545.36
104355,34622.78
104354,36487.01
104353,65840.49
104352,47786.3
104351,23569.46
104350,23652.04
104349,27968.13
104348,25553.86
104347,53072.24
104346,71427.38
104345,43256.6
104344,37759.4
104343,36731.64
104342,36327.1
104341,46676.27
104340,53444.47
104339,69578.7
104338,43893.76
104337,36707.89
104336,37764.44
104335,44022.21
104334,79939.13
104333,93940.81
104332,122421.55
104331,79197.84
104330,71168.66
104329,44305.49
104328,49531.28
104327,34037.27
104326,67694.44
104325,91878.02
104324,73045.52
104323,32761.38
104322,31239.28
104321,39653.38
104320,45059.21
104319,54862.7
104318,77579.56
104317,59702.14
104316,49805.26
104315,40048.79
104314,32825.63
104313,87666.88
104312,87217.52
104311,119307.99
104310,92834.05
104309,47862.03
104308,69241.94
104307,98723.66
104306,54596.41
104305,60902.56
104304,90101.41
104303,83870.61
104302,34736.24
104301,38925.02
104300,71850.15
104299,67660.03
104298,75814.51
104297,96422.93
104296,83259.2
104295,57493.65
104294,61478.17
104293,74558.5
104292,69938.92
104291,106508.45
104290,129370.6
104289,-33.81
104288,41344.26
104287,30523.15
104286,36163.65
104285,53621.61
104284,62016.33
104283,80081.49
104282,63169.91
104281,1487.92
104280,33351.41
104279,59151.69
104278,55904.51
104277,74397.94
104276,102179.59
104275,89948.87
104274,35012.97
104273,1965.77
104272,1319.39
104271,587.14
104270,59503.81
104269,69146.47
104268,72882.75
104267,2049.61
104266,34753.52
104265,40421.08
104264,70293.77
104263,82426.34
104262,107188.81
104261,81549.11
104260,46673.9
104259,57289.21
104258,53046.62
104257,52818.53
104256,79812.26
104255,115791.68
104254,74346.66
104253,47373.72
104252,54791.56
104251,55492.45
104250,84292.37
104249,98486.24
104248,142963.49
104247,93674.58
104246,33420.74
104245,35854.21
104244,42453.9
104243,41134.76
104242,87247.52
104241,93503.39
104240,76914.63
104239,52255.6
104238,54581.0
104237,60320.41
104236,54743.86
104235,75069.83
104234,99497.43
104233,95768.74
104232,34320.74
104231,35130.41
104230,38508.3
104229,53992.34
104228,67776.39
104227,90824.69
104226,65108.82
104225,81455.05
104224,40379.79
104223,42609.93
104222,56069.99
104221,69336.64
104220,78633.31
104219,74555.49
104218,45510.32
104217,72393.12
104216,71965.12
104215,67066.25
104214,78466.66
104213,100466.08
104212,84399.35
104211,55649.64
104210,58785.03
104209,60133.69
104208,75955.79
104207,91976.73
104206,101423.79
104205,76063.46
104204,34563.03
104203,39641.05
104202,41008.83
104201,55227.49
104200,72009.36
104199,68630.26
104198,85524.33
104197,36822.29
104196,29172.44
104195,44627.75
104194,53917.7
104193,56693.42
104192,74538.19
104191,61449.9
104190,37737.57
