125697,25123.11
125696,35368.57
125695,36341.6
125694,18907.2
125693,15753.97
125692,14858.49
125691,19511.33
125690,670.82
125689,26537.36
125688,25737.75
125687,17753.91
125686,15733.27
125685,17278.71
125684,24334.29
125683,26443.48
125682,31806.14
125681,28291.31
125680,30192.95
125679,20415.0
125678,21382.68
125677,20527.04
125676,22497.43
125675,35785.26
125674,25632.46
125673,14708.17
125672,14304.25
125671,17721.22
125670,17052.64
125669,29171.08
125668,38823.26
125667,30579.29
125666,19303.74
125665,26468.25
125664,26417.72
125663,26670.78
125662,26718.71
125661,32688.53
125660,23426.08
125659,23041.88
125658,29910.16
125657,25147.53
125656,45340.63
125655,50625.39
125654,69027.72
125653,43827.66
125652,47830.38
125651,39658.44
125650,33406.75
125649,26351.3
125648,36801.1
125647,52413.59
125646,46119.28
125645,26088.19
125644,22876.25
125643,24020.71
125642,23563.08
125641,29494.87
125640,42210.91
125639,32881.66
125638,37866.44
125637,23638.58
125636,25048.37
125635,46798.65
125634,45252.91
125633,57836.78
125632,54487.85
125631,40191.2
125630,44021.94
125629,57378.98
125628,36530.67
125627,39961.21
125626,46017.14
125625,35246.53
125624,22336.47
125623,23005.23
125622,42851.61
125621,40255.69
125620,43114.84
125619,49594.76
125618,45692.34
125617,38727.58
125616,37796.06
125615,50612.08
125614,32580.5
125613,47064.13
125612,76118.04
125611,-27.98
125610,28587.81
125609,25766.64
125608,23346.66
125607,30688.08
125606,32180.77
125605,40956.91
125604,35048.38
125603,448.92
125602,20978.75
125601,41474.65
125600,27351.22
125599,38336.75
125598,49643.89
125597,40329.12
125596,21234.48
125595,20269.88
125594,18825.58
125593,22402.23
125592,29543.94
125591,42194.28
125590,35531.02
125589,17690.61
125588,20157.93
125587,24410.15
125586,35071.83
125585,39124.08
125584,49839.89
125583,40230.0
125582,25375.96
125581,25740.45
125580,24704.88
125579,29716.86
125578,867.74
125577,49777.42
125576,31881.18
125575,20488.64
125574,20872.59
125573,20345.75
125572,38075.99
125571,38455.83
125570,60418.73
125569,38157.98
125568,20191.93
125567,23017.65
125566,21527.17
125565,20937.79
125564,38810.75
125563,47056.55
125562,40101.62
125561,35500.13
125560,25732.07
125559,30590.01
125558,26535.21
125557,36418.69
125556,51324.46
125555,44553.47
125554,20083.87
125553,19745.08
125552,21602.98
125551,656.62
125550,32706.39
125549,46231.12
125548,34957.33
125547,44670.26
125546,17566.75
125545,21845.04
125544,19172.1
125543,27854.57
125542,40236.18
125541,23874.42
125540,16428.66
125539,29383.15
125538,29452.98
125537,30214.56
125536,31344.4
125535,47024.53
125534,32217.79
125533,24361.34
125532,23310.89
125531,22452.46
125530,28366.2
125529,34093.51
125528,41367.34
125527,30271.15
125526,14166.93
125525,17355.23
125524,17586.1
125523,20225.4
125522,28677.85
125521,29073.41
125520,29837.46
125519,18019.72
125518,14056.23
125517,15896.47
125516,18799.81
125515,21394.89
125514,30638.53
125513,23999.8
125512,24355.85
