28772,29974.6
28771,54623.92
28770,36789.6
28769,12938.75
28768,14024.35
28767,16226.53
28766,15311.63
28765,419.28
28764,32204.82
28763,15383.02
28762,9313.84
28761,6738.22
28760,9950.03
28759,24123.9
28758,29284.1
28757,45719.09
28756,21552.44
28755,25295.1
28754,22251.62
28753,20024.22
28752,20956.2
28751,22556.62
28750,49456.65
28749,32969.14
28748,14535.95
28747,15414.82
28746,13773.29
28745,14730.55
28744,29840.28
28743,51808.7
28742,27491.22
28741,18459.23
28740,14969.68
28739,17314.04
28738,19294.43
28737,26794.17
28736,45896.6
28735,25540.43
28734,14244.66
28733,18199.91
28732,17051.8
28731,37178.26
28730,39784.64
28729,74554.51
28728,48540.52
28727,32853.25
28726,25915.14
28725,33429.59
28724,23888.42
28723,44607.06
28722,64215.88
28721,37761.53
28720,18191.65
28719,20548.67
28718,10477.75
28717,14565.32
28716,35664.49
28715,60373.19
28714,32307.38
28713,30153.95
28712,9028.28
28711,26328.62
28710,38245.46
28709,52233.43
28708,73612.25
28707,61222.69
28706,36590.23
28705,39001.26
28704,53613.84
28703,30074.27
28702,36598.69
28701,62584.74
28700,46124.35
28699,18455.92
28698,19872.76
28697,35756.39
28696,33288.12
28695,42631.99
28694,82251.68
28693,49372.53
28692,35966.36
28691,32534.32
28690,39890.09
28689,29625.3
28688,57945.0
28687,79682.85
28686,25640.16
28685,27098.48
28684,23457.46
28683,29385.72
28682,30826.0
28681,40976.82
28680,32968.64
28679,834.56
28678,19853.26
28677,29266.78
28676,33172.46
28675,41469.81
28674,55822.46
28673,33459.04
28672,17623.34
28671,1344.31
28670,574.78
28669,479.99
28668,27394.68
28667,40068.97
28666,35241.12
28665,1074.65
28664,18189.06
28663,23994.56
28662,45944.38
28661,47140.6
28660,65452.51
28659,40945.96
28658,31267.31
28657,29972.66
28656,36260.27
28655,32062.08
28654,43925.49
28653,71860.44
28652,42514.82
28651,19707.25
28650,23071.36
28649,26661.66
28648,32612.49
28647,40877.49
28646,64826.54
28645,32666.98
28644,18321.11
28643,19523.12
28642,19773.88
28641,20945.39
28640,46919.58
28639,63237.96
28638,47301.88
28637,33809.39
28636,29397.99
28635,35285.93
28634,29462.62
28633,45741.6
28632,57920.26
28631,42382.23
28630,27069.75
28629,28541.93
28628,27416.82
28627,39555.12
28626,50868.41
28625,61616.54
28624,45288.05
28623,35254.6
28622,25450.07
28621,29835.99
28620,34799.97
28619,40188.63
28618,51726.99
28617,41617.59
28616,26307.18
28615,48947.55
28614,40785.73
28613,39914.11
28612,47540.64
28611,62489.94
28610,47090.03
28609,32827.49
28608,36935.55
28607,42264.33
28606,47648.14
28605,57046.47
28604,57982.15
28603,42520.5
28602,22297.92
28601,31354.59
28600,25171.71
28599,26508.22
28598,43008.75
28597,41757.44
28596,39702.69
28595,26379.09
28594,18496.76
28593,19191.42
28592,27191.02
28591,30922.37
28590,34268.65
28589,22842.81
28588,20462.92
