81775,48912.99
81774,78554.17
81773,70189.74
81772,24180.44
81771,29127.6
81770,28998.73
81769,25560.1
81768,1146.72
81767,51562.26
81766,41040.08
81765,16750.43
81764,19784.74
81763,21956.7
81762,37756.12
81761,49207.45
81760,65449.17
81759,44099.72
81758,44942.53
81757,33813.39
81756,39236.2
81755,46050.88
81754,38520.26
81753,512.78
81752,11052.14
81751,20853.14
81750,23829.37
81749,23105.02
81748,23817.81
81747,46703.45
81746,75120.52
81745,44092.43
81744,22051.46
81743,27538.68
81742,27767.21
81741,30183.41
81740,39234.34
81739,66661.76
81738,38159.35
81737,27735.11
81736,16496.44
81735,33766.91
81734,66162.6
81733,80251.34
81732,120321.03
81731,74963.66
81730,44622.38
81729,36952.04
81728,47865.75
81727,38110.68
81726,55712.76
81725,91818.22
81724,71626.49
81723,28544.96
81722,25244.08
81721,28621.72
81720,28967.6
81719,41331.74
81718,74025.65
81717,49954.46
81716,48038.05
81715,29698.47
81714,32341.49
81713,59281.51
81712,66352.9
81711,121079.51
81710,85768.7
81709,49240.28
81708,59514.14
81707,86108.76
81706,46180.93
81705,60068.82
81704,88689.2
81703,78791.26
81702,26102.41
81701,33001.98
81700,62987.7
81699,50825.31
81698,66333.59
81697,117246.5
81696,76987.6
81695,52582.02
81694,54600.56
81693,71028.29
81692,61992.25
81691,110622.07
81690,129491.42
81689,-65.65
81688,36335.2
81687,32875.53
81686,33627.53
81685,39540.65
81684,52482.1
81683,76135.95
81682,51792.6
81681,1708.27
81680,28973.05
81679,49225.62
81678,42764.45
81677,66654.86
81676,84443.62
81675,80227.5
81674,25362.23
81673,2280.45
81672,1549.94
81671,390.44
81670,47406.39
81669,72039.03
81668,59123.1
81667,2114.66
81666,32820.75
81665,31190.4
81664,75389.41
81663,74599.42
81662,112455.03
81661,85036.79
81660,53085.51
81659,61059.52
81658,52923.79
81657,47552.05
81656,70287.74
81655,116173.61
81654,67871.5
81653,32411.23
81652,37584.59
81651,41282.18
81650,62097.61
81649,79622.17
81648,128308.45
81647,80881.59
81646,29021.58
81645,32638.33
81644,33655.95
81643,37076.14
81642,83828.65
81641,95799.49
81640,73079.8
81639,48990.83
81638,45052.39
81637,52338.2
81636,53095.59
81635,66960.56
81634,94891.76
81633,92789.72
81632,39266.95
81631,43293.68
81630,44932.85
81629,71433.16
81628,97666.74
81627,100966.22
81626,70072.71
81625,98414.63
81624,43244.09
81623,47586.1
81622,54541.93
81621,57004.2
81620,85507.23
81619,73842.29
81618,39994.26
81617,74134.55
81616,75119.36
81615,67061.64
81614,74850.34
81613,93292.15
81612,91870.04
81611,52901.42
81610,54352.13
81609,49950.12
81608,58169.46
81607,82503.17
81606,95722.63
81605,73168.57
81604,36122.81
81603,37490.91
81602,39999.81
81601,46393.77
81600,71941.55
81599,68167.33
81598,74138.97
81597,32209.18
81596,26695.39
81595,37899.09
81594,45665.14
81593,56864.37
81592,59941.12
81591,43880.74
81590,48374.79
