28388,28712.23
28387,57159.46
28386,44273.46
28385,13451.21
28384,13040.15
28383,16250.21
28382,17414.84
28381,1209.92
28380,35788.28
28379,23239.7
28378,16928.78
28377,13305.45
28376,14684.12
28375,28327.14
28374,29880.65
28373,52097.45
28372,39919.05
28371,42616.46
28370,21619.93
28369,15953.01
28368,20929.59
28367,20054.19
28366,48322.31
28365,40342.8
28364,14958.78
28363,15521.26
28362,14758.77
28361,17154.55
28360,32557.28
28359,51614.3
28358,34080.46
28357,15455.36
28356,17478.11
28355,20530.87
28354,23717.92
28353,30102.19
28352,47976.7
28351,29029.2
28350,15889.17
28349,11824.24
28348,17838.59
28347,43858.76
28346,60503.65
28345,86060.5
28344,46190.38
28343,37661.24
28342,26430.33
28341,36068.66
28340,23623.83
28339,42713.47
28338,70342.23
28337,55237.89
28336,20208.1
28335,19438.06
28334,19916.89
28333,17015.28
28332,31483.89
28331,62897.16
28330,38307.34
28329,30620.32
28328,14520.47
28327,20087.74
28326,42239.45
28325,52643.64
28324,101544.17
28323,73072.95
28322,44661.98
28321,52063.05
28320,72987.65
28319,31820.5
28318,44817.5
28317,73394.57
28316,58554.93
28315,20231.52
28314,26021.18
28313,52242.44
28312,42309.86
28311,51512.67
28310,82170.16
28309,71280.5
28308,36918.49
28307,46814.52
28306,55269.3
28305,37245.54
28304,66651.15
28303,83746.73
28302,26229.13
28301,25600.19
28300,26256.18
28299,26930.15
28298,37285.74
28297,52916.81
28296,40957.95
28295,1253.58
28294,22756.24
28293,34826.65
28292,33049.45
28291,46167.96
28290,72726.86
28289,59076.78
28288,17767.29
28287,23007.26
28286,20753.83
28285,26965.97
28284,32149.5
28283,52807.54
28282,54062.59
28281,25347.4
28280,22202.65
28279,26210.01
28278,54725.01
28277,66629.24
28276,85936.17
28275,55847.89
28274,39028.13
28273,35130.14
28272,41678.75
28271,41659.65
28270,725.73
28269,91399.39
28268,57727.99
28267,29382.18
28266,27651.41
28265,35455.84
28264,38533.1
28263,51486.59
28262,79575.26
28261,58914.17
28260,21763.39
28259,19893.89
28258,27464.6
28257,27263.44
28256,55333.91
28255,76822.7
28254,59832.69
28253,38012.35
28252,34693.04
28251,40132.55
28250,34894.48
28249,52258.0
28248,82213.68
28247,69013.83
28246,30529.28
28245,25806.5
28244,31425.57
28243,732.0
28242,60319.66
28241,74889.0
28240,60806.04
28239,64437.99
28238,34148.97
28237,34501.02
28236,37776.56
28235,43013.1
28234,53955.76
28233,49767.82
28232,29267.78
28231,48664.44
28230,48487.65
28229,48162.44
28228,57282.68
28227,75274.84
28226,65526.3
28225,38948.38
28224,40725.39
28223,41219.96
28222,53977.09
28221,60423.43
28220,72834.31
28219,59316.08
28218,23005.55
28217,27137.11
28216,24739.89
28215,33010.85
28214,42929.45
28213,46376.76
28212,55199.54
28211,25173.73
28210,19849.99
28209,25168.16
28208,31711.9
28207,32988.18
28206,40796.69
28205,32933.6
28204,32009.11
