94637,21726.23
94636,43650.75
94635,33514.11
94634,11401.16
94633,12052.39
94632,13978.73
94631,15655.48
94630,1397.25
94629,28813.57
94628,24243.37
94627,12490.18
94626,14087.32
94625,10145.87
94624,17564.91
94623,25126.73
94622,31298.3
94621,31369.75
94620,27555.88
94619,15878.55
94618,17692.28
94617,20292.52
94616,17244.06
94615,24760.78
94614,20795.89
94613,12317.13
94612,12082.15
94611,12472.31
94610,9595.27
94609,20075.29
94608,36185.18
94607,26590.8
94606,14467.36
94605,14460.28
94604,16328.81
94603,15439.39
94602,5134.59
94601,29700.62
94600,23690.71
94599,4615.45
94598,7120.25
94597,17062.72
94596,27416.4
94595,32619.78
94594,54665.12
94593,31504.82
94592,38386.32
94591,16234.35
94590,23425.08
94589,20984.94
94588,30527.56
94587,44422.28
94586,37522.3
94585,14078.77
94584,14767.56
94583,13901.32
94582,12587.86
94581,19487.71
94580,41860.96
94579,25143.08
94578,23314.22
94577,12669.91
94576,17361.11
94575,36408.17
94574,34447.99
94573,69430.95
94572,56022.8
94571,26760.27
94570,33274.68
94569,40807.83
94568,22741.88
94567,26941.88
94566,51206.8
94565,39622.97
94564,15154.79
94563,16009.34
94562,31432.48
94561,29875.73
94560,33796.07
94559,63559.08
94558,39988.99
94557,17023.82
94556,27582.4
94555,34586.7
94554,25507.8
94553,43380.23
94552,63920.59
94551,14767.72
94550,17300.25
94549,16984.91
94548,20564.96
94547,23669.13
94546,52088.42
94545,32347.84
94544,94.94
94543,16931.06
94542,20769.88
94541,19811.43
94540,32512.16
94539,65796.32
94538,54235.66
94537,13186.59
94536,17340.81
94535,23429.67
94534,20741.56
94533,25778.17
94532,38826.84
94531,34280.52
94530,20743.41
94529,18719.19
94528,21709.29
94527,39764.45
94526,39318.96
94525,63360.92
94524,47585.9
94523,27543.69
94522,25043.21
94521,31235.26
94520,27595.25
94519,50.97
94518,60671.87
94517,38993.12
94516,17494.06
94515,20714.82
94514,19542.94
94513,35950.45
94512,38740.54
94511,55779.62
94510,41960.43
94509,16232.72
94508,17067.21
94507,19516.12
94506,18798.76
94505,46253.83
94504,64964.36
94503,50179.54
94502,25221.25
94501,29561.43
94500,27776.87
94499,24720.13
94498,38660.25
94497,57681.43
94496,62750.53
94495,24583.89
94494,19811.23
94493,26659.03
94492,35.0
94491,43383.14
94490,63720.55
94489,41101.51
94488,53915.44
94487,19832.21
94486,19424.31
94485,24224.01
94484,32826.3
94483,44387.73
94482,41551.5
94481,23086.44
94480,36128.52
94479,30849.72
94478,34917.95
94477,38716.58
94476,58874.39
94475,48692.54
94474,27915.39
94473,29241.38
94472,27679.4
94471,37068.28
94470,45728.99
94469,58716.03
94468,41394.83
94467,19454.01
94466,22969.14
94465,27940.4
94464,27936.36
94463,40909.89
94462,45468.11
94461,44979.37
94460,22749.28
94459,17578.36
94458,26717.24
94457,27955.84
94456,32920.26
94455,36754.19
94454,23299.96
94453,22142.18
