16105,45889.5
16104,83755.53
16103,56388.0
16102,24312.15
16101,21977.6
16100,28258.49
16099,19142.73
16098,850.47
16097,49036.66
16096,28257.18
16095,15895.66
16094,16735.19
16093,19107.92
16092,41255.93
16091,48024.28
16090,73255.95
16089,36239.72
16088,48090.69
16087,26313.31
16086,27338.53
16085,29843.07
16084,37037.16
16083,65689.91
16082,46033.96
16081,14904.08
16080,17751.06
16079,24056.9
16078,18728.74
16077,43362.78
16076,66213.88
16075,44976.08
16074,28618.5
16073,19500.21
16072,25323.07
16071,31222.67
16070,41866.63
16069,61574.62
16068,34586.09
16067,21586.19
16066,24003.36
16065,27319.09
16064,76055.92
16063,82524.51
16062,117326.14
16061,50063.7
16060,61755.22
16059,42318.05
16058,50610.76
16057,38721.31
16056,64869.36
16055,107239.68
16054,70562.79
16053,27902.33
16052,24804.67
16051,28553.77
16050,27304.56
16049,51243.56
16048,77666.08
16047,44309.99
16046,39295.65
16045,23901.37
16044,29357.97
16043,58547.97
16042,80429.74
16041,124827.5
16040,100365.12
16039,61542.83
16038,63490.11
16037,86294.48
16036,44665.0
16035,63983.85
16034,88214.28
16033,76820.54
16032,27179.69
16031,25405.53
16030,61236.22
16029,58055.86
16028,74802.1
16027,117461.62
16026,88623.5
16025,55894.69
16024,56147.42
16023,68396.42
16022,39631.81
16021,88075.67
16020,102272.04
16019,33654.66
16018,35678.16
16017,33193.87
16016,38164.9
16015,46134.06
16014,62254.86
16013,49560.86
16012,1640.63
16011,24498.21
16010,43890.45
16009,40835.48
16008,61833.21
16007,93023.66
16006,71112.53
16005,27660.21
16004,26479.92
16003,31385.2
16002,35351.41
16001,44017.87
16000,75059.2
15999,58212.98
15998,35154.43
15997,31709.53
15996,36027.52
15995,68397.84
15994,81870.8
15993,111192.14
15992,73769.39
15991,54369.52
15990,53275.29
15989,48587.69
15988,53950.18
15987,1978.04
15986,119163.21
15985,62111.77
15984,37328.03
15983,39471.34
15982,43983.02
15981,57634.32
15980,67031.04
15979,98047.6
15978,62512.48
15977,31538.56
15976,31215.11
15975,38800.19
15974,30135.68
15973,81374.85
15972,96073.65
15971,71084.3
15970,49206.85
15969,49129.93
15968,54899.95
15967,50814.69
15966,67832.06
15965,93600.54
15964,79340.16
15963,38946.1
15962,44604.36
15961,54215.07
15960,1257.11
15959,78380.14
15958,82413.25
15957,72178.95
15956,60816.04
15955,38716.07
15954,41163.79
15953,46547.99
15952,56033.29
15951,72749.19
15950,57766.25
15949,39434.5
15948,80840.23
15947,65667.76
15946,62752.97
15945,72116.83
15944,93306.61
15943,73706.81
15942,55104.11
15941,56114.18
15940,58131.72
15939,62348.86
15938,82368.76
15937,88643.93
15936,63544.46
15935,34201.64
15934,36075.17
15933,33202.3
15932,43296.62
15931,57710.08
15930,55334.54
15929,67177.7
15928,28975.43
15927,25577.45
15926,35700.06
15925,43878.99
15924,45909.78
15923,51648.74
15922,38947.84
15921,29532.1
