116471,29146.77
116470,42455.06
116469,35176.57
116468,16941.72
116467,15616.5
116466,18382.2
116465,15863.14
116464,735.85
116463,31671.13
116462,28418.45
116461,14102.19
116460,12592.68
116459,13210.78
116458,24416.91
116457,26142.27
116456,35799.2
116455,30673.01
116454,26074.28
116453,16561.06
116452,18465.56
116451,17986.65
116450,21688.76
116449,38210.94
116448,28602.46
116447,10467.92
116446,13920.58
116445,13292.43
116444,15933.68
116443,27347.42
116442,36563.12
116441,21680.34
116440,19847.61
116439,20747.51
116438,19283.61
116437,22564.81
116436,30999.77
116435,37836.18
116434,26751.23
116433,22875.33
116432,18222.97
116431,25992.8
116430,42035.11
116429,54615.95
116428,74816.89
116427,48005.28
116426,44705.2
116425,27941.9
116424,26912.16
116423,23912.81
116422,39593.68
116421,55839.32
116420,46408.83
116419,18350.71
116418,21351.68
116417,18768.84
116416,21958.74
116415,27179.55
116414,40552.54
116413,37942.74
116412,26674.65
116411,23729.8
116410,25049.26
116409,49069.97
116408,47667.68
116407,65265.71
116406,64497.49
116405,30404.22
116404,36037.54
116403,50515.82
116402,28094.35
116401,29957.95
116400,54007.71
116399,45708.42
116398,19312.08
116397,22956.86
116396,40950.42
116395,35515.35
116394,39874.04
116393,59333.52
116392,48166.86
116391,31324.53
116390,42399.98
116389,43656.96
116388,37871.53
116387,55379.94
116386,65076.5
116385,20781.25
116384,18201.24
116383,23049.82
116382,26080.2
116381,36146.24
116380,45543.47
116379,43243.7
116378,908.57
116377,21025.09
116376,39582.88
116375,37186.4
116374,37725.75
116373,63940.49
116372,58906.1
116371,18989.94
116370,21376.24
116369,23682.66
116368,29339.84
116367,39409.07
116366,37539.6
116365,41611.17
116364,21828.93
116363,19385.23
116362,21738.18
116361,43345.2
116360,44344.85
116359,54102.57
116358,44291.75
116357,28784.78
116356,34129.52
116355,30044.9
116354,33189.5
116353,543.81
116352,64343.86
116351,43248.0
116350,25617.5
116349,26904.95
116348,30365.19
116347,45456.13
116346,61869.63
116345,84094.28
116344,54298.58
116343,23473.89
116342,27395.72
116341,28025.02
116340,30063.98
116339,57591.74
116338,60425.07
116337,61012.71
116336,33375.31
116335,35461.0
116334,33939.22
116333,34737.07
116332,46385.57
116331,51802.19
116330,57553.05
116329,20462.83
116328,22197.53
116327,24765.27
116326,325.72
116325,40371.58
116324,50421.2
116323,48788.23
116322,53455.32
116321,26117.92
116320,29770.17
116319,39831.41
116318,36948.11
116317,45054.91
116316,46118.79
116315,26820.31
116314,41873.95
116313,36366.53
116312,34615.4
116311,45395.28
116310,51839.28
116309,51673.71
116308,28309.54
116307,32292.36
116306,35482.01
116305,37393.39
116304,51014.08
116303,58807.59
116302,45149.76
116301,17674.97
116300,20331.36
116299,21734.46
116298,28211.74
116297,41360.08
116296,35735.09
116295,45838.38
116294,21770.43
116293,14337.89
116292,22137.58
116291,25890.89
116290,29784.8
116289,39280.65
116288,32286.82
116287,24636.7
