198272,27032.5
198271,44420.84
198270,39561.75
198269,19286.83
198268,13332.39
198267,14473.01
198266,17855.02
198265,702.37
198264,30625.6
198263,23969.83
198262,14475.75
198261,10679.94
198260,14506.19
198259,21920.64
198258,18180.29
198257,37476.34
198256,33216.51
198255,30384.52
198254,17394.64
198253,22015.84
198252,17988.37
198251,16131.7
198250,38259.6
198249,31475.47
198248,15807.22
198247,16869.74
198246,14766.03
198245,18196.75
198244,27562.13
198243,43465.8
198242,28418.44
198241,17619.54
198240,19061.53
198239,16869.41
198238,19843.47
198237,28694.07
198236,34802.97
198235,25359.78
198234,17869.21
198233,21791.94
198232,26395.43
198231,41713.24
198230,47292.58
198229,74612.74
198228,47186.47
198227,37460.19
198226,22227.77
198225,28533.6
198224,23405.92
198223,36565.3
198222,49716.58
198221,35123.34
198220,18850.29
198219,19677.15
198218,17436.78
198217,22767.61
198216,29780.66
198215,40192.99
198214,28137.26
198213,27948.74
198212,19058.95
198211,20527.32
198210,42990.13
198209,47716.27
198208,56455.0
198207,47780.87
198206,32453.55
198205,34691.96
198204,46997.69
198203,31066.93
198202,35058.96
198201,52293.0
198200,39735.97
198199,21943.48
198198,18636.62
198197,38599.37
198196,34402.65
198195,38494.94
198194,55965.53
198193,45752.38
198192,25799.94
198191,28575.58
198190,37048.45
198189,32312.26
198188,44266.91
198187,64546.35
198186,-27.55
198185,18223.75
198184,17936.58
198183,21185.29
198182,24668.59
198181,28065.98
198180,43297.57
198179,30062.09
198178,17047.33
198177,19426.74
198176,37593.71
198175,32064.85
198174,37597.71
198173,51653.9
198172,45612.15
198171,779.19
198170,20361.38
198169,19429.97
198168,19946.09
198167,27627.76
198166,41903.41
198165,31315.73
198164,14379.0
198163,15155.67
198162,16221.45
198161,36038.78
198160,35676.44
198159,51623.05
198158,41095.73
198157,27371.79
198156,25849.35
198155,30094.84
198154,27877.64
198153,660.7
198152,58320.03
198151,40865.66
198150,24861.47
198149,23540.9
198148,20148.41
198147,37165.0
198146,50494.91
198145,70672.91
198144,48997.45
198143,20525.11
198142,19727.36
198141,22465.63
198140,19982.15
198139,46864.14
198138,57840.28
198137,37362.38
198136,27848.54
198135,25122.37
198134,30020.83
198133,30184.19
198132,40984.9
198131,53442.28
198130,47883.04
198129,19048.62
198128,23317.87
198127,20787.74
198126,408.96
198125,34288.9
198124,47306.47
198123,38017.73
198122,46425.83
198121,16228.9
198120,17768.78
198119,24997.03
198118,28321.48
198117,42073.23
198116,29180.8
198115,15037.59
198114,33063.1
198113,27652.93
198112,24265.26
198111,36452.86
198110,55313.25
198109,34936.71
198108,21956.38
198107,23371.98
198106,26400.67
198105,25053.66
198104,40926.45
198103,50161.94
198102,42235.27
198101,16943.13
198100,20877.64
198099,18188.63
198098,24307.63
198097,32881.21
198096,36301.71
198095,42552.91
198094,19080.5
198093,12169.91
198092,17590.0
198091,23287.31
198090,27086.97
198089,35550.29
198088,30576.72
198087,27069.71
