189063,19877.8
189062,42478.67
189061,40023.77
189060,11353.45
189059,14908.38
189058,13867.97
189057,12799.07
189056,645.38
189055,27207.59
189054,17440.35
189053,9364.62
189052,6566.67
189051,11169.7
189050,18853.65
189049,19878.89
189048,35265.84
189047,25295.42
189046,22805.87
189045,11607.89
189044,13066.26
189043,14808.36
189042,16781.52
189041,30742.71
189040,28982.28
189039,13518.39
189038,11931.75
189037,12352.06
189036,9309.67
189035,16443.53
189034,38019.52
189033,24680.29
189032,11999.67
189031,11374.86
189030,13059.62
189029,11697.4
189028,18767.31
189027,34236.62
189026,26448.1
189025,11865.55
189024,10954.56
189023,13606.67
189022,26937.32
189021,31443.62
189020,52222.94
189019,32385.84
189018,23028.36
189017,19382.8
189016,22543.71
189015,16218.57
189014,28490.64
189013,41137.54
189012,31397.55
189011,11848.42
189010,14098.34
189009,10796.68
189008,8372.88
189007,18576.95
189006,35782.16
189005,26375.27
189004,17970.31
189003,12140.74
189002,17876.14
189001,26764.88
189000,27699.39
188999,49311.41
188998,45947.71
188997,24139.96
188996,27464.79
188995,39218.81
188994,20659.93
188993,26847.7
188992,45475.11
188991,35332.04
188990,16139.6
188989,14548.24
188988,28556.99
188987,21946.26
188986,33134.51
188985,56795.62
188984,44574.22
188983,25344.36
188982,29192.76
188981,33777.32
188980,27115.17
188979,42373.83
188978,60315.58
188977,15731.27
188976,16192.46
188975,11495.5
188974,14485.14
188973,23602.72
188972,32198.22
188971,26219.9
188970,549.45
188969,12253.74
188968,19156.67
188967,24067.93
188966,26558.83
188965,48966.45
188964,35839.93
188963,11042.1
188962,12706.24
188961,12194.92
188960,17770.19
188959,24893.47
188958,29886.82
188957,32536.31
188956,23761.24
188955,15965.21
188954,18261.11
188953,30746.77
188952,36890.43
188951,48163.7
188950,40145.55
188949,21861.19
188948,23279.58
188947,25321.58
188946,25446.43
188945,664.97
188944,59432.6
188943,37465.75
188942,17440.68
188941,19778.11
188940,17756.06
188939,27800.22
188938,37076.83
188937,58189.39
188936,33878.66
188935,14679.58
188934,15878.98
188933,17143.24
188932,16561.92
188931,36654.3
188930,47699.84
188929,40521.91
188928,23227.41
188927,23704.41
188926,25097.38
188925,23569.45
188924,34654.51
188923,49776.55
188922,38165.45
188921,14817.49
188920,23856.44
188919,19458.48
188918,275.0
188917,42181.72
188916,45638.02
188915,34549.12
188914,36715.55
188913,20955.07
188912,21824.9
188911,26308.77
188910,28365.37
188909,37866.31
188908,31879.03
188907,15858.08
188906,26231.27
188905,25304.88
188904,29263.19
188903,34533.95
188902,44642.25
188901,36395.63
188900,20763.76
188899,23225.66
188898,23610.63
188897,24745.55
188896,38459.13
188895,45461.36
188894,34862.25
188893,14691.54
188892,18420.21
188891,17363.14
188890,16715.37
188889,27606.13
188888,22737.21
188887,35669.18
188886,16019.3
188885,13641.39
188884,18521.01
188883,17737.71
188882,21056.26
188881,29537.07
188880,21390.94
188879,17112.86
