121658,21590.85
121657,35341.67
121656,33838.73
121655,12781.96
121654,14955.03
121653,16095.32
121652,15736.9
121651,1667.83
121650,25944.52
121649,29217.87
121648,12073.02
121647,13732.06
121646,12395.52
121645,21751.59
121644,20036.68
121643,33561.78
121642,23897.72
121641,32124.69
121640,13775.68
121639,16559.96
121638,22313.89
121637,18970.81
121636,41034.77
121635,25753.97
121634,15610.36
121633,13907.19
121632,16274.84
121631,13046.98
121630,27797.48
121629,39960.56
121628,24068.41
121627,12942.62
121626,6516.27
121625,18560.68
121624,21843.41
121623,26427.9
121622,36297.28
121621,19449.12
121620,19257.9
121619,19541.63
121618,23185.6
121617,42987.58
121616,38608.12
121615,60915.48
121614,35602.0
121613,31185.08
121612,19796.01
121611,23449.44
121610,18728.63
121609,24511.47
121608,41781.19
121607,37230.81
121606,15327.91
121605,14384.91
121604,15732.65
121603,11654.18
121602,22289.62
121601,34109.57
121600,28514.43
121599,24013.34
121598,19394.87
121597,13620.76
121596,29111.65
121595,33056.02
121594,50410.3
121593,46416.9
121592,28867.59
121591,35101.89
121590,43775.59
121589,23875.95
121588,26101.98
121587,44354.4
121586,38332.02
121585,16631.53
121584,18519.86
121583,36902.22
121582,26968.54
121581,24860.84
121580,50086.88
121579,44082.46
121578,26881.16
121577,32011.26
121576,2945.45
121575,25485.57
121574,35380.16
121573,43184.19
121572,17718.06
121571,18134.3
121570,14853.54
121569,16498.59
121568,24171.32
121567,36268.04
121566,31003.55
121565,528.45
121564,19148.12
121563,24229.45
121562,25766.18
121561,30834.08
121560,49348.43
121559,41214.76
121558,18631.13
121557,740.52
121556,231.76
121555,107.98
121554,23345.6
121553,8306.15
121552,17196.17
121551,449.62
121550,15719.15
121549,20188.97
121548,41335.35
121547,39892.99
121546,47513.57
121545,39214.28
121544,25438.45
121543,23538.89
121542,25751.12
121541,25844.29
121540,26313.75
121539,56666.39
121538,34043.84
121537,24483.36
121536,25475.06
121535,24183.48
121534,37262.33
121533,38057.0
121532,62193.47
121531,47578.42
121530,21679.68
121529,18414.71
121528,20720.27
121527,18344.19
121526,43544.35
121525,47311.96
121524,45526.82
121523,29578.76
121522,29783.13
121521,39364.86
121520,30707.92
121519,32582.92
121518,58303.58
121517,58937.01
121516,29076.54
121515,24551.95
121514,28780.71
121513,26375.9
121512,35777.85
121511,44159.67
121510,37052.72
121509,46844.75
121508,23303.88
121507,24916.35
121506,28500.49
121505,29905.91
121504,42303.6
121503,35936.21
121502,23186.46
121501,35026.06
121500,31682.74
121499,34905.34
121498,35892.02
121497,45274.04
121496,44011.11
121495,24724.84
121494,31788.66
121493,30743.63
121492,33114.66
121491,42033.01
121490,52408.4
121489,39266.53
121488,18874.64
121487,20109.56
121486,18950.92
121485,23233.4
121484,29330.42
121483,31569.86
121482,38717.74
121481,22115.43
121480,14676.15
121479,20308.42
121478,24745.89
121477,25376.22
121476,28868.56
121475,25983.49
121474,21824.33
