145583,24936.27
145582,26822.11
145581,16898.86
145580,9878.5
145579,10787.0
145578,11171.86
145577,12101.14
145576,748.81
145575,22417.77
145574,18595.55
145573,10011.9
145572,7484.69
145571,8939.07
145570,15312.18
145569,17925.64
145568,25711.17
145567,19751.11
145566,25526.8
145565,12899.65
145564,14495.7
145563,12818.85
145562,13549.15
145561,32202.6
145560,18530.87
145559,8555.14
145558,9125.77
145557,10144.03
145556,7678.44
145555,19273.54
145554,31806.78
145553,19049.39
145552,12688.87
145551,12676.72
145550,12770.58
145549,14984.24
145548,21217.78
145547,28749.74
145546,14826.38
145545,13343.35
145544,14037.73
145543,18477.59
145542,25685.32
145541,36902.24
145540,55271.8
145539,31640.44
145538,31611.03
145537,16559.18
145536,21081.26
145535,13038.09
145534,25483.84
145533,37048.78
145532,27843.52
145531,14253.62
145530,12552.27
145529,13102.44
145528,16214.09
145527,23715.54
145526,35042.37
145525,24339.46
145524,16973.28
145523,14566.89
145522,13085.59
145521,26895.42
145520,34622.43
145519,51334.44
145518,39083.12
145517,20823.45
145516,23252.37
145515,32886.65
145514,21006.9
145513,21613.54
145512,35689.78
145511,32155.44
145510,15388.23
145509,16636.59
145508,24669.87
145507,20272.22
145506,26171.09
145505,42223.92
145504,35040.41
145503,27582.96
145502,27170.21
145501,29105.49
145500,27786.04
145499,34398.17
145498,40727.39
145497,14994.64
145496,16343.03
145495,15917.85
145494,17182.93
145493,27455.7
145492,36767.84
145491,29224.55
145490,553.96
145489,17297.69
145488,31847.63
145487,27794.2
145486,39420.07
145485,49951.55
145484,42630.21
145483,14188.26
145482,13514.1
145481,15965.83
145480,14956.88
145479,23490.42
145478,30755.02
145477,28277.46
145476,15182.6
145475,19975.8
145474,17064.89
145473,29507.2
145472,32205.53
145471,47232.96
145470,29794.9
145469,19066.56
145468,23372.26
145467,21315.8
145466,19273.15
145465,645.3
145464,41740.28
145463,24170.9
145462,17812.55
145461,20395.31
145460,18882.55
145459,25062.53
145458,33679.36
145457,48498.43
145456,32853.09
145455,18538.97
145454,13754.38
145453,15717.75
145452,19745.54
145451,34307.98
145450,47408.17
145449,33425.77
145448,20332.84
145447,19835.03
145446,23560.23
145445,20989.32
145444,30936.76
145443,38807.35
145442,30942.34
145441,14046.54
145440,15463.7
145439,17404.57
145438,556.55
145437,25084.58
145436,31021.36
145435,28434.87
145434,28540.82
145433,13077.85
145432,15275.87
145431,20379.81
145430,25164.66
145429,36878.83
145428,31837.98
145427,20004.77
145426,28547.11
145425,26851.7
145424,29957.7
145423,34573.35
145422,46079.8
145421,36060.35
145420,25316.95
145419,27077.53
145418,24866.73
145417,30792.15
145416,38197.57
145415,36786.91
145414,33983.75
145413,18816.81
145412,16011.78
145411,19863.26
145410,21662.62
145409,25655.62
145408,27261.37
145407,29964.22
145406,19131.54
145405,14408.0
145404,18902.07
145403,22263.48
145402,24849.0
145401,29827.91
145400,26629.85
145399,16338.82
