183523,18677.48
183522,30210.09
183521,33285.7
183520,10758.31
183519,8725.99
183518,15147.91
183517,13297.59
183516,650.84
183515,22473.39
183514,19011.36
183513,7677.84
183512,9264.2
183511,9029.02
183510,22959.57
183509,18926.63
183508,23916.07
183507,19194.57
183506,17552.68
183505,10837.86
183504,12840.78
183503,15141.76
183502,18145.36
183501,23372.38
183500,19552.63
183499,10465.72
183498,10517.94
183497,11998.61
183496,11990.15
183495,17100.22
183494,26723.45
183493,22626.99
183492,10743.44
183491,12032.11
183490,12949.93
183489,17033.0
183488,19083.11
183487,23814.43
183486,16640.5
183485,11085.63
183484,15644.88
183483,15933.43
183482,26691.71
183481,36902.16
183480,47769.62
183479,33156.93
183478,30173.16
183477,17273.61
183476,22547.11
183475,13669.37
183474,25016.41
183473,39841.44
183472,28746.48
183471,16722.12
183470,11356.15
183469,16740.76
183468,14772.02
183467,22535.8
183466,30344.15
183465,25821.24
183464,22109.11
183463,14261.61
183462,16755.4
183461,32411.01
183460,31985.57
183459,43153.66
183458,38349.14
183457,24610.08
183456,28741.08
183455,37768.23
183454,22820.64
183453,25119.81
183452,36104.57
183451,32412.82
183450,13026.38
183449,16217.22
183448,27993.44
183447,28596.44
183446,26496.3
183445,43047.17
183444,35422.34
183443,23604.86
183442,24599.65
183441,27054.28
183440,21311.17
183439,36288.1
183438,58460.5
183437,15849.4
183436,10786.24
183435,14960.45
183434,17024.45
183433,19419.08
183432,32938.0
183431,23812.9
183430,567.16
183429,14902.58
183428,23386.86
183427,23128.16
183426,27215.65
183425,44805.3
183424,37292.92
183423,19735.82
183422,946.73
183421,342.75
183420,186.81
183419,20372.02
183418,31028.34
183417,29557.25
183416,534.72
183415,13798.47
183414,13954.47
183413,28845.13
183412,29816.72
183411,40707.43
183410,27896.6
183409,17691.2
183408,17313.62
183407,17518.37
183406,22190.1
183405,29991.65
183404,45028.37
183403,26014.52
183402,13171.72
183401,22555.68
183400,20090.87
183399,29191.53
183398,36218.64
183397,57727.16
183396,34817.86
183395,13675.93
183394,14694.19
183393,15003.33
183392,17044.78
183391,31423.64
183390,37726.51
183389,35052.11
183388,21225.39
183387,18786.68
183386,21595.82
183385,23225.45
183384,31404.64
183383,45306.4
183382,41187.36
183381,25078.82
183380,17450.41
183379,16189.84
183378,23801.45
183377,24887.24
183376,31473.89
183375,30624.58
183374,33033.7
183373,15178.41
183372,14233.26
183371,19867.63
183370,23378.23
183369,27405.61
183368,28532.67
183367,13967.79
183366,18251.39
183365,17230.52
183364,22463.05
183363,28513.91
183362,34471.44
183361,26758.08
183360,20612.69
183359,17280.5
183358,15709.58
183357,25831.58
183356,28329.26
183355,37519.98
183354,25026.31
183353,11561.88
183352,15762.39
183351,12577.75
183350,11858.37
183349,20831.18
183348,24249.35
183347,29444.82
183346,12991.79
183345,8562.24
183344,13122.03
183343,16534.07
183342,18598.24
183341,25371.04
183340,19113.27
183339,19551.28
