223698,15204.1
223697,26114.38
223696,24802.48
223695,10770.29
223694,9022.86
223693,8139.57
223692,9836.03
223691,685.46
223690,15947.88
223689,15323.73
223688,9655.28
223687,8523.61
223686,6976.95
223685,15818.44
223684,17140.28
223683,22560.12
223682,20871.96
223681,16292.1
223680,11223.4
223679,12681.2
223678,9262.57
223677,13284.83
223676,4656.39
223675,15082.9
223674,11838.75
223673,9432.76
223672,10033.55
223671,12990.66
223670,18434.34
223669,26991.57
223668,15593.0
223667,9063.33
223666,9957.17
223665,8942.01
223664,11152.86
223663,5702.6
223662,18773.68
223661,13370.43
223660,2984.82
223659,7907.48
223658,6569.3
223657,18586.72
223656,26400.57
223655,32896.32
223654,16867.1
223653,13259.29
223652,10546.61
223651,13777.04
223650,10318.7
223649,16005.87
223648,23057.48
223647,17894.52
223646,7925.33
223645,9303.4
223644,9155.33
223643,7336.24
223642,16960.17
223641,27828.64
223640,17747.58
223639,12062.6
223638,10274.97
223637,8752.35
223636,20650.51
223635,17784.57
223634,37170.03
223633,32057.46
223632,16841.0
223631,15454.85
223630,27131.13
223629,13640.42
223628,17972.56
223627,27649.81
223626,22826.15
223625,9628.87
223624,9851.59
223623,18246.05
223622,17097.34
223621,16295.98
223620,34113.76
223619,27446.85
223618,10287.68
223617,17657.62
223616,21731.37
223615,17559.02
223614,33114.65
223613,31315.1
223612,6028.71
223611,8581.24
223610,10994.33
223609,12087.71
223608,13282.46
223607,26737.01
223606,21383.52
223605,6020.22
223604,8812.07
223603,13826.36
223602,15600.37
223601,17454.61
223600,28887.1
223599,29638.86
223598,1203.15
223597,10481.46
223596,11580.26
223595,14367.71
223594,15358.22
223593,21369.66
223592,19213.35
223591,11462.92
223590,11157.27
223589,10341.74
223588,21691.72
223587,24474.2
223586,30359.33
223585,23095.11
223584,16450.46
223583,11749.07
223582,16483.91
223581,17076.92
223580,638.27
223579,29588.17
223578,26935.93
223577,11273.74
223576,12663.85
223575,10209.73
223574,17172.6
223573,22257.25
223572,38742.32
223571,28070.35
223570,9710.68
223569,8393.96
223568,11643.38
223567,11553.56
223566,24825.17
223565,26674.79
223564,26599.63
223563,14712.39
223562,16874.19
223561,18809.63
223560,17758.09
223559,19953.05
223558,24013.44
223557,29025.64
223556,10334.78
223555,13607.38
223554,12498.67
223553,19396.54
223552,25418.16
223551,34928.7
223550,24645.82
223549,30122.92
223548,15414.19
223547,15278.42
223546,16650.15
223545,20962.68
223544,20165.32
223543,27001.49
223542,12984.33
223541,13742.16
223540,21187.58
223539,23341.08
223538,21820.48
223537,37577.65
223536,25589.19
223535,16843.65
223534,19040.13
223533,18217.13
223532,19051.16
223531,24955.4
223530,33506.18
223529,24898.94
223528,14927.46
223527,14354.53
223526,14644.95
223525,16521.41
223524,20583.94
223523,21410.46
223522,25336.35
223521,11726.52
223520,8006.84
223519,11674.69
223518,15615.59
223517,19155.77
223516,24456.13
223515,17400.14
223514,13368.69
