121274,26260.94
121273,41420.3
121272,34808.34
121271,14777.99
121270,14237.69
121269,14053.78
121268,14871.08
121267,78.4
121266,27617.08
121265,25500.99
121264,16397.87
121263,12440.01
121262,10062.47
121261,21612.33
121260,22771.8
121259,28089.5
121258,22778.75
121257,24869.92
121256,12974.05
121255,16244.93
121254,15789.22
121253,18030.63
121252,31631.55
121251,25065.19
121250,12173.9
121249,11757.33
121248,14258.99
121247,13499.11
121246,21878.35
121245,35947.12
121244,19441.05
121243,14619.47
121242,15783.98
121241,18542.56
121240,20986.97
121239,25517.5
121238,30583.18
121237,22480.15
121236,14583.3
121235,15730.34
121234,18175.78
121233,33224.41
121232,35693.06
121231,48174.25
121230,34949.56
121229,32238.8
121228,18748.21
121227,23247.5
121226,14131.5
121225,30145.59
121224,43748.11
121223,36468.46
121222,14678.79
121221,12366.17
121220,20072.25
121219,15697.34
121218,24906.76
121217,34345.03
121216,27197.21
121215,18539.51
121214,15803.45
121213,18079.84
121212,33836.21
121211,36013.92
121210,49509.5
121209,43569.97
121208,21111.84
121207,28610.49
121206,42065.05
121205,30279.36
121204,28251.88
121203,43528.47
121202,44002.58
121201,17607.49
121200,16578.43
121199,34561.63
121198,26216.06
121197,34583.13
121196,46544.88
121195,42806.08
121194,26198.51
121193,32382.89
121192,36325.7
121191,32718.87
121190,41431.97
121189,57719.56
121188,-11.77
121187,20321.73
121186,16801.93
121185,14149.27
121184,28465.94
121183,26581.99
121182,35937.04
121181,31618.58
121180,14002.64
121179,17293.48
121178,23965.51
121177,24420.56
121176,32071.32
121175,43838.93
121174,46571.1
121173,1367.07
121172,20624.57
121171,17613.45
121170,19864.95
121169,22936.27
121168,28966.97
121167,31506.68
121166,15760.28
121165,16513.47
121164,18682.92
121163,29290.25
121162,36487.63
121161,49097.98
121160,39639.17
121159,20617.62
121158,24379.4
121157,26795.25
121156,23282.8
121155,784.16
121154,51248.29
121153,33197.98
121152,19758.67
121151,21476.06
121150,23504.99
121149,37131.73
121148,44840.39
121147,62686.0
121146,42551.6
121145,19415.32
121144,20642.5
121143,19293.73
121142,20431.72
121141,42226.27
121140,49003.8
121139,36061.0
121138,19545.66
121137,24131.56
121136,28302.01
121135,26695.04
121134,37810.48
121133,47451.9
121132,51495.12
121131,20484.31
121130,16639.62
121129,22073.04
121128,74.09
121127,32854.29
121126,40613.17
121125,39834.42
121124,48568.4
121123,23301.94
121122,24495.36
121121,31344.97
121120,33981.76
121119,34086.86
121118,34272.81
121117,21303.18
121116,27064.6
121115,24543.56
121114,30398.34
121113,30765.67
121112,41161.22
121111,41528.89
121110,24594.71
121109,22403.35
121108,27469.21
121107,33072.32
121106,43710.86
121105,57723.64
121104,46348.64
121103,22643.46
121102,17197.04
121101,17814.21
121100,24023.71
121099,35302.19
121098,27882.23
121097,45626.25
121096,19916.55
121095,14614.74
121094,22545.88
121093,23242.55
121092,29930.73
121091,37057.64
121090,29564.52
121089,22591.02
