144431,40201.63
144430,52488.53
144429,31064.58
144428,17576.69
144427,16216.14
144426,13508.41
144425,11362.79
144424,773.63
144423,19776.98
144422,22826.71
144421,14235.04
144420,14924.52
144419,16952.12
144418,29245.1
144417,23991.18
144416,43589.77
144415,22075.9
144414,40052.02
144413,11447.37
144412,14341.15
144411,18123.72
144410,21118.32
144409,44680.5
144408,29157.72
144407,14901.96
144406,16296.81
144405,16360.81
144404,15704.77
144403,28804.77
144402,46951.27
144401,27186.02
144400,17369.05
144399,16463.07
144398,19849.25
144397,18614.0
144396,24298.98
144395,46532.82
144394,23258.66
144393,14067.27
144392,19019.29
144391,17507.37
144390,37531.39
144389,52701.16
144388,76724.29
144387,34706.74
144386,39423.05
144385,23682.36
144384,28650.4
144383,20913.68
144382,35890.03
144381,55841.81
144380,34867.23
144379,19402.36
144378,22099.25
144377,20197.32
144376,19205.85
144375,31984.41
144374,52111.1
144373,28992.35
144372,26631.43
144371,21309.39
144370,23270.22
144369,39382.57
144368,49964.89
144367,79696.28
144366,58108.76
144365,37602.19
144364,39190.84
144363,48372.29
144362,32050.21
144361,45573.82
144360,61591.22
144359,45869.52
144358,19683.25
144357,25174.11
144356,35672.5
144355,36707.2
144354,43667.35
144353,77628.77
144352,51304.52
144351,30741.35
144350,30572.86
144349,46014.88
144348,38806.54
144347,57613.9
144346,63987.83
144345,26619.93
144344,21725.86
144343,20815.58
144342,25115.17
144341,29755.04
144340,50841.06
144339,29595.26
144338,18912.2
144337,19014.84
144336,29614.77
144335,30787.52
144334,40034.18
144333,65018.25
144332,41080.12
144331,17.9
144330,21295.18
144329,21158.76
144328,26896.56
144327,30265.72
144326,43834.26
144325,30560.92
144324,19212.85
144323,23910.16
144322,24326.58
144321,43104.48
144320,51713.48
144319,63277.25
144318,43050.87
144317,35327.22
144316,27063.17
144315,37509.09
144314,29863.34
144313,21.23
144312,81462.8
144311,40736.3
144310,22648.57
144309,31768.22
144308,33583.99
144307,39120.41
144306,47976.18
144305,64479.36
144304,44660.32
144303,26967.75
144302,27453.14
144301,28421.63
144300,27635.76
144299,54677.37
144298,70299.74
144297,51622.13
144296,28836.86
144295,32684.76
144294,35498.47
144293,38438.39
144292,44921.9
144291,63075.63
144290,44219.68
144289,24997.72
144288,28007.42
144287,27533.53
144286,48812.42
144285,60801.13
144284,39581.99
144283,46909.07
144282,27987.11
144281,27994.31
144280,37319.36
144279,39465.84
144278,51185.82
144277,23918.7
144276,25686.91
144275,37410.61
144274,41877.39
144273,40762.64
144272,47266.54
144271,60902.07
144270,45936.36
144269,29621.18
144268,33731.95
144267,36371.43
144266,45459.01
144265,51713.41
144264,56082.81
144263,41518.49
144262,23318.33
144261,26903.6
144260,25935.0
144259,25529.48
144258,35919.26
144257,43833.63
144256,37909.11
144255,21694.32
144254,21011.51
144253,26097.7
144252,31016.26
144251,30746.93
144250,33486.63
144249,29555.06
144248,20331.93
