147502,28915.88
147501,37316.83
147500,29925.56
147499,12162.34
147498,11189.04
147497,12244.14
147496,17308.46
147495,1227.35
147494,21643.24
147493,14783.97
147492,10065.86
147491,8515.85
147490,8513.72
147489,19150.36
147488,25473.69
147487,10832.62
147486,25877.94
147485,16542.84
147484,16184.52
147483,19140.76
147482,17397.87
147481,18627.43
147480,34036.75
147479,21166.7
147478,14874.02
147477,11277.41
147476,11848.52
147475,13372.99
147474,18591.19
147473,39411.49
147472,26206.43
147471,16490.73
147470,14947.85
147469,10740.21
147468,20368.12
147467,11527.96
147466,43906.4
147465,23849.41
147464,11207.98
147463,13035.08
147462,22701.83
147461,36896.86
147460,41036.73
147459,63078.85
147458,34204.27
147457,30054.84
147456,11985.13
147455,28792.36
147454,21147.88
147453,35190.71
147452,43517.27
147451,29719.55
147450,19639.24
147449,15156.14
147448,12682.54
147447,14781.75
147446,25563.8
147445,41960.92
147444,27442.02
147443,22335.76
147442,16893.73
147441,14179.84
147440,30300.06
147439,37815.71
147438,65267.3
147437,44814.48
147436,20939.87
147435,30237.09
147434,41024.68
147433,24678.27
147432,30858.8
147431,54263.1
147430,33810.62
147429,18974.04
147428,16310.6
147427,31925.25
147426,28307.8
147425,40903.82
147424,56782.27
147423,37258.04
147422,14051.27
147421,31037.19
147420,33233.57
147419,23136.32
147418,32061.67
147417,63679.74
147416,19090.09
147415,16245.28
147414,19139.78
147413,21475.44
147412,25150.02
147411,45300.21
147410,29946.36
147409,15995.87
147408,13958.22
147407,31435.84
147406,25111.03
147405,39961.69
147404,57520.99
147403,43017.31
147402,740.5
147401,17534.4
147400,19122.77
147399,18492.02
147398,27576.58
147397,38885.91
147396,25808.71
147395,18628.98
147394,17486.7
147393,17766.71
147392,32504.82
147391,40634.13
147390,51320.8
147389,34083.9
147388,24568.38
147387,17746.35
147386,26865.64
147385,26598.85
147384,549.67
147383,53247.83
147382,32128.59
147381,19670.57
147380,21789.45
147379,22527.27
147378,29079.43
147377,39680.07
147376,62162.28
147375,34703.51
147374,16038.12
147373,16829.34
147372,23301.98
147371,20896.17
147370,41873.9
147369,50314.01
147368,43901.23
147367,23584.72
147366,30124.07
147365,29645.48
147364,31302.58
147363,38699.54
147362,42759.79
147361,42595.08
147360,21237.61
147359,19488.14
147358,23159.2
147357,399.21
147356,45462.15
147355,43912.31
147354,37302.05
147353,43856.79
147352,22220.39
147351,27199.92
147350,31560.18
147349,37429.15
147348,42185.61
147347,36317.05
147346,21730.98
147345,34106.14
147344,33611.81
147343,32588.39
147342,35723.25
147341,45441.29
147340,35743.19
147339,24514.82
147338,23898.66
147337,26117.56
147336,31591.73
147335,41326.85
147334,42485.65
147333,26814.15
147332,19143.52
147331,20692.02
147330,26325.59
147329,24662.81
147328,32666.84
147327,32663.48
147326,31129.54
147325,20090.47
147324,15906.74
147323,24043.22
147322,27863.71
147321,31174.61
147320,35868.53
147319,21849.01
147318,15096.36
