64900,16971.78
64899,27069.93
64898,22618.88
64897,11130.91
64896,9752.1
64895,8245.8
64894,12149.32
64893,585.12
64892,23576.35
64891,20575.38
64890,10293.17
64889,9213.73
64888,10514.17
64887,15027.98
64886,16914.83
64885,26880.3
64884,18830.97
64883,17196.86
64882,13639.13
64881,11375.54
64880,11791.28
64879,13591.52
64878,24830.7
64877,19365.13
64876,8923.99
64875,8857.13
64874,11018.67
64873,10201.01
64872,13610.81
64871,32216.28
64870,19971.07
64869,10105.39
64868,11653.67
64867,11013.41
64866,13847.12
64865,11643.84
64864,25917.29
64863,19106.86
64862,13614.08
64861,12195.26
64860,14238.01
64859,26670.16
64858,26399.15
64857,47310.66
64856,32158.24
64855,28086.63
64854,14932.52
64853,18036.19
64852,15370.07
64851,20683.12
64850,34943.95
64849,28263.67
64848,13731.97
64847,9109.66
64846,12999.5
64845,9881.08
64844,19930.36
64843,35297.71
64842,23752.01
64841,16056.1
64840,13949.28
64839,12288.67
64838,27283.72
64837,26897.22
64836,45563.17
64835,32618.7
64834,18807.26
64833,14118.32
64832,27221.44
64831,15892.14
64830,19697.02
64829,37127.51
64828,29215.25
64827,12656.59
64826,23136.43
64825,17040.75
64824,23332.34
64823,24448.34
64822,39620.91
64821,33080.92
64820,16290.01
64819,24289.8
64818,25407.77
64817,19280.77
64816,36138.56
64815,48513.27
64814,-22.5
64813,14410.61
64812,15215.42
64811,12323.84
64810,15795.99
64809,19248.8
64808,29989.17
64807,24839.96
64806,10923.76
64805,14266.42
64804,20240.99
64803,24020.9
64802,27021.15
64801,41002.23
64800,34564.95
64799,189.34
64798,12889.0
64797,22616.4
64796,17214.09
64795,18028.8
64794,34010.05
64793,19199.38
64792,14489.75
64791,15294.62
64790,15251.74
64789,24465.55
64788,28647.28
64787,41386.42
64786,31113.47
64785,17982.14
64784,17763.47
64783,20604.33
64782,17594.35
64781,1270.04
64780,54339.98
64779,33064.32
64778,14709.47
64777,20486.21
64776,18523.83
64775,26837.62
64774,30927.85
64773,52865.14
64772,32795.34
64771,12309.07
64770,17450.87
64769,16867.93
64768,21299.8
64767,31081.97
64766,44118.26
64765,36153.35
64764,17803.47
64763,24762.03
64762,20945.95
64761,21291.68
64760,27214.66
64759,47032.88
64758,38464.1
64757,14990.93
64756,16534.47
64755,14255.39
64754,26985.91
64753,39920.46
64752,28883.32
64751,36086.15
64750,10261.11
64749,15930.6
64748,12894.46
64747,21011.83
64746,38966.07
64745,29663.31
64744,16192.89
64743,27269.68
64742,21244.02
64741,24248.14
64740,24592.79
64739,40037.2
64738,25814.2
64737,17322.29
64736,18362.03
64735,19062.04
64734,24679.8
64733,30021.18
64732,46645.04
64731,34740.9
64730,13504.2
64729,16091.24
64728,17232.13
64727,18951.63
64726,25125.84
64725,29488.72
64724,33996.52
64723,16144.29
64722,12911.7
64721,17428.61
64720,22893.47
64719,23710.25
64718,29451.93
64717,19675.0
64716,22231.87
