150565,13421.44
150564,28264.67
150563,22909.14
150562,10405.83
150561,10089.77
150560,7898.61
150559,9762.76
150558,1391.05
150557,24009.46
150556,16549.19
150555,9532.94
150554,8193.76
150553,8724.16
150552,11819.05
150551,17091.46
150550,25835.54
150549,16557.2
150548,18972.89
150547,14204.75
150546,9699.57
150545,11833.17
150544,13821.31
150543,21442.47
150542,15196.49
150541,7031.13
150540,7557.67
150539,10878.33
150538,10703.14
150537,18028.03
150536,23616.43
150535,17692.9
150534,12792.24
150533,10699.62
150532,12637.07
150531,15762.94
150530,16024.66
150529,17117.6
150528,15397.83
150527,14015.02
150526,12893.92
150525,9203.92
150524,19919.8
150523,25279.62
150522,37974.79
150521,23193.32
150520,15435.9
150519,13727.4
150518,16342.95
150517,11913.34
150516,19268.42
150515,36248.14
150514,22148.07
150513,9247.92
150512,8195.1
150511,12908.64
150510,12217.63
150509,19104.76
150508,30261.34
150507,16225.11
150506,13468.5
150505,13532.25
150504,15511.19
150503,25806.99
150502,32608.93
150501,44310.28
150500,28349.21
150499,20404.18
150498,19883.8
150497,20141.46
150496,12471.99
150495,26209.49
150494,34683.2
150493,33566.06
150492,15398.0
150491,15637.37
150490,23661.97
150489,19884.45
150488,21256.38
150487,47130.69
150486,28336.89
150485,18079.61
150484,22016.24
150483,23539.53
150482,25211.73
150481,35917.39
150480,41186.52
150479,14498.17
150478,17316.32
150477,16837.58
150476,18490.66
150475,23200.94
150474,27586.82
150473,16856.61
150472,364.13
150471,11429.42
150470,20033.49
150469,19961.95
150468,27172.98
150467,36462.36
150466,23387.43
150465,9347.24
150464,630.7
150463,720.81
150462,319.66
150461,19727.43
150460,25227.71
150459,17785.68
150458,613.51
150457,11823.05
150456,12504.56
150455,22649.91
150454,30425.21
150453,34865.11
150452,23300.14
150451,15435.3
150450,16059.89
150449,15152.01
150448,20469.89
150447,26358.33
150446,37121.07
150445,14726.57
150444,15205.63
150443,22128.6
150442,17696.33
150441,26705.18
150440,29967.25
150439,43860.22
150438,25549.39
150437,13727.06
150436,15145.49
150435,18330.93
150434,19734.18
150433,35497.2
150432,43030.11
150431,28051.78
150430,19242.33
150429,21956.77
150428,18671.3
150427,20150.93
150426,25659.06
150425,42098.39
150424,30870.4
150423,17432.78
150422,17560.3
150421,17824.97
150420,22656.63
150419,29972.06
150418,34954.1
150417,21596.88
150416,30239.68
150415,14309.48
150414,15306.91
150413,17734.57
150412,20901.26
150411,25036.59
150410,23615.29
150409,14059.08
150408,19970.37
150407,17679.03
150406,19491.24
150405,23641.68
150404,30333.03
150403,22422.01
150402,16025.87
150401,20974.5
150400,20366.25
150399,23663.58
150398,27265.92
150397,32341.33
150396,18508.53
150395,11119.83
150394,14210.57
150393,15616.92
150392,16388.76
150391,22782.68
150390,23044.34
150389,19592.2
150388,13005.58
150387,10279.97
150386,12015.5
150385,18231.36
150384,19895.9
150383,23617.99
150382,14545.89
150381,14099.13
