1539,45826.06
1538,77759.49
1537,54889.97
1536,17632.23
1535,24930.34
1534,22364.39
1533,26200.93
1532,1366.14
1531,49174.7
1530,20707.88
1529,15718.22
1528,12761.06
1527,12317.24
1526,30414.88
1525,45650.89
1524,68716.12
1523,39086.9
1522,32060.16
1521,28027.23
1520,29975.99
1519,31047.34
1518,37241.71
1517,68975.87
1516,40593.5
1515,18756.06
1514,19519.12
1513,26056.39
1512,22755.94
1511,46279.11
1510,70133.78
1509,43484.24
1508,30876.64
1507,22006.59
1506,27825.61
1505,33814.66
1504,48804.9
1503,72169.41
1502,41309.97
1501,28106.7
1500,27039.83
1499,31631.52
1498,65267.9
1497,70083.1
1496,120413.05
1495,71662.89
1494,53397.71
1493,39285.93
1492,48759.56
1491,33044.24
1490,54955.6
1489,95242.86
1488,67436.66
1487,24968.8
1486,31460.64
1485,19310.92
1484,20059.22
1483,44513.74
1482,73264.86
1481,42895.99
1480,38947.69
1479,12410.27
1478,28798.25
1477,67971.03
1476,87694.43
1475,111155.72
1474,84572.2
1473,62697.81
1472,62277.32
1471,84775.76
1470,47114.9
1469,58583.65
1468,87426.15
1467,66940.6
1466,26111.93
1465,29965.15
1464,53934.64
1463,52631.77
1462,75115.6
1461,109593.59
1460,74067.67
1459,48493.61
1458,52305.23
1457,58514.62
1456,39193.94
1455,83661.62
1454,110315.57
1453,-41.98
1452,37526.04
1451,43754.74
1450,41631.45
1449,39893.06
1448,50006.41
1447,62664.05
1446,41322.32
1445,1842.8
1444,28114.5
1443,39902.15
1442,46514.58
1441,54509.04
1440,82856.83
1439,48759.27
1438,26698.33
1437,2359.17
1436,1226.77
1435,439.59
1434,42568.54
1433,63662.58
1432,56228.17
1431,2561.21
1430,25866.58
1429,34883.15
1428,67441.2
1427,76234.96
1426,102921.93
1425,72751.5
1424,45033.31
1423,49231.67
1422,58782.89
1421,50259.45
1420,74301.15
1419,98748.76
1418,51652.05
1417,35054.85
1416,40694.6
1415,40373.16
1414,54212.15
1413,75963.02
1412,97182.44
1411,51027.56
1410,23790.25
1409,25193.82
1408,34816.89
1407,36530.47
1406,71757.6
1405,90244.25
1404,70904.09
1403,44634.91
1402,46140.13
1401,52716.64
1400,47526.88
1399,66846.7
1398,81870.8
1397,66393.4
1396,36035.3
1395,44597.83
1394,42295.73
1393,60571.01
1392,76224.83
1391,83382.84
1390,55196.77
1389,61546.65
1388,40672.38
1387,41794.5
1386,47230.57
1385,57953.49
1384,66198.87
1383,62121.53
1382,31915.74
1381,61000.18
1380,60812.73
1379,60893.58
1378,73699.96
1377,84026.02
1376,61943.14
1375,53696.84
1374,53743.72
1373,65323.35
1372,63086.28
1371,77288.27
1370,79434.46
1369,51541.71
1368,40078.03
1367,35620.6
1366,38874.1
1365,43092.83
1364,58379.07
1363,51561.3
1362,60020.64
1361,36115.26
1360,27314.22
1359,36823.54
1358,39346.8
1357,43220.84
1356,42315.4
1355,29848.45
1354,30891.27
