38553,41241.38
38552,61339.81
38551,40600.93
38550,18692.33
38549,20376.45
38548,19831.47
38547,19103.06
38546,921.49
38545,46814.06
38544,24529.44
38543,16473.8
38542,14860.8
38541,16526.71
38540,21947.4
38539,32470.12
38538,49145.02
38537,33188.67
38536,48676.87
38535,25193.03
38534,24113.12
38533,29839.34
38532,11705.03
38531,177.6
38530,146.29
38529,11497.68
38528,17743.28
38527,16845.45
38526,17664.86
38525,35845.03
38524,60343.96
38523,37612.29
38522,15209.43
38521,21866.02
38520,18092.1
38519,22522.16
38518,30615.56
38517,53129.01
38516,30295.89
38515,18044.82
38514,18155.48
38513,26515.28
38512,43764.43
38511,53663.69
38510,78287.45
38509,54577.62
38508,7578.35
38507,26041.27
38506,28469.34
38505,23475.87
38504,38897.19
38503,57739.11
38502,41344.7
38501,17270.7
38500,19477.54
38499,14802.35
38498,20345.38
38497,30169.22
38496,72985.23
38495,33693.14
38494,28832.39
38493,24765.7
38492,20487.06
38491,41302.22
38490,53356.76
38489,95914.23
38488,62848.09
38487,31604.3
38486,49417.97
38485,63989.29
38484,35588.03
38483,50574.35
38482,83203.9
38481,63855.44
38480,28766.13
38479,21504.61
38478,42086.37
38477,41706.99
38476,51210.27
38475,86403.12
38474,58855.04
38473,34851.92
38472,38591.87
38471,52693.55
38470,41506.99
38469,62372.39
38468,93411.76
38467,31280.84
38466,29053.82
38465,30397.74
38464,32230.64
38463,36019.21
38462,61285.06
38461,43331.68
38460,17766.83
38459,22055.47
38458,32707.91
38457,33489.52
38456,46433.87
38455,67897.15
38454,52501.31
38453,1157.45
38452,21620.08
38451,21720.21
38450,28947.84
38449,36114.2
38448,51176.05
38447,42249.33
38446,22270.53
38445,25727.13
38444,20415.88
38443,46321.7
38442,47733.22
38441,80095.79
38440,51969.46
38439,36849.76
38438,30600.05
38437,33760.53
38436,29805.81
38435,700.42
38434,77211.36
38433,47924.22
38432,28595.73
38431,28930.14
38430,40753.2
38429,37727.11
38428,51654.84
38427,87556.7
38426,58132.61
38425,24445.88
38424,22749.23
38423,23215.74
38422,28227.11
38421,54178.21
38420,68556.21
38419,47417.66
38418,32405.76
38417,26560.46
38416,38641.58
38415,29050.57
38414,47613.28
38413,71673.22
38412,53233.57
38411,24750.59
38410,23497.32
38409,25113.14
38408,502.99
38407,50657.49
38406,69726.39
38405,52607.55
38404,66772.08
38403,24876.16
38402,30515.32
38401,39543.24
38400,43576.17
38399,62487.5
38398,52426.45
38397,29618.52
38396,42943.68
38395,44400.66
38394,40080.3
38393,54654.62
38392,70286.28
38391,53283.56
38390,37081.41
38389,37781.84
38388,35768.77
38387,41335.05
38386,61931.37
38385,71736.95
38384,47171.85
38383,26306.3
38382,28461.55
38381,31659.26
38380,29372.94
38379,42969.06
38378,49119.57
38377,44376.59
38376,29853.39
38375,17786.51
38374,26682.43
38373,29813.21
38372,38448.81
38371,51387.52
38370,35395.29
38369,33222.17
