22243,18020.39
22242,32969.2
22241,26557.97
22240,12776.37
22239,10947.01
22238,13882.19
22237,11650.89
22236,360.03
22235,21439.14
22234,15484.14
22233,10653.63
22232,9103.2
22231,9193.75
22230,18964.08
22229,18480.12
22228,25496.54
22227,14441.78
22226,18020.57
22225,10797.1
22224,9923.58
22223,12411.03
22222,12692.72
22221,24659.38
22220,19182.26
22219,9304.09
22218,9496.73
22217,10525.87
22216,10907.95
22215,23929.66
22214,28723.41
22213,18719.72
22212,12298.06
22211,9253.04
22210,13284.84
22209,14984.31
22208,16715.53
22207,25914.93
22206,19186.74
22205,11284.94
22204,12730.5
22203,11955.22
22202,26376.54
22201,35935.28
22200,49442.22
22199,23774.59
22198,18980.39
22197,16001.57
22196,21385.34
22195,15259.45
22194,25944.84
22193,39208.14
22192,27327.63
22191,11509.31
22190,10955.75
22189,4505.97
22188,12180.17
22187,19910.74
22186,31567.27
22185,17430.07
22184,20697.6
22183,10326.96
22182,11630.6
22181,26242.38
22180,30218.2
22179,40187.93
22178,32884.87
22177,24969.64
22176,26952.42
22175,34513.13
22174,22342.76
22173,22470.54
22172,37619.16
22171,25926.56
22170,13481.25
22169,14698.69
22168,25097.37
22167,26776.38
22166,29010.75
22165,43843.61
22164,39233.16
22163,23899.4
22162,22801.66
22161,28058.08
22160,23283.78
22159,36463.98
22158,58683.69
22157,13779.33
22156,15473.75
22155,13113.54
22154,16519.61
22153,21396.65
22152,24860.67
22151,22650.98
22150,630.48
22149,12354.29
22148,22309.0
22147,21652.2
22146,28904.25
22145,40636.72
22144,29460.52
22143,14793.68
22142,11698.22
22141,17737.11
22140,15596.15
22139,21419.91
22138,32574.92
22137,26873.16
22136,14623.12
22135,16743.71
22134,13230.25
22133,28102.64
22132,33209.57
22131,47985.8
22130,28381.86
22129,25016.1
22128,18781.77
22127,21215.31
22126,22968.12
22125,1578.51
22124,43927.6
22123,27716.94
22122,17058.9
22121,18322.61
22120,20150.07
22119,33445.81
22118,38729.49
22117,60708.33
22116,33952.28
22115,12820.54
22114,14218.36
22113,19271.52
22112,18178.04
22111,31171.99
22110,38648.48
22109,29783.13
22108,19757.64
22107,23802.2
22106,23042.02
22105,21689.99
22104,29584.73
22103,43041.89
22102,36123.22
22101,18533.4
22100,21511.47
22099,23312.22
22098,340.49
22097,34702.08
22096,40803.65
22095,35485.59
22094,33391.68
22093,18812.76
22092,18407.65
22091,22230.72
22090,28348.53
22089,30224.31
22088,24102.83
22087,16586.59
22086,27950.68
22085,29756.68
22084,24777.78
22083,34209.14
22082,47808.98
22081,28793.07
22080,23539.23
22079,28561.98
22078,27592.19
22077,31135.11
22076,45393.27
22075,60126.9
22074,40159.76
22073,17236.57
22072,14836.65
22071,15576.78
22070,19228.89
22069,27313.65
22068,29286.25
22067,30503.28
22066,15525.22
22065,12070.25
22064,16473.29
22063,18840.95
22062,26329.34
22061,30310.16
22060,21102.84
22059,13514.98
