99792,26283.9
99791,47516.54
99790,45957.07
99789,17887.9
99788,18110.19
99787,17704.15
99786,21074.11
99785,990.32
99784,34836.67
99783,33422.01
99782,12581.22
99781,13014.88
99780,19635.17
99779,28385.2
99778,30466.56
99777,39896.97
99776,30435.79
99775,29813.88
99774,22537.25
99773,21522.35
99772,22500.1
99771,23914.97
99770,40130.15
99769,34166.99
99768,11065.01
99767,16915.85
99766,17674.08
99765,19691.63
99764,30486.87
99763,41263.87
99762,27273.14
99761,19238.68
99760,20525.93
99759,21080.61
99758,20489.14
99757,28076.61
99756,38336.18
99755,26233.23
99754,18787.11
99753,19209.42
99752,26992.39
99751,46332.98
99750,52123.36
99749,67352.42
99748,44957.66
99747,38761.52
99746,24958.19
99745,25855.08
99744,22893.39
99743,33559.99
99742,50434.29
99741,43220.24
99740,22268.91
99739,17769.98
99738,20550.93
99737,19983.34
99736,29516.11
99735,44428.31
99734,33358.16
99733,29356.75
99732,19787.24
99731,19303.38
99730,42516.25
99729,48630.96
99728,61213.6
99727,58181.9
99726,30950.07
99725,33518.14
99724,49693.56
99723,29219.42
99722,28870.35
99721,52683.04
99720,48682.81
99719,20037.07
99718,21946.95
99717,42294.8
99716,36584.49
99715,47920.49
99714,61576.18
99713,52609.08
99712,33957.12
99711,40532.9
99710,48844.03
99709,40794.12
99708,54387.88
99707,76299.03
99706,20838.62
99705,24234.4
99704,21863.53
99703,28759.77
99702,29352.12
99701,44664.43
99700,38867.48
99699,758.42
99698,20101.0
99697,30235.6
99696,29188.62
99695,33607.26
99694,56836.94
99693,54876.2
99692,20442.05
99691,19811.26
99690,25694.75
99689,28466.07
99688,28867.15
99687,43653.66
99686,39348.77
99685,21066.29
99684,21884.23
99683,21021.92
99682,41663.62
99681,50431.65
99680,64524.87
99679,54935.57
99678,33995.11
99677,29076.43
99676,37771.42
99675,35045.21
99674,968.98
99673,78016.41
99672,41616.12
99671,24720.63
99670,29025.68
99669,34191.35
99668,41313.36
99667,50515.07
99666,81854.21
99665,50746.56
99664,23502.19
99663,21962.72
99662,26456.06
99661,25169.98
99660,48486.87
99659,56226.32
99658,53806.71
99657,33895.06
99656,37667.34
99655,39945.69
99654,34545.84
99653,43576.18
99652,56480.46
99651,62173.3
99650,22203.78
99649,21835.88
99648,23188.86
99647,383.23
99646,42680.33
99645,54152.0
99644,46162.63
99643,62927.09
99642,29444.53
99641,36052.52
99640,39973.14
99639,37298.88
99638,54960.08
99637,51620.68
99636,25062.87
99635,44711.79
99634,37882.03
99633,41543.6
99632,48795.62
99631,56636.18
99630,53264.19
99629,34838.56
99628,33854.25
99627,32794.02
99626,43289.21
99625,52948.84
99624,76073.68
99623,58863.9
99622,27716.92
99621,27188.03
99620,30007.45
99619,30873.62
99618,45312.87
99617,43703.36
99616,58880.3
99615,21412.38
99614,18381.95
99613,27247.01
99612,34129.12
99611,35189.79
99610,45370.68
99609,44903.24
99608,31863.29
