83311,65272.11
83310,85652.77
83309,67003.04
83308,23165.57
83307,21530.75
83306,25336.84
83305,24979.66
83304,1234.75
83303,53613.6
83302,23588.43
83301,20673.85
83300,15209.33
83299,19466.87
83298,47375.22
83297,46299.86
83296,75980.68
83295,46506.27
83294,48701.61
83293,41961.51
83292,16044.51
83291,34240.23
83290,7563.53
83289,53538.08
83288,53262.89
83287,10245.78
83286,18860.34
83285,25908.58
83284,21872.99
83283,50988.39
83282,71820.34
83281,44218.68
83280,24008.66
83279,24402.04
83278,33509.23
83277,34662.32
83276,44859.6
83275,75533.43
83274,41789.71
83273,24627.21
83272,25518.55
83271,32334.9
83270,84354.47
83269,97935.01
83268,147652.94
83267,52435.17
83266,50764.68
83265,47436.15
83264,54871.67
83263,43122.67
83262,75817.15
83261,93514.82
83260,74770.74
83259,30116.03
83258,37121.09
83257,28717.69
83256,28697.59
83255,51933.08
83254,85589.07
83253,52662.83
83252,40224.12
83251,24155.61
83250,28470.45
83249,63951.66
83248,95610.91
83247,132118.66
83246,94270.12
83245,58881.27
83244,72282.2
83243,89699.12
83242,40217.28
83241,62524.81
83240,96523.64
83239,78495.8
83238,29036.71
83237,34519.17
83236,73618.6
83235,63518.03
83234,78970.89
83233,119502.94
83232,82869.73
83231,57344.43
83230,73419.7
83229,89176.9
83228,70702.34
83227,101238.64
83226,112995.77
83225,-73.47
83224,40001.88
83223,37653.71
83222,34749.78
83221,38387.51
83220,49801.7
83219,67981.53
83218,47132.08
83217,1637.69
83216,30963.1
83215,50628.28
83214,50257.77
83213,69428.56
83212,105872.12
83211,78347.5
83210,25758.08
83209,1977.92
83208,980.92
83207,549.22
83206,44335.72
83205,80779.56
83204,59316.52
83203,2078.91
83202,36906.89
83201,40172.24
83200,84755.85
83199,99280.97
83198,111517.5
83197,78314.19
83196,59966.27
83195,54401.63
83194,63309.56
83193,65526.64
83192,74381.31
83191,140352.73
83190,67141.75
83189,46219.39
83188,56016.03
83187,61342.32
83186,78719.18
83185,89606.01
83184,99389.83
83183,72860.58
83182,28029.88
83181,28010.23
83180,34858.25
83179,38167.17
83178,95224.84
83177,95936.59
83176,71111.48
83175,52480.1
83174,49143.48
83173,57714.6
83172,43228.81
83171,71857.0
83170,114539.03
83169,80647.13
83168,35556.78
83167,35290.11
83166,36760.21
83165,55439.29
83164,85568.5
83163,90179.08
83162,62309.51
83161,85789.72
83160,35238.84
83159,36717.56
83158,53698.61
83157,61184.48
83156,85135.93
83155,62408.94
83154,36833.5
83153,78845.64
83152,70664.41
83151,67624.06
83150,84332.92
83149,99674.47
83148,77091.82
83147,58528.53
83146,59160.46
83145,56813.37
83144,73458.74
83143,91241.53
83142,92430.52
83141,69788.59
83140,35026.97
83139,37301.17
83138,36400.62
83137,43770.97
83136,68987.52
83135,70373.37
83134,72209.95
83133,34058.02
83132,26055.82
83131,33380.22
83130,46070.9
83129,50305.87
83128,52270.98
83127,40808.72
83126,47125.79
