207195,14388.55
207194,26977.42
207193,26958.89
207192,11915.6
207191,12822.06
207190,12397.59
207189,14109.53
207188,1881.04
207187,27024.43
207186,22401.02
207185,16002.37
207184,12244.21
207183,13097.42
207182,18427.99
207181,20130.69
207180,23244.39
207179,24526.75
207178,25336.32
207177,13834.29
207176,17096.56
207175,17237.14
207174,17125.03
207173,26914.31
207172,21889.33
207171,11206.76
207170,14297.39
207169,14912.69
207168,14281.52
207167,22090.05
207166,31166.91
207165,23677.27
207164,14917.98
207163,14682.31
207162,14428.1
207161,15544.86
207160,22292.44
207159,33521.91
207158,20032.85
207157,14418.21
207156,17475.83
207155,17933.41
207154,26758.76
207153,32543.67
207152,48815.07
207151,35988.89
207150,28714.83
207149,17335.57
207148,18993.91
207147,14781.97
207146,26938.72
207145,40798.59
207144,28856.23
207143,15029.65
207142,15742.01
207141,16855.2
207140,16224.74
207139,20476.85
207138,37371.54
207137,25172.07
207136,20794.19
207135,15936.77
207134,17959.71
207133,28445.25
207132,27802.09
207131,36799.38
207130,40700.48
207129,20812.2
207128,22613.87
207127,31503.29
207126,22038.36
207125,20193.18
207124,32994.28
207123,31464.62
207122,16119.13
207121,17944.78
207120,24430.65
207119,24108.67
207118,27793.39
207117,47520.98
207116,40885.65
207115,20295.0
207114,22377.64
207113,28319.9
207112,23284.2
207111,32938.96
207110,58871.97
207109,17726.79
207108,15140.09
207107,18168.92
207106,20520.15
207105,27999.58
207104,35174.04
207103,32231.45
207102,15177.24
207101,18852.57
207100,29506.51
207099,28183.88
207098,30430.6
207097,42812.1
207096,43057.2
207095,36.0
207094,15593.32
207093,18058.85
207092,20364.55
207091,27759.84
207090,35135.35
207089,32970.61
207088,16877.78
207087,21672.86
207086,19887.06
207085,27878.22
207084,29716.56
207083,42554.01
207082,38737.08
207081,23644.84
207080,20185.98
207079,20560.76
207078,24181.1
207077,229.49
207076,48393.17
207075,31629.31
207074,20662.11
207073,19453.34
207072,23084.83
207071,26992.76
207070,30602.26
207069,51802.96
207068,38611.66
207067,19144.65
207066,19495.59
207065,20102.15
207064,17680.93
207063,37420.66
207062,46573.05
207061,39523.95
207060,22656.42
207059,23612.07
207058,28712.44
207057,23259.62
207056,30512.98
207055,43772.49
207054,40416.22
207053,13383.51
207052,20975.35
207051,19280.15
207050,32539.81
207049,45088.09
207048,39301.38
207047,45060.18
207046,22247.21
207045,27102.54
207044,32518.08
207043,33579.0
207042,43906.1
207041,38783.46
207040,23673.15
207039,32601.5
207038,25304.33
207037,28197.94
207036,30998.04
207035,42643.24
207034,34594.49
207033,19731.62
207032,22624.62
207031,23322.68
207030,26497.0
207029,33053.48
207028,46130.27
207027,38814.78
207026,20781.93
207025,22687.28
207024,20352.02
207023,20505.31
207022,33216.97
207021,35955.37
207020,37344.48
207019,22036.28
207018,18233.89
207017,19183.74
207016,23637.4
207015,30997.46
207014,32708.36
207013,31817.2
207012,24284.2
