59085,38902.07
59084,62553.5
59083,62928.9
59082,26799.68
59081,22203.37
59080,25653.72
59079,25647.46
59078,1536.99
59077,45694.48
59076,31569.98
59075,15930.35
59074,20638.13
59073,21218.79
59072,39492.2
59071,42179.35
59070,56805.6
59069,44917.33
59068,38599.68
59067,30032.92
59066,39068.98
59065,34864.14
59064,36375.55
59063,1591.51
59062,23814.8
59061,20735.49
59060,21780.95
59059,21568.37
59058,25669.3
59057,40453.88
59056,60067.91
59055,48241.73
59054,23878.94
59053,24921.08
59052,25094.08
59051,31256.84
59050,19993.15
59049,50478.19
59048,37296.42
59047,15782.25
59046,27135.88
59045,27788.03
59044,58849.37
59043,66420.62
59042,87452.52
59041,48587.62
59040,35506.98
59039,36811.59
59038,40384.82
59037,29987.77
59036,48940.18
59035,58692.69
59034,51477.95
59033,26751.39
59032,24008.44
59031,26485.74
59030,23066.39
59029,33316.15
59028,57838.08
59027,39400.31
59026,38024.04
59025,27054.28
59024,21746.51
59023,51014.64
59022,43701.05
59021,85239.5
59020,73121.0
59019,43529.4
59018,53872.17
59017,66541.98
59016,41835.83
59015,51609.23
59014,69591.48
59013,54080.97
59012,26076.39
59011,25124.76
59010,49178.31
59009,43911.15
59008,56352.36
59007,79620.94
59006,67356.94
59005,35525.72
59004,51799.47
59003,52445.02
59002,51225.91
59001,74233.08
59000,93771.49
58999,29710.95
58998,25903.69
58997,31345.81
58996,30629.54
58995,36814.19
58994,58968.34
58993,49027.95
58992,971.02
58991,27333.46
58990,40078.9
58989,34564.91
58988,52430.15
58987,71637.29
58986,72392.36
58985,24656.7
58984,30495.19
58983,30352.05
58982,33550.3
58981,40285.3
58980,62974.8
58979,51122.1
58978,28886.16
58977,32541.8
58976,33793.83
58975,63319.05
58974,60509.17
58973,86508.74
58972,61127.33
58971,44924.04
58970,48898.03
58969,52106.9
58968,40543.78
58967,1322.49
58966,82905.17
58965,54084.63
58964,30239.65
58963,38863.23
58962,38970.44
58961,52120.43
58960,68262.0
58959,110497.2
58958,64513.51
58957,27538.75
58956,35579.1
58955,34304.27
58954,33702.25
58953,55185.93
58952,82117.61
58951,72265.16
58950,48437.57
58949,43586.39
58948,49365.7
58947,44855.83
58946,56666.91
58945,77725.02
58944,73062.27
58943,30321.76
58942,36318.16
58941,36201.5
58940,1075.96
58939,66459.84
58938,78881.34
58937,66355.0
58936,79760.74
58935,36728.91
58934,42316.77
58933,46063.84
58932,52516.79
58931,64127.8
58930,64823.09
58929,37583.62
58928,61396.51
58927,53639.78
58926,58196.04
58925,61083.08
58924,83541.93
58923,70603.2
58922,48232.38
58921,51044.32
58920,48487.69
58919,64815.72
58918,74097.55
58917,95536.91
58916,68247.46
58915,38417.21
58914,41926.32
58913,47427.06
58912,43860.16
58911,65279.3
58910,57378.08
58909,62593.77
58908,31793.23
58907,28076.82
58906,38261.89
58905,41515.79
58904,45797.8
58903,66072.02
58902,47250.99
58901,34032.81
