105720,31765.16
105719,47403.71
105718,43714.21
105717,16367.42
105716,21126.68
105715,18252.32
105714,15977.8
105713,1056.83
105712,36043.08
105711,23283.91
105710,14208.69
105709,12919.1
105708,13009.84
105707,26449.59
105706,30312.53
105705,44463.1
105704,37747.79
105703,38613.67
105702,22211.42
105701,21605.14
105700,25633.53
105699,23992.53
105698,22891.39
105697,34597.06
105696,17680.86
105695,13072.86
105694,13711.88
105693,14885.7
105692,25460.84
105691,55996.94
105690,32316.44
105689,16873.5
105688,19819.47
105687,15464.77
105686,19173.19
105685,10776.99
105684,40976.83
105683,27868.88
105682,8600.87
105681,16059.39
105680,16659.45
105679,42274.34
105678,47616.75
105677,77377.73
105676,41162.26
105675,32713.86
105674,19456.25
105673,30297.32
105672,22105.99
105671,35158.11
105670,53867.79
105669,54921.11
105668,18836.89
105667,15475.67
105666,16481.69
105665,21151.85
105664,30396.21
105663,52028.16
105662,34657.15
105661,24917.76
105660,20528.48
105659,22171.19
105658,44747.5
105657,54250.03
105656,87276.23
105655,66195.74
105654,37649.26
105653,48349.04
105652,65727.1
105651,36173.43
105650,39384.15
105649,57024.52
105648,55984.46
105647,19720.52
105646,20672.55
105645,43178.99
105644,41123.14
105643,43371.17
105642,87970.66
105641,57304.9
105640,26931.55
105639,37641.02
105638,52155.73
105637,35445.96
105636,62631.78
105635,77351.66
105634,20338.28
105633,17125.46
105632,22321.55
105631,29848.7
105630,25736.99
105629,55491.14
105628,37514.57
105627,841.78
105626,20062.72
105625,30251.54
105624,26423.04
105623,36166.79
105622,65875.61
105621,51867.3
105620,18024.57
105619,22787.88
105618,23910.57
105617,29626.74
105616,33893.34
105615,46531.32
105614,33728.94
105613,20315.83
105612,21442.7
105611,26544.98
105610,47963.67
105609,50259.12
105608,78361.64
105607,62440.64
105606,27580.27
105605,30208.73
105604,37677.83
105603,35213.51
105602,1313.08
105601,79590.21
105600,46246.68
105599,26708.15
105598,28996.61
105597,26698.85
105596,38836.34
105595,55127.34
105594,93203.85
105593,51755.94
105592,23361.7
105591,19988.62
105590,26778.47
105589,27708.78
105588,57480.27
105587,66992.38
105586,58433.82
105585,37438.5
105584,38280.4
105583,41186.61
105582,37367.18
105581,49265.04
105580,70107.87
105579,67951.47
105578,23818.43
105577,29734.39
105576,32815.85
105575,576.21
105574,52778.07
105573,67556.5
105572,50239.07
105571,63437.75
105570,25825.44
105569,27773.21
105568,36317.02
105567,35157.14
105566,54866.83
105565,49806.61
105564,27631.78
105563,36268.99
105562,44208.89
105561,46074.48
105560,50791.01
105559,72675.25
105558,59052.52
105557,37734.03
105556,42642.53
105555,37504.59
105554,49514.5
105553,55176.64
105552,72972.94
105551,52970.43
105550,21288.34
105549,25524.86
105548,26538.36
105547,36431.41
105546,42574.51
105545,41622.27
105544,53235.95
105543,19704.97
105542,18152.61
105541,28363.41
105540,29956.27
105539,31649.83
105538,41928.68
105537,27575.46
105536,21567.66
