201727,23681.86
201726,33427.78
201725,22679.32
201724,8564.18
201723,10525.92
201722,10042.49
201721,9182.89
201720,617.94
201719,26625.76
201718,12614.5
201717,7580.41
201716,9771.24
201715,10386.07
201714,15033.05
201713,17657.06
201712,29341.95
201711,14944.0
201710,23415.04
201709,12274.26
201708,8979.3
201707,14377.8
201706,14487.58
201705,26727.25
201704,13630.4
201703,13228.23
201702,12225.35
201701,10931.37
201700,14043.74
201699,18458.61
201698,17866.01
201697,19150.94
201696,13084.14
201695,14087.24
201694,13787.65
201693,16094.45
201692,20949.03
201691,32890.72
201690,16480.74
201689,14712.19
201688,16376.22
201687,15280.9
201686,24980.48
201685,27827.37
201684,49651.24
201683,27588.64
201682,31674.03
201681,17133.43
201680,16013.85
201679,11461.53
201678,24461.97
201677,36343.78
201676,21033.55
201675,12227.16
201674,13448.91
201673,15473.77
201672,14058.21
201671,17150.84
201670,31991.74
201669,18562.28
201668,16826.87
201667,15373.29
201666,15647.17
201665,27216.9
201664,33832.32
201663,47035.24
201662,29891.48
201661,22878.06
201660,25538.06
201659,38854.57
201658,24167.51
201657,23723.61
201656,38718.2
201655,26420.53
201654,10294.93
201653,17520.46
201652,24859.74
201651,22698.49
201650,26011.27
201649,45391.37
201648,24077.45
201647,18399.52
201646,18169.9
201645,27157.54
201644,26277.18
201643,31946.94
201642,45272.73
201641,9269.42
201640,14155.62
201639,15896.71
201638,15863.44
201637,18040.12
201636,30917.4
201635,20279.87
201634,126.86
201633,16884.82
201632,22538.86
201631,22373.37
201630,28242.15
201629,47104.39
201628,33054.39
201627,13589.97
201626,99.99
201625,18185.68
201624,34478.25
201623,24920.02
201622,154.2
201621,15322.8
201620,15284.33
201619,28139.69
201618,31118.24
201617,43127.34
201616,30867.43
201615,19862.36
201614,19814.84
201613,21748.08
201612,20434.98
201611,24475.89
201610,47245.63
201609,23392.02
201608,17634.56
201607,16464.73
201606,22822.49
201605,25297.02
201604,30563.05
201603,51973.91
201602,25851.96
201601,14098.83
201600,13765.49
201599,17282.94
201598,16251.84
201597,32395.06
201596,38677.22
201595,28219.59
201594,19138.84
201593,21989.87
201592,24080.16
201591,19211.7
201590,28756.27
201589,41907.84
201588,28229.02
201587,16854.25
201586,14490.56
201585,17718.7
201584,18870.85
201583,24606.72
201582,34920.61
201581,21950.22
201580,35841.75
201579,15566.78
201578,15416.81
201577,21591.16
201576,23491.38
201575,33017.28
201574,23561.34
201573,17201.5
201572,28642.44
201571,27356.96
201570,26179.8
201569,30871.3
201568,39035.1
201567,29875.02
201566,19768.66
201565,22942.65
201564,21308.7
201563,27793.68
201562,33916.44
201561,36292.88
201560,28348.36
201559,15566.57
201558,16411.64
201557,16587.51
201556,19074.05
201555,26903.4
201554,31496.93
201553,26623.22
201552,15997.96
201551,11350.78
201550,17868.41
201549,19660.36
201548,21094.9
201547,30196.41
201546,18134.21
201545,16212.88
