6709,34502.44
6708,66461.22
6707,51804.87
6706,24958.48
6705,17591.4
6704,21980.04
6703,18996.9
6702,2315.34
6701,35169.22
6700,29565.81
6699,16261.26
6698,12548.82
6697,14644.54
6696,33188.88
6695,32252.53
6694,57921.4
6693,36812.59
6692,41237.16
6691,24130.07
6690,27471.28
6689,25520.79
6688,29276.18
6687,57087.87
6686,47614.65
6685,12487.75
6684,14954.16
6683,19166.22
6682,15978.98
6681,31571.93
6680,54028.04
6679,40185.0
6678,16418.06
6677,17720.89
6676,21565.47
6675,21367.02
6674,32176.58
6673,53611.66
6672,30408.97
6671,20802.14
6670,16833.65
6669,21280.08
6668,51547.05
6667,54418.36
6666,86157.2
6665,38414.4
6664,44986.86
6663,31076.42
6662,35701.68
6661,30742.36
6660,46459.67
6659,74387.67
6658,61469.77
6657,21083.28
6656,23102.85
6655,15534.22
6654,22890.12
6653,36993.51
6652,66212.9
6651,47081.71
6650,34707.45
6649,17180.61
6648,23794.03
6647,52002.73
6646,71391.83
6645,95058.09
6644,84301.23
6643,61909.14
6642,58758.43
6641,79206.21
6640,37415.79
6639,43426.98
6638,73429.02
6637,57212.21
6636,20529.07
6635,28999.28
6634,50557.17
6633,45237.5
6632,57980.13
6631,99939.4
6630,85066.89
6629,48487.23
6628,54289.52
6627,62960.92
6626,45897.76
6625,90782.16
6624,106764.14
6623,32683.45
6622,31122.61
6621,33313.94
6620,36598.05
6619,41226.61
6618,59146.14
6617,47291.15
6616,1577.34
6615,19198.02
6614,36355.33
6613,40275.94
6612,50674.16
6611,69481.17
6610,58823.55
6609,21308.76
6608,21230.86
6607,24890.01
6606,25532.19
6605,38183.49
6604,54594.27
6603,49813.53
6602,28706.35
6601,26501.85
6600,30593.06
6599,56770.19
6598,73484.8
6597,92884.24
6596,69054.45
6595,39289.09
6594,41516.7
6593,41578.85
6592,44928.78
6591,1764.02
6590,102580.66
6589,63446.39
6588,30795.05
6587,31200.99
6586,30502.42
6585,51211.93
6584,63374.29
6583,101762.54
6582,53802.44
6581,22684.7
6580,22023.25
6579,23934.84
6578,28136.8
6577,60758.28
6576,87579.8
6575,79939.07
6574,44271.94
6573,51761.22
6572,50627.33
6571,43675.12
6570,58196.03
6569,76188.21
6568,76820.26
6567,31556.86
6566,35858.24
6565,37652.63
6564,1183.1
6563,65835.41
6562,79596.33
6561,52808.49
6560,69355.11
6559,34531.95
6558,41227.29
6557,44770.95
6556,48105.78
6555,62562.56
6554,56702.64
6553,32072.54
6552,61136.02
6551,58063.76
6550,52371.66
6549,72439.77
6548,86878.2
6547,76412.71
6546,51836.42
6545,53104.94
6544,55005.56
6543,60032.94
6542,76253.68
6541,85293.59
6540,58703.15
6539,26241.13
6538,32251.06
6537,33678.79
6536,37713.95
6535,52585.35
6534,47167.68
6533,63961.23
6532,30457.75
6531,22689.5
6530,26768.29
6529,32093.47
6528,42510.66
6527,44798.09
6526,38300.7
6525,23820.55
