210643,13661.49
210642,19220.41
210641,7109.84
210640,7406.12
210639,6811.85
210638,6553.32
210637,7157.72
210636,651.99
210635,15448.57
210634,10281.83
210633,5558.97
210632,7180.95
210631,6696.44
210630,10687.97
210629,7823.41
210628,16996.05
210627,10200.89
210626,14702.55
210625,7694.81
210624,7679.85
210623,5418.96
210622,9038.41
210621,16751.2
210620,14435.76
210619,6729.11
210618,7984.34
210617,6134.53
210616,5962.17
210615,11819.59
210614,19516.02
210613,15485.03
210612,10485.51
210611,9497.09
210610,9343.39
210609,9906.88
210608,12235.26
210607,21546.96
210606,13741.63
210605,9379.66
210604,8249.45
210603,11576.48
210602,15817.46
210601,21583.72
210600,33424.43
210599,22632.23
210598,18058.44
210597,9447.98
210596,10391.55
210595,9700.29
210594,13796.75
210593,25321.6
210592,16285.46
210591,9510.11
210590,6207.98
210589,8389.02
210588,8215.8
210587,14603.13
210586,21255.23
210585,14581.0
210584,10054.87
210583,9176.2
210582,9719.6
210581,16749.93
210580,19856.85
210579,29759.5
210578,22356.22
210577,11161.58
210576,13749.12
210575,16129.98
210574,13330.21
210573,19751.36
210572,25510.87
210571,21564.24
210570,10227.2
210569,9295.87
210568,16980.16
210567,11664.36
210566,15970.1
210565,30301.21
210564,22259.54
210563,12687.03
210562,10404.8
210561,12549.0
210560,13645.98
210559,22404.29
210558,28722.96
210557,9533.61
210556,8400.17
210555,11253.57
210554,10077.7
210553,17628.49
210552,27836.71
210551,18883.46
210550,579.82
210549,11085.33
210548,14161.37
210547,15008.38
210546,25139.84
210545,31602.8
210544,22420.79
210543,9727.02
210542,9847.17
210541,8741.49
210540,11017.66
210539,13340.68
210538,19747.09
210537,18162.37
210536,8789.82
210535,8104.15
210534,10613.97
210533,13543.72
210532,18954.88
210531,23826.58
210530,18232.22
210529,12628.7
210528,10266.69
210527,10969.49
210526,12143.25
210525,890.34
210524,26286.39
210523,23303.49
210522,11013.02
210521,11766.18
210520,13302.45
210519,18629.05
210518,26201.82
210517,32801.86
210516,22577.85
210515,9575.72
210514,8769.42
210513,10322.41
210512,11145.08
210511,20967.3
210510,24130.53
210509,22488.68
210508,12692.45
210507,12032.12
210506,11457.74
210505,11754.98
210504,16937.85
210503,23919.77
210502,18696.87
210501,7905.83
210500,7937.96
210499,7377.43
210498,514.34
210497,16477.82
210496,21611.03
210495,20945.91
210494,19380.84
210493,10024.7
210492,6932.11
210491,13635.01
210490,17770.96
210489,19339.5
210488,18119.53
210487,12668.41
210486,17888.61
210485,13756.78
210484,15456.95
210483,19221.89
210482,22990.58
210481,18706.04
210480,13845.3
210479,13542.98
210478,12747.91
210477,16911.86
210476,20997.68
210475,28504.87
210474,23356.51
210473,9015.73
210472,6516.61
210471,10630.67
210470,10652.06
210469,14184.74
210468,16212.62
210467,20299.34
210466,10649.65
210465,9064.75
210464,11699.3
210463,13196.41
210462,18400.83
210461,18631.99
210460,15310.91
210459,11608.1
