100177,29270.47
100176,50486.45
100175,54472.23
100174,17765.28
100173,16021.81
100172,18668.02
100171,22531.61
100170,1427.09
100169,34029.86
100168,31153.64
100167,15179.52
100166,15832.35
100165,12158.03
100164,24431.24
100163,31997.91
100162,38313.21
100161,35826.58
100160,32516.82
100159,21024.96
100158,20459.72
100157,21088.61
100156,21935.53
100155,39926.36
100154,33601.05
100153,12259.26
100152,13330.88
100151,14436.19
100150,18356.61
100149,33726.31
100148,39508.78
100147,24430.39
100146,19333.06
100145,21428.78
100144,21012.61
100143,27299.98
100142,27548.7
100141,36720.44
100140,28500.9
100139,23006.0
100138,22306.32
100137,24923.05
100136,48639.87
100135,57290.96
100134,76912.93
100133,47898.05
100132,41215.93
100131,30225.02
100130,25957.01
100129,20523.71
100128,37720.29
100127,52694.51
100126,49814.82
100125,22853.52
100124,24194.64
100123,20932.26
100122,21643.26
100121,27617.55
100120,45994.56
100119,31332.38
100118,34461.68
100117,21812.97
100116,19479.49
100115,50743.66
100114,53830.49
100113,67627.96
100112,61252.96
100111,29115.37
100110,39135.3
100109,62444.44
100108,34235.95
100107,34101.93
100106,53024.78
100105,49628.39
100104,21085.09
100103,22859.78
100102,48954.99
100101,39594.16
100100,47304.78
100099,61771.74
100098,52567.09
100097,40167.49
100096,37801.13
100095,50773.02
100094,41051.29
100093,52193.06
100092,75894.66
100091,-8.82
100090,19258.22
100089,19882.53
100088,20806.66
100087,29224.28
100086,36519.3
100085,42495.99
100084,37381.79
100083,1437.71
100082,19616.36
100081,40666.84
100080,37325.32
100079,45673.23
100078,54789.21
100077,54483.54
100076,20776.84
100075,1402.29
100074,597.83
100073,106.06
100072,34092.78
100071,44943.83
100070,42068.6
100069,980.77
100068,21998.22
100067,23408.29
100066,48367.05
100065,50816.38
100064,60595.98
100063,52477.97
100062,27898.39
100061,32084.72
100060,36473.3
100059,33893.5
100058,41987.49
100057,67149.85
100056,44093.29
100055,30716.29
100054,31942.46
100053,35563.73
100052,46714.13
100051,55873.4
100050,95573.64
100049,53276.14
100048,20838.8
100047,22446.97
100046,22565.1
100045,23566.19
100044,62553.34
100043,61914.09
100042,47723.51
100041,31707.77
100040,38162.63
100039,44202.68
100038,38752.23
100037,46455.2
100036,66512.4
100035,66575.36
100034,25821.68
100033,25879.86
100032,28226.33
100031,43073.03
100030,42005.12
100029,53830.72
100028,47182.61
100027,64667.72
100026,23696.43
100025,25791.41
100024,35405.79
100023,43180.86
100022,55078.28
100021,55663.93
100020,29453.97
100019,55548.39
100018,57027.69
100017,48280.65
100016,55319.85
100015,67404.12
100014,57236.21
100013,37758.8
100012,42782.33
100011,41847.65
100010,51940.23
100009,67075.59
100008,78158.03
100007,57139.5
100006,25243.44
100005,30791.52
100004,28854.71
100003,39151.53
100002,53789.61
100001,53093.91
100000,60219.63
99999,28290.38
99998,21926.19
99997,29471.7
99996,34518.63
99995,43861.97
99994,50305.61
99993,46246.13
99992,29113.72
