31468,31680.04
31467,47216.52
31466,36449.05
31465,15873.14
31464,12344.44
31463,12328.27
31462,16737.12
31461,1024.6
31460,26037.03
31459,24363.18
31458,14889.54
31457,13028.53
31456,15953.23
31455,28686.68
31454,30202.75
31453,34859.23
31452,29409.28
31451,34438.87
31450,9261.83
31449,18851.91
31448,16554.85
31447,24340.31
31446,50064.34
31445,37416.2
31444,12770.83
31443,15528.08
31442,13838.88
31441,15655.11
31440,25787.18
31439,41091.96
31438,31243.02
31437,21108.88
31436,18177.58
31435,19180.01
31434,20163.34
31433,25729.18
31432,41380.87
31431,24235.57
31430,15562.45
31429,19036.1
31428,21433.69
31427,39194.55
31426,44520.36
31425,70121.22
31424,48159.62
31423,38844.27
31422,23535.79
31421,32254.62
31420,21791.1
31419,38084.07
31418,52072.85
31417,46858.16
31416,18876.6
31415,16099.63
31414,24993.61
31413,19346.05
31412,32481.87
31411,50072.66
31410,37106.36
31409,34217.98
31408,18009.54
31407,24710.37
31406,46941.49
31405,50517.8
31404,84807.77
31403,63157.75
31402,42410.64
31401,43850.25
31400,59389.88
31399,30256.95
31398,34023.88
31397,60367.76
31396,46742.0
31395,23282.53
31394,26842.57
31393,44126.52
31392,36389.68
31391,42614.8
31390,62904.8
31389,46190.23
31388,25664.05
31387,33646.08
31386,42450.03
31385,28963.0
31384,48500.77
31383,62666.03
31382,-10.83
31381,18012.79
31380,16522.19
31379,18330.56
31378,23491.22
31377,33131.63
31376,45418.07
31375,34960.29
31374,17476.27
31373,15841.96
31372,25358.82
31371,28353.75
31370,34366.62
31369,61736.78
31368,40264.01
31367,1450.8
31366,18009.39
31365,18762.72
31364,22438.57
31363,26376.41
31362,44556.12
31361,31273.53
31360,24056.12
31359,19612.57
31358,26856.91
31357,42533.6
31356,49323.58
31355,64533.78
31354,48161.0
31353,35468.55
31352,26719.52
31351,35214.26
31350,37499.28
31349,1023.39
31348,83017.01
31347,39477.73
31346,24405.05
31345,25628.61
31344,26120.47
31343,38391.18
31342,42389.43
31341,69953.72
31340,40276.98
31339,22732.4
31338,28822.01
31337,23242.16
31336,26371.01
31335,50924.28
31334,71713.53
31333,41702.44
31332,30371.75
31331,36065.5
31330,38435.73
31329,36470.27
31328,41398.98
31327,53637.41
31326,54703.79
31325,25665.65
31324,32317.42
31323,32275.49
31322,551.76
31321,45655.81
31320,57877.78
31319,44110.21
31318,52276.98
31317,26391.83
31316,28359.68
31315,32782.24
31314,37806.96
31313,45796.2
31312,37205.5
31311,24116.23
31310,46591.02
31309,43132.66
31308,43165.64
31307,49684.01
31306,72605.37
31305,52223.93
31304,36732.97
31303,38028.88
31302,37555.24
31301,46882.26
31300,51918.33
31299,61702.63
31298,48638.94
31297,22712.93
31296,25141.81
31295,29113.05
31294,31008.97
31293,38807.59
31292,43091.49
31291,43435.04
31290,22989.29
31289,17036.25
31288,23854.74
31287,27617.29
31286,25204.08
31285,35822.85
31284,35560.82
31283,22207.88
