28196,28638.07
28195,41972.57
28194,28125.83
28193,12016.47
28192,13802.54
28191,13466.19
28190,15719.36
28189,1131.58
28188,34483.71
28187,18547.51
28186,10916.04
28185,11036.92
28184,11070.31
28183,18289.08
28182,24207.34
28181,41557.65
28180,27693.94
28179,24747.16
28178,17373.79
28177,16310.63
28176,17160.7
28175,17692.28
28174,44999.38
28173,30673.99
28172,12741.06
28171,9962.91
28170,10480.26
28169,13327.34
28168,23082.15
28167,40875.06
28166,32476.3
28165,16546.07
28164,6644.2
28163,11780.11
28162,17339.67
28161,25546.59
28160,47635.27
28159,24747.0
28158,13232.95
28157,16702.77
28156,17413.4
28155,31394.94
28154,39326.84
28153,78636.57
28152,45177.26
28151,32664.56
28150,22725.24
28149,27293.32
28148,19837.67
28147,31401.05
28146,61798.58
28145,44698.26
28144,15100.12
28143,13189.01
28142,16882.76
28141,11783.98
28140,22618.93
28139,43317.12
28138,28048.71
28137,19041.05
28136,14892.02
28135,15662.32
28134,31986.18
28133,39443.41
28132,72896.41
28131,52608.84
28130,26759.71
28129,32426.14
28128,48466.92
28127,22638.96
28126,32340.59
28125,49606.97
28124,48611.45
28123,16278.53
28122,15016.86
28121,28827.42
28120,30208.7
28119,37338.09
28118,72727.28
28117,52792.37
28116,28476.07
28115,30235.85
28114,26342.48
28113,28924.36
28112,45768.91
28111,63879.32
28110,-13.99
28109,22309.14
28108,19166.16
28107,22646.66
28106,21355.86
28105,23098.25
28104,37981.46
28103,27825.05
28102,766.2
28101,13229.61
28100,22055.93
28099,20677.59
28098,29490.16
28097,53170.49
28096,40057.16
28095,12944.91
28094,15107.87
28093,14416.13
28092,18267.12
28091,29432.34
28090,47105.07
28089,40582.04
28088,17852.67
28087,16768.76
28086,18585.75
28085,32304.61
28084,38088.85
28083,53745.32
28082,48374.02
28081,23227.09
28080,25697.27
28079,24089.45
28078,23850.36
28077,455.19
28076,61599.63
28075,33778.18
28074,16537.52
28073,23595.36
28072,23382.83
28071,29591.1
28070,40567.7
28069,57189.21
28068,33304.22
28067,20088.82
28066,20602.21
28065,21738.83
28064,17946.52
28063,43092.14
28062,58853.49
28061,38865.59
28060,24576.04
28059,24521.7
28058,25163.77
28057,28775.47
28056,35901.38
28055,49159.87
28054,47006.21
28053,18711.42
28052,24262.77
28051,24052.9
28050,287.3
28049,39751.66
28048,52875.24
28047,34448.54
28046,35372.06
28045,20510.9
28044,17523.75
28043,25845.83
28042,31465.69
28041,46106.3
28040,33601.53
28039,21708.67
28038,36188.49
28037,32511.47
28036,32617.55
28035,47822.0
28034,60481.47
28033,43488.88
28032,31441.13
28031,28371.59
28030,36672.64
28029,34130.23
28028,40176.3
28027,50780.09
28026,41238.53
28025,15018.45
28024,20474.23
28023,20087.97
28022,23057.31
28021,36697.35
28020,35595.48
28019,39036.58
28018,20032.63
28017,17459.8
28016,22878.22
28015,26590.2
28014,30503.68
28013,31268.55
28012,26180.08
28011,18713.4
