212180,14391.82
212179,27045.27
212178,16346.72
212177,7805.24
212176,7306.39
212175,9641.93
212174,6599.87
212173,771.11
212172,16154.8
212171,9613.36
212170,3837.93
212169,6414.63
212168,5921.87
212167,7893.68
212166,8794.26
212165,18933.82
212164,14083.39
212163,13073.21
212162,9657.94
212161,10490.9
212160,7796.79
212159,7846.87
212158,21354.57
212157,10268.86
212156,4744.41
212155,6226.18
212154,5944.72
212153,8288.14
212152,12492.04
212151,13988.1
212150,13545.28
212149,5719.91
212148,4570.0
212147,6388.0
212146,6364.55
212145,8977.94
212144,14592.72
212143,9128.5
212142,8420.87
212141,7842.05
212140,10127.09
212139,12668.89
212138,19281.66
212137,35558.43
212136,21371.58
212135,17264.92
212134,8020.13
212133,9683.02
212132,7394.15
212131,12021.21
212130,25703.94
212129,15597.45
212128,9664.94
212127,8313.44
212126,8573.81
212125,8482.69
212124,12508.33
212123,27409.82
212122,15689.46
212121,9797.4
212120,9313.07
212119,6611.06
212118,14556.23
212117,25054.73
212116,38053.36
212115,21201.53
212114,11776.17
212113,13076.23
212112,13637.34
212111,15377.78
212110,19694.81
212109,28276.87
212108,22955.22
212107,9340.51
212106,10888.22
212105,15689.22
212104,12015.44
212103,17994.05
212102,38103.56
212101,25346.99
212100,13315.58
212099,12063.81
212098,9779.8
212097,15595.19
212096,22125.06
212095,30420.25
212094,16476.04
212093,6821.73
212092,4591.86
212091,9695.63
212090,15554.87
212089,21060.55
212088,17641.28
212087,9346.62
212086,9716.64
212085,16008.91
212084,15041.11
212083,18041.18
212082,30588.59
212081,17775.19
212080,837.28
212079,11461.39
212078,10551.93
212077,13525.78
212076,14298.64
212075,23125.39
212074,12079.26
212073,7475.68
212072,8082.66
212071,9746.94
212070,16814.68
212069,19352.66
212068,27450.07
212067,18803.87
212066,12115.15
212065,6809.34
212064,10639.32
212063,13124.74
212062,280.64
212061,23609.25
212060,18700.09
212059,11392.74
212058,11046.99
212057,12429.11
212056,16852.94
212055,17359.36
212054,33273.3
212053,20888.62
212052,10608.72
212051,11195.59
212050,13375.51
212049,11828.98
212048,16810.55
212047,30567.17
212046,22043.24
212045,11029.91
212044,10154.54
212043,14336.2
212042,16155.47
212041,23434.46
212040,31487.09
212039,20411.1
212038,11472.46
212037,11970.17
212036,11684.31
212035,14470.18
212034,19043.31
212033,28702.02
212032,23187.54
212031,19668.31
212030,10069.13
212029,11984.02
212028,11378.93
212027,17583.45
212026,21288.21
212025,18357.1
212024,11869.57
212023,18883.51
212022,14321.14
212021,16202.29
212020,23025.2
212019,26238.44
212018,21558.01
212017,15886.92
212016,13262.92
212015,18369.82
212014,18979.74
212013,20153.24
212012,22591.6
212011,18370.05
212010,12987.94
212009,16247.5
212008,13363.07
212007,12694.0
212006,17148.71
212005,16976.04
212004,15386.1
212003,12882.97
212002,11715.6
212001,10137.91
212000,11861.85
211999,16363.39
211998,18097.1
211997,12271.38
211996,9499.16
