171071,26123.42
171070,38815.22
171069,33907.33
171068,15233.98
171067,14194.07
171066,14485.84
171065,13671.72
171064,376.43
171063,23473.34
171062,22714.73
171061,13408.96
171060,15189.44
171059,15600.0
171058,22353.43
171057,18729.69
171056,34031.67
171055,26114.23
171054,31155.93
171053,22074.8
171052,22931.45
171051,19435.1
171050,14988.23
171049,39222.36
171048,27974.1
171047,14155.68
171046,11726.21
171045,10812.48
171044,14739.19
171043,22309.17
171042,33253.43
171041,20189.69
171040,16007.42
171039,15677.5
171038,18210.48
171037,17511.5
171036,28783.26
171035,29197.96
171034,27547.24
171033,16321.91
171032,21817.73
171031,23582.69
171030,41153.0
171029,38732.84
171028,62536.61
171027,36964.04
171026,32129.36
171025,19716.02
171024,24263.99
171023,22658.8
171022,34116.31
171021,37268.02
171020,31451.79
171019,14249.0
171018,15631.04
171017,14931.15
171016,17547.15
171015,28077.53
171014,37322.34
171013,24470.59
171012,22727.79
171011,18588.62
171010,18703.89
171009,35406.7
171008,42375.19
171007,53307.55
171006,40331.78
171005,30332.81
171004,33065.72
171003,45521.75
171002,25355.36
171001,31189.22
171000,42967.83
170999,34597.77
170998,17161.99
170997,18711.25
170996,36690.8
170995,25626.49
170994,33977.44
170993,55318.15
170992,43161.73
170991,29642.76
170990,33177.49
170989,31156.21
170988,32105.28
170987,41756.16
170986,49493.02
170985,19296.22
170984,18136.34
170983,18945.14
170982,22469.06
170981,23225.63
170980,32605.09
170979,33056.41
170978,14438.32
170977,15311.42
170976,28736.14
170975,27074.35
170974,34533.0
170973,52778.19
170972,41426.81
170971,675.51
170970,14390.49
170969,16388.16
170968,20613.36
170967,22925.34
170966,37518.57
170965,28814.77
170964,17034.08
170963,15067.3
170962,16111.79
170961,39327.05
170960,33079.73
170959,47718.66
170958,34034.46
170957,23676.2
170956,25513.1
170955,26410.49
170954,24668.83
170953,906.29
170952,49187.13
170951,30460.7
170950,18352.66
170949,19271.32
170948,19167.89
170947,30632.52
170946,32725.23
170945,55628.59
170944,32900.96
170943,17719.91
170942,13701.27
170941,16104.03
170940,22224.48
170939,33553.28
170938,46894.32
170937,39204.13
170936,24325.73
170935,22417.56
170934,23600.84
170933,23232.86
170932,32543.76
170931,55923.84
170930,41924.84
170929,19070.43
170928,17160.13
170927,19541.05
170926,415.81
170925,25792.84
170924,47786.32
170923,30481.77
170922,37488.65
170921,15233.32
170920,16452.91
170919,24244.87
170918,24704.47
170917,33842.56
170916,24579.9
170915,14186.32
170914,30600.99
170913,23604.78
170912,23052.69
170911,25837.22
170910,47607.8
170909,31668.58
170908,20482.59
170907,24055.29
170906,20549.35
170905,27403.3
170904,31452.61
170903,48320.82
170902,29975.21
170901,16493.77
170900,14992.05
170899,14471.24
170898,18619.16
170897,24696.24
170896,33858.75
170895,30852.05
170894,17773.38
170893,10493.92
170892,19325.21
170891,18824.51
170890,20988.31
170889,32688.9
170888,23461.95
170887,17692.29
