172223,21150.14
172222,33717.68
172221,27066.72
172220,9583.95
172219,10659.83
172218,10140.78
172217,11345.04
172216,1767.29
172215,24545.96
172214,14135.97
172213,10531.0
172212,8606.06
172211,8986.04
172210,13016.84
172209,14896.78
172208,30511.13
172207,15090.22
172206,19397.42
172205,6798.48
172204,12346.23
172203,13623.93
172202,15605.75
172201,32017.21
172200,21550.15
172199,5629.28
172198,8542.43
172197,11356.94
172196,10614.86
172195,19921.26
172194,32761.68
172193,19014.48
172192,9211.64
172191,672.94
172190,8404.44
172189,11496.77
172188,15406.88
172187,31591.06
172186,15341.79
172185,7738.61
172184,13157.85
172183,14034.15
172182,26345.7
172181,30707.6
172180,59138.8
172179,31531.98
172178,28879.2
172177,17069.16
172176,18822.69
172175,14750.14
172174,25180.03
172173,42857.74
172172,27706.32
172171,15183.85
172170,13266.77
172169,13430.51
172168,11286.84
172167,23041.53
172166,36020.59
172165,25128.39
172164,18664.01
172163,14166.76
172162,10724.06
172161,25061.64
172160,31722.59
172159,56311.74
172158,37426.27
172157,19102.23
172156,22572.85
172155,34018.16
172154,19972.16
172153,25050.31
172152,51052.91
172151,31441.97
172150,14387.41
172149,16225.24
172148,27419.58
172147,26204.71
172146,28008.35
172145,47656.69
172144,39602.89
172143,23059.41
172142,22957.08
172141,21978.56
172140,24965.94
172139,37883.95
172138,40865.46
172137,17289.25
172136,10897.47
172135,13469.39
172134,15940.58
172133,20617.19
172132,38648.25
172131,21053.63
172130,646.45
172129,11542.04
172128,18720.36
172127,20222.38
172126,28128.25
172125,42476.19
172124,31443.23
172123,12724.65
172122,8366.05
172121,11884.65
172120,13576.11
172119,19025.86
172118,36753.13
172117,23340.45
172116,14879.44
172115,13827.98
172114,9812.32
172113,23746.02
172112,27345.78
172111,46735.37
172110,34423.25
172109,20392.52
172108,14534.95
172107,16864.76
172106,21255.77
172105,238.03
172104,49283.52
172103,28643.83
172102,14917.24
172101,17576.62
172100,19279.9
172099,22324.05
172098,28422.75
172097,46564.31
172096,28024.64
172095,17692.92
172094,16844.7
172093,13857.04
172092,18258.32
172091,31101.04
172090,46242.88
172089,30827.68
172088,22826.73
172087,23074.06
172086,22434.95
172085,21228.85
172084,32281.64
172083,37582.7
172082,30195.89
172081,14314.59
172080,15020.51
172079,16397.36
172078,130.42
172077,27228.73
172076,38475.27
172075,25147.21
172074,29789.98
172073,15014.16
172072,15155.45
172071,17948.82
172070,24469.58
172069,35312.81
172068,27203.62
172067,14125.0
172066,23359.78
172065,28140.22
172064,25125.48
172063,36198.86
172062,42734.17
172061,33966.78
172060,22536.99
172059,24739.2
172058,24137.16
172057,24246.77
172056,34241.38
172055,41861.56
172054,30202.07
172053,13902.95
172052,15912.97
172051,15603.69
172050,17629.31
172049,27458.37
172048,24129.93
172047,28156.75
172046,14262.24
172045,11596.25
172044,13801.23
172043,16012.31
172042,22025.25
172041,28285.24
172040,22669.65
172039,11144.23
