60433,28007.23
60432,45836.01
60431,45557.05
60430,16996.85
60429,20852.74
60428,20805.43
60427,19472.38
60426,1783.94
60425,43044.93
60424,30969.6
60423,17939.52
60422,14899.1
60421,17742.15
60420,35327.69
60419,40356.78
60418,62934.14
60417,44543.79
60416,50571.29
60415,29178.27
60414,29687.32
60413,33009.26
60412,35530.31
60411,532.5
60410,12817.31
60409,16329.04
60408,14709.52
60407,19525.48
60406,21535.71
60405,25566.48
60404,54923.04
60403,35188.64
60402,15477.08
60401,16547.08
60400,14096.71
60399,25387.31
60398,20892.49
60397,46629.31
60396,34504.74
60395,16138.46
60394,18766.57
60393,21637.58
60392,48492.54
60391,57530.03
60390,86580.32
60389,53700.38
60388,45281.54
60387,23920.33
60386,39435.45
60385,27216.29
60384,38550.88
60383,66403.02
60382,52510.76
60381,23478.9
60380,15394.25
60379,19908.64
60378,21507.0
60377,34102.19
60376,56246.67
60375,37139.12
60374,29626.26
60373,23257.11
60372,22845.12
60371,60987.32
60370,49262.94
60369,87733.8
60368,69897.22
60367,47110.28
60366,47030.47
60365,75620.27
60364,35596.36
60363,45569.89
60362,78036.86
60361,65681.02
60360,21062.77
60359,21935.45
60358,49810.33
60357,44546.19
60356,51927.81
60355,89124.94
60354,65036.96
60353,44019.82
60352,51378.96
60351,61048.35
60350,45223.52
60349,74530.22
60348,94401.01
60347,-68.6
60346,27005.48
60345,26125.94
60344,27238.03
60343,31592.28
60342,34469.83
60341,57657.43
60340,43213.42
60339,1236.82
60338,21494.99
60337,44182.15
60336,36932.49
60335,46005.87
60334,74917.14
60333,69272.54
60332,21050.51
60331,25361.11
60330,30175.22
60329,28743.31
60328,36904.31
60327,55396.68
60326,48096.36
60325,25214.22
60324,22945.48
60323,25582.03
60322,59843.0
60321,66779.01
60320,90364.62
60319,67622.02
60318,41839.47
60317,39532.69
60316,51089.42
60315,44289.48
60314,1363.26
60313,88207.75
60312,61860.58
60311,27865.17
60310,35015.11
60309,31974.65
60308,47609.13
60307,59335.94
60306,102155.02
60305,52472.31
60304,23768.0
60303,27616.52
60302,33873.64
60301,31537.03
60300,56810.47
60299,79488.82
60298,74280.59
60297,37160.07
60296,40738.1
60295,49869.07
60294,42451.4
60293,55178.99
60292,91087.31
60291,78527.06
60290,30936.35
60289,34409.55
60288,38773.44
60287,812.64
60286,59337.28
60285,84591.36
60284,71122.27
60283,92056.5
60282,35003.08
60281,38994.42
60280,36887.09
60279,44166.91
60278,61272.27
60277,57450.77
60276,33295.27
60275,59149.74
60274,48872.01
60273,49578.95
60272,55595.61
60271,91623.5
60270,69413.89
60269,51351.53
60268,52162.17
60267,53312.31
60266,56376.17
60265,76740.31
60264,93784.62
60263,67901.43
60262,43096.84
60261,43340.46
60260,33043.41
60259,34865.84
60258,50993.79
60257,61131.21
60256,64465.26
60255,28181.23
60254,25902.73
60253,36180.94
60252,35340.09
60251,41870.3
60250,57894.75
60249,40926.93
60248,44864.46
