64472,22534.6
64471,31820.92
64470,28316.05
64469,10271.99
64468,14105.57
64467,15473.62
64466,14546.44
64465,269.91
64464,22062.52
64463,19856.93
64462,10542.02
64461,11953.7
64460,8495.39
64459,15542.14
64458,22185.7
64457,35768.58
64456,26542.59
64455,19343.56
64454,17502.87
64453,20306.92
64452,13666.86
64451,13324.6
64450,32261.51
64449,27178.31
64448,7192.13
64447,10651.32
64446,12264.52
64445,14231.19
64444,19532.76
64443,32504.92
64442,25642.22
64441,13059.98
64440,11500.45
64439,13048.77
64438,17301.14
64437,19996.15
64436,33063.21
64435,20389.43
64434,14813.4
64433,13261.83
64432,15774.86
64431,28898.42
64430,31976.53
64429,60255.6
64428,39576.35
64427,30425.42
64426,22094.9
64425,24669.67
64424,17982.07
64423,25742.23
64422,48542.14
64421,33691.39
64420,14589.83
64419,10196.93
64418,15079.88
64417,13129.06
64416,22120.08
64415,36375.37
64414,31032.0
64413,24685.76
64412,13652.13
64411,19984.61
64410,41691.65
64409,39564.38
64408,63076.12
64407,44484.21
64406,29648.22
64405,28836.12
64404,40664.77
64403,27485.04
64402,29953.89
64401,47445.72
64400,37806.41
64399,17189.7
64398,20732.35
64397,36457.37
64396,28529.99
64395,32654.37
64394,50396.76
64393,44052.76
64392,23605.22
64391,21330.15
64390,36230.55
64389,23270.26
64388,42647.27
64387,57313.67
64386,-18.68
64385,15555.41
64384,17662.91
64383,16308.23
64382,26305.42
64381,23425.34
64380,33230.6
64379,27979.66
64378,15236.92
64377,15630.49
64376,26629.69
64375,31148.11
64374,35075.33
64373,50744.13
64372,44257.8
64371,44.19
64370,17374.86
64369,19248.51
64368,20973.35
64367,15803.45
64366,36250.48
64365,24044.96
64364,16645.94
64363,17104.49
64362,18461.86
64361,35259.1
64360,31126.26
64359,46456.22
64358,35358.74
64357,26811.39
64356,21084.2
64355,22673.51
64354,31918.56
64353,20.73
64352,64211.28
64351,35349.0
64350,19582.74
64349,18997.22
64348,25100.46
64347,34280.89
64346,42276.25
64345,64963.66
64344,38419.94
64343,18446.0
64342,22391.4
64341,20080.95
64340,23833.64
64339,44806.47
64338,59028.43
64337,41978.94
64336,24947.88
64335,25019.3
64334,29648.79
64333,30122.51
64332,39234.5
64331,54272.29
64330,45121.43
64329,18963.97
64328,20119.44
64327,19657.73
64326,37592.82
64325,50780.84
64324,35925.95
64323,53976.53
64322,18244.45
64321,24426.13
64320,21512.0
64319,30126.76
64318,45712.08
64317,37314.04
64316,19965.36
64315,30125.87
64314,34886.76
64313,33358.94
64312,35409.35
64311,51928.09
64310,43051.58
64309,27531.16
64308,29064.9
64307,25964.59
64306,34417.13
64305,50141.89
64304,59180.85
64303,49494.34
64302,20375.74
64301,19944.46
64300,20070.77
64299,22048.25
64298,27353.96
64297,37283.84
64296,46917.05
64295,19076.21
64294,17538.07
64293,20641.28
64292,25804.77
64291,30783.99
64290,38173.76
64289,27923.74
64288,26608.66
