157475,26448.69
157474,30972.82
157473,21384.77
157472,8250.2
157471,8979.87
157470,8065.46
157469,11962.46
157468,748.59
157467,28447.79
157466,15522.42
157465,7307.71
157464,8956.25
157463,7669.99
157462,15643.23
157461,17649.81
157460,33507.69
157459,19928.0
157458,22470.77
157457,10318.45
157456,12778.41
157455,9484.89
157454,13992.53
157453,32533.21
157452,31539.12
157451,8086.71
157450,10296.55
157449,8918.72
157448,11057.5
157447,17032.22
157446,34808.72
157445,23322.55
157444,14125.3
157443,12933.96
157442,14682.95
157441,15670.04
157440,22256.79
157439,39238.34
157438,21047.56
157437,13847.34
157436,16994.75
157435,15071.68
157434,22264.29
157433,32214.52
157432,48789.8
157431,29578.05
157430,32297.84
157429,12543.61
157428,17451.57
157427,13659.21
157426,20419.28
157425,37027.17
157424,29568.39
157423,13170.85
157422,13064.7
157421,10924.08
157420,13985.38
157419,21705.4
157418,38538.11
157417,25622.88
157416,17083.9
157415,12931.71
157414,13888.88
157413,21676.31
157412,28760.01
157411,51420.12
157410,41939.12
157409,23390.13
157408,23220.95
157407,26435.28
157406,19231.25
157405,23586.88
157404,42591.83
157403,38182.18
157402,14566.17
157401,13784.67
157400,22653.42
157399,19851.39
157398,28247.62
157397,50613.38
157396,39831.19
157395,23424.28
157394,24466.87
157393,26916.96
157392,22880.05
157391,34477.36
157390,54528.15
157389,16842.03
157388,15042.09
157387,18018.05
157386,18695.68
157385,28574.89
157384,46553.4
157383,40591.1
157382,617.09
157381,16999.73
157380,30790.36
157379,25002.61
157378,39038.74
157377,53803.73
157376,50963.32
157375,16525.83
157374,15788.49
157373,15734.42
157372,18571.97
157371,24685.0
157370,40814.24
157369,31466.31
157368,20771.59
157367,16102.74
157366,20353.71
157365,28523.73
157364,32416.41
157363,55641.72
157362,45383.27
157361,20942.91
157360,17510.06
157359,21685.95
157358,23428.48
157357,477.0
157356,51877.86
157355,32247.47
157354,18875.67
157353,18763.49
157352,20424.6
157351,29902.08
157350,33943.57
157349,54065.32
157348,41129.62
157347,15041.1
157346,17662.61
157345,20998.95
157344,21730.42
157343,31340.59
157342,54093.47
157341,39768.91
157340,20637.38
157339,20845.5
157338,17583.22
157337,21137.75
157336,27075.68
157335,49518.37
157334,41903.22
157333,16624.75
157332,15178.78
157331,16305.97
157330,351.01
157329,26432.82
157328,40955.9
157327,36007.41
157326,34769.04
157325,13546.48
157324,12909.84
157323,19968.51
157322,21289.11
157321,43199.49
157320,37686.51
157319,18814.29
157318,27269.93
157317,26242.64
157316,20195.41
157315,34215.27
157314,47677.77
157313,45141.02
157312,22648.61
157311,23195.93
157310,20890.76
157309,23117.89
157308,30698.47
157307,41816.99
157306,34676.77
157305,19546.11
157304,19672.62
157303,17889.19
157302,20661.52
157301,32490.7
157300,29797.78
157299,33839.57
157298,18618.5
157297,16487.22
157296,22117.05
157295,23240.19
157294,27678.68
157293,34359.54
157292,27669.97
157291,18732.68
