85233,33896.91
85232,59838.54
85231,33031.94
85230,16316.83
85229,15233.68
85228,21687.82
85227,20466.55
85226,1796.58
85225,40579.55
85224,22426.26
85223,13559.93
85222,16524.16
85221,15912.61
85220,27705.37
85219,26291.18
85218,54870.66
85217,33755.02
85216,38319.48
85215,22884.96
85214,9434.62
85213,21617.93
85212,881.61
85211,10575.71
85210,25879.7
85209,21427.95
85208,20880.55
85207,17578.55
85206,15435.54
85205,25330.92
85204,47289.91
85203,26458.53
85202,16755.5
85201,20174.92
85200,20608.05
85199,19512.86
85198,26035.92
85197,42359.74
85196,26455.78
85195,16374.86
85194,12333.51
85193,16567.57
85192,43065.42
85191,49925.59
85190,89415.11
85189,39812.23
85188,28669.47
85187,24684.42
85186,26502.59
85185,22213.5
85184,38168.06
85183,61597.56
85182,39971.12
85181,17737.59
85180,17774.88
85179,19001.0
85178,15672.38
85177,28123.55
85176,64761.51
85175,30226.74
85174,29781.28
85173,15671.97
85172,22561.16
85171,33009.52
85170,48824.91
85169,84149.77
85168,43413.66
85167,28214.42
85166,36324.5
85165,49487.94
85164,29693.32
85163,37809.76
85162,70496.5
85161,55788.01
85160,22967.67
85159,29818.0
85158,47316.33
85157,42154.56
85156,51439.16
85155,73914.78
85154,46482.77
85153,30419.62
85152,39982.72
85151,43337.97
85150,39106.13
85149,65389.64
85148,76504.22
85147,-13.99
85146,20096.05
85145,22604.01
85144,21547.59
85143,19818.93
85142,30813.55
85141,53223.54
85140,35637.7
85139,16568.05
85138,21036.67
85137,26514.64
85136,30261.79
85135,40118.71
85134,71023.66
85133,49373.78
85132,28.63
85131,19288.14
85130,18024.32
85129,23454.84
85128,27410.39
85127,46625.04
85126,39008.01
85125,20044.01
85124,24630.4
85123,28265.49
85122,37728.74
85121,47524.26
85120,70007.72
85119,50180.09
85118,32199.6
85117,30035.84
85116,33132.26
85115,38842.45
85114,83309.1
85113,53449.69
85112,24471.88
85111,28908.56
85110,31276.6
85109,40387.84
85108,46732.93
85107,74929.12
85106,44892.53
85105,23017.87
85104,25409.68
85103,30240.44
85102,32613.89
85101,56140.0
85100,73490.37
85099,53482.18
85098,32211.57
85097,38718.45
85096,33150.56
85095,39498.87
85094,44436.83
85093,80948.25
85092,51534.16
85091,28964.01
85090,25337.01
85089,26761.79
85088,29.73
85087,47326.47
85086,57479.34
85085,47421.23
85084,55932.78
85083,26428.74
85082,23363.6
85081,35524.5
85080,39861.03
85079,62202.29
85078,41048.15
85077,24306.03
85076,45339.37
85075,37940.2
85074,38941.19
85073,46333.15
85072,70350.81
85071,48653.54
85070,31534.35
85069,33882.78
85068,34386.25
85067,40879.37
85066,52834.65
85065,66235.17
85064,45680.66
85063,22866.51
85062,23945.08
85061,27640.95
85060,28733.72
85059,43237.84
85058,42744.04
85057,44124.05
85056,21147.75
85055,19078.51
85054,21509.48
85053,29781.39
85052,31568.03
85051,39659.41
85050,28810.9
85049,28171.21
