114548,35216.54
114547,58903.78
114546,45365.26
114545,13085.35
114544,16698.01
114543,16641.24
114542,19178.02
114541,1308.95
114540,35827.91
114539,24903.32
114538,15053.47
114537,12625.55
114536,11827.15
114535,30464.04
114534,35304.37
114533,48743.73
114532,42158.42
114531,37272.86
114530,19594.31
114529,25675.96
114528,21344.42
114527,25509.46
114526,52939.16
114525,42318.86
114524,14529.42
114523,11464.51
114522,15457.32
114521,15202.64
114520,30362.46
114519,51855.32
114518,35319.77
114517,15236.16
114516,19204.76
114515,16764.29
114514,25567.61
114513,30508.45
114512,43786.47
114511,28640.6
114510,15024.38
114509,17161.44
114508,24303.77
114507,43866.57
114506,46724.83
114505,76331.61
114504,43889.12
114503,39464.17
114502,24533.39
114501,31591.93
114500,27168.97
114499,42181.48
114498,58063.87
114497,42598.31
114496,20777.69
114495,17540.74
114494,15843.15
114493,17070.97
114492,24376.31
114491,61263.19
114490,34303.09
114489,27376.8
114488,18151.93
114487,19379.67
114486,47037.51
114485,58966.45
114484,92184.62
114483,79538.91
114482,39866.8
114481,47237.9
114480,60673.2
114479,37311.75
114478,42544.49
114477,76409.59
114476,57298.54
114475,16887.04
114474,23170.61
114473,46148.9
114472,37402.0
114471,50699.02
114470,89806.2
114469,64623.15
114468,32349.0
114467,40409.74
114466,48850.8
114465,35803.53
114464,67116.32
114463,88516.08
114462,15515.32
114461,19631.0
114460,18445.94
114459,25765.24
114458,32236.15
114457,57224.91
114456,36111.23
114455,216.22
114454,16195.73
114453,36089.01
114452,29033.21
114451,45554.98
114450,82119.75
114449,65834.03
114448,14287.36
114447,17849.49
114446,22277.57
114445,27419.47
114444,30463.03
114443,58553.14
114442,51982.99
114441,28052.92
114440,25752.89
114439,26031.76
114438,59448.78
114437,56141.81
114436,89788.47
114435,61686.18
114434,39747.88
114433,34412.39
114432,42458.96
114431,37684.7
114430,67985.69
114429,48163.74
114428,17960.69
114427,23836.09
114426,28451.31
114425,40538.96
114424,55470.11
114423,77077.11
114422,50317.09
114421,18552.01
114420,22078.22
114419,24539.64
114418,26744.56
114417,60581.07
114416,69862.84
114415,66888.77
114414,36745.37
114413,39766.51
114412,38947.09
114411,40356.25
114410,47539.4
114409,66548.7
114408,71464.87
114407,24944.72
114406,24726.45
114405,30370.69
114404,19.58
114403,63895.15
114402,70079.02
114401,58328.25
114400,67646.5
114399,33227.31
114398,26754.24
114397,38439.06
114396,47170.89
114395,51808.96
114394,53852.86
114393,24365.32
114392,54063.14
114391,42939.24
114390,35677.5
114389,49831.1
114388,72618.16
114387,59575.0
114386,30361.5
114385,35709.57
114384,34429.12
114383,44813.75
114382,56281.85
114381,68827.41
114380,50170.72
114379,25635.97
114378,28598.07
114377,31267.48
114376,32667.77
114375,47616.13
114374,44852.04
114373,48543.9
114372,25812.57
114371,17112.1
114370,25371.74
114369,35076.35
114368,34320.35
114367,43548.55
114366,27554.36
114365,26200.96
