31082,32819.01
31081,43085.15
31080,30608.4
31079,13115.97
31078,14291.14
31077,9842.01
31076,13165.95
31075,634.33
31074,24668.87
31073,19125.93
31072,11417.36
31071,9709.13
31070,10013.87
31069,20694.1
31068,22110.5
31067,33082.35
31066,15739.8
31065,25840.12
31064,10727.18
31063,12389.43
31062,10601.47
31061,15527.15
31060,34871.79
31059,28545.3
31058,10280.87
31057,10566.0
31056,10274.32
31055,14591.65
31054,23580.01
31053,38199.73
31052,23359.87
31051,11552.27
31050,14556.37
31049,13426.1
31048,17097.78
31047,21482.42
31046,41033.13
31045,21866.83
31044,12045.42
31043,11917.87
31042,19395.44
31041,37101.24
31040,44785.49
31039,66903.89
31038,39442.23
31037,36346.38
31036,17309.16
31035,25330.75
31034,19365.86
31033,32479.32
31032,52145.52
31031,38121.71
31030,15310.14
31029,14304.18
31028,16329.29
31027,16202.55
31026,28930.95
31025,43080.93
31024,28657.39
31023,23003.61
31022,13208.41
31021,12183.7
31020,40080.46
31019,45214.06
31018,71148.65
31017,44120.93
31016,26665.2
31015,28626.77
31014,41360.49
31013,24292.97
31012,34836.45
31011,53197.67
31010,41989.84
31009,20033.74
31008,16784.88
31007,32783.75
31006,31010.92
31005,35338.67
31004,63387.28
31003,33686.08
31002,25637.52
31001,28696.52
31000,31375.38
30999,25563.36
30998,51476.81
30997,57501.29
30996,16903.37
30995,17741.84
30994,15596.24
30993,19926.58
30992,23501.51
30991,38156.14
30990,28043.28
30989,11421.8
30988,14443.42
30987,22271.96
30986,26108.01
30985,35285.41
30984,56342.4
30983,31980.02
30982,16.27
30981,12046.54
30980,14301.47
30979,20490.01
30978,25498.94
30977,37522.19
30976,30373.37
30975,15177.05
30974,15901.82
30973,17708.09
30972,32976.74
30971,38363.73
30970,55800.18
30969,33472.53
30968,19235.3
30967,18693.96
30966,27574.71
30965,24556.51
30964,60.56
30963,63358.48
30962,30979.42
30961,21237.49
30960,22849.16
30959,20649.63
30958,30183.52
30957,48958.3
30956,64642.32
30955,34079.64
30954,16956.68
30953,18153.47
30952,15906.7
30951,21169.7
30950,43495.79
30949,58587.12
30948,35348.41
30947,22587.64
30946,23454.21
30945,29733.21
30944,23344.63
30943,34439.03
30942,55050.2
30941,37684.5
30940,15000.42
30939,17869.3
30938,18002.11
30937,33403.76
30936,46904.01
30935,29597.41
30934,42921.38
30933,20904.07
30932,21518.49
30931,25012.83
30930,29113.6
30929,43591.69
30928,27295.1
30927,16285.43
30926,34102.67
30925,30464.01
30924,27893.08
30923,41893.27
30922,51818.72
30921,36654.73
30920,25043.2
30919,26482.64
30918,27424.03
30917,29532.12
30916,43201.72
30915,61958.2
30914,39003.03
30913,17082.64
30912,16547.02
30911,18544.84
30910,21574.67
30909,28947.0
30908,37498.18
30907,32382.67
30906,19052.89
30905,14563.35
30904,19149.56
30903,20542.24
30902,24625.63
30901,33707.47
30900,24786.2
30899,18346.03
