202686,17900.08
202685,34736.47
202684,33904.28
202683,11931.09
202682,9231.96
202681,12589.74
202680,14408.37
202679,1417.77
202678,21934.35
202677,26319.18
202676,9416.4
202675,11680.25
202674,11807.14
202673,20561.41
202672,20923.13
202671,29651.99
202670,22953.44
202669,20673.75
202668,14112.37
202667,13589.03
202666,15181.41
202665,16330.04
202664,27904.85
202663,27340.9
202662,9677.14
202661,10748.75
202660,9775.96
202659,13408.49
202658,21922.33
202657,28359.61
202656,18350.53
202655,14437.32
202654,13094.71
202653,19678.4
202652,20596.01
202651,21011.11
202650,25380.53
202649,19884.08
202648,15903.06
202647,15886.63
202646,20443.67
202645,34640.18
202644,38877.4
202643,56314.74
202642,36397.8
202641,31520.47
202640,19472.31
202639,24494.28
202638,13931.28
202637,28898.12
202636,39828.9
202635,31010.98
202634,16158.8
202633,13377.64
202632,17208.72
202631,15171.06
202630,21867.97
202629,32335.4
202628,22648.26
202627,23159.63
202626,16132.9
202625,15599.75
202624,32574.99
202623,34361.25
202622,45983.48
202621,43641.83
202620,20858.93
202619,32782.76
202618,38924.74
202617,21626.16
202616,26260.98
202615,39560.08
202614,33767.49
202613,16468.56
202612,19550.52
202611,31053.56
202610,30567.57
202609,32544.81
202608,49994.46
202607,36679.91
202606,22167.11
202605,27396.21
202604,33409.4
202603,28082.17
202602,45280.53
202601,62417.35
202600,-16.8
202599,13937.13
202598,17883.34
202597,15559.64
202596,17451.28
202595,20902.24
202594,30306.97
202593,24229.2
202592,11936.14
202591,12868.63
202590,24624.97
202589,20011.12
202588,25875.39
202587,40577.17
202586,34866.31
202585,115.86
202584,13442.46
202583,16915.48
202582,19948.91
202581,24741.34
202580,31908.33
202579,26342.01
202578,13063.04
202577,16928.56
202576,17937.83
202575,33962.3
202574,35726.29
202573,41803.17
202572,39954.87
202571,24417.3
202570,22806.95
202569,24067.5
202568,24347.54
202567,822.87
202566,52293.31
202565,30457.29
202564,18832.9
202563,20649.23
202562,24262.8
202561,27626.62
202560,37219.26
202559,59716.0
202558,40036.66
202557,15401.55
202556,17141.48
202555,18901.3
202554,21260.48
202553,36942.96
202552,42356.31
202551,37466.36
202550,21745.2
202549,23973.04
202548,24538.36
202547,29711.69
202546,35154.77
202545,48665.1
202544,45569.27
202543,12813.41
202542,14938.01
202541,19606.03
202540,129.33
202539,33412.84
202538,39064.59
202537,34122.9
202536,41447.83
202535,14684.22
202534,17209.24
202533,20266.99
202532,24974.67
202531,37137.77
202530,33944.55
202529,18692.22
202528,25916.63
202527,34729.07
202526,27506.48
202525,33436.47
202524,42074.17
202523,41481.09
202522,26974.03
202521,30022.81
202520,33271.59
202519,31265.48
202518,43631.53
202517,55381.05
202516,44263.93
202515,18685.78
202514,19050.63
202513,25023.9
202512,23900.31
202511,31065.93
202510,34645.38
202509,39143.27
202508,14780.28
202507,13549.08
202506,18078.09
202505,21223.62
202504,24263.98
202503,37824.9
202502,27501.59
202501,18727.08
