94830,42950.78
94829,58817.72
94828,37816.11
94827,16266.3
94826,16264.27
94825,14829.07
94824,16491.61
94823,1485.66
94822,29766.49
94821,17882.51
94820,14320.74
94819,10592.51
94818,16928.23
94817,33183.74
94816,34116.95
94815,60984.59
94814,31472.05
94813,35616.3
94812,23307.02
94811,24424.28
94810,26508.83
94809,24679.84
94808,63074.46
94807,40112.31
94806,12686.11
94805,11863.27
94804,21002.77
94803,19430.51
94802,31787.35
94801,56951.37
94800,33098.77
94799,19405.54
94798,4483.84
94797,13108.27
94796,17489.94
94795,31615.49
94794,55383.29
94793,24687.85
94792,11019.84
94791,18489.3
94790,21375.17
94789,52820.61
94788,61528.91
94787,103441.05
94786,46980.39
94785,53090.59
94784,29545.79
94783,36006.93
94782,26854.63
94781,48293.38
94780,86840.56
94779,53521.62
94778,19047.93
94777,24413.17
94776,21318.85
94775,23226.68
94774,42140.55
94773,68898.92
94772,36539.63
94771,25289.35
94770,20192.11
94769,20314.1
94768,49576.13
94767,60135.53
94766,114975.96
94765,73872.07
94764,36950.36
94763,46484.77
94762,61132.16
94761,31587.92
94760,42632.28
94759,73161.69
94758,56154.78
94757,19804.37
94756,21145.6
94755,41127.82
94754,39676.27
94753,47051.8
94752,99595.59
94751,72569.67
94750,36068.7
94749,47180.52
94748,26727.01
94747,34129.51
94746,65625.69
94745,78307.16
94744,-16.99
94743,28816.29
94742,22174.34
94741,23387.3
94740,22810.06
94739,34127.59
94738,65373.02
94737,36440.46
94736,971.71
94735,19852.99
94734,28607.07
94733,31348.84
94732,46042.3
94731,83370.91
94730,54620.4
94729,19831.64
94728,1217.07
94727,489.41
94726,65.23
94725,38682.8
94724,71780.48
94723,50937.26
94722,1260.43
94721,21634.08
94720,21479.31
94719,59198.63
94718,66926.4
94717,86237.71
94716,68568.19
94715,32476.02
94714,39809.28
94713,34437.37
94712,36459.73
94711,56454.36
94710,94606.1
94709,46188.28
94708,20630.67
94707,20221.02
94706,31298.51
94705,39681.09
94704,52693.09
94703,75413.32
94702,49051.98
94701,18810.57
94700,25369.54
94699,24619.7
94698,26769.55
94697,64125.5
94696,88975.42
94695,54153.38
94694,34301.37
94693,33005.23
94692,37229.59
94691,38156.36
94690,47365.83
94689,72652.99
94688,52709.45
94687,29251.2
94686,32179.22
94685,31277.3
94684,39442.75
94683,52570.78
94682,72574.33
94681,45135.65
94680,55301.55
94679,23179.64
94678,28333.61
94677,31107.16
94676,44380.75
94675,57629.3
94674,40178.74
94673,23242.68
94672,50162.48
94671,47468.25
94670,57570.76
94669,59340.2
94668,80784.01
94667,57897.46
94666,42901.0
94665,37566.95
94664,47320.11
94663,43384.23
94662,54812.92
94661,62140.59
94660,47457.14
94659,20694.07
94658,27255.15
94657,32680.63
94656,34810.56
94655,49117.91
94654,47021.74
94653,45498.26
94652,29107.42
94651,19828.02
94650,23982.11
94649,35049.59
94648,35053.83
94647,41661.74
94646,27658.66
94645,19365.58
