136197,31086.54
136196,49296.76
136195,43308.03
136194,19557.77
136193,15761.4
136192,16777.9
136191,16156.15
136190,766.42
136189,36905.4
136188,29321.47
136187,17640.95
136186,19159.06
136185,17451.59
136184,27222.25
136183,27232.29
136182,41642.71
136181,35701.01
136180,35672.61
136179,21957.28
136178,23779.69
136177,23741.57
136176,23145.3
136175,50225.52
136174,31699.28
136173,16570.55
136172,13523.41
136171,15648.06
136170,15102.21
136169,29015.94
136168,40734.6
136167,29620.07
136166,17312.91
136165,17653.16
136164,17844.75
136163,22781.24
136162,24124.17
136161,38503.55
136160,28221.0
136159,17707.47
136158,22377.59
136157,23281.76
136156,46222.86
136155,45546.88
136154,76671.23
136153,49098.19
136152,40122.17
136151,25469.3
136150,27576.53
136149,22265.25
136148,37331.28
136147,52949.75
136146,41241.34
136145,19002.83
136144,20998.84
136143,21424.04
136142,22106.41
136141,30938.13
136140,47688.11
136139,28836.34
136138,25521.53
136137,20379.59
136136,20776.66
136135,42407.0
136134,49156.06
136133,64683.76
136132,53082.14
136131,32747.31
136130,38981.76
136129,53874.47
136128,29696.7
136127,37812.61
136126,50231.67
136125,46450.92
136124,22736.84
136123,21485.97
136122,42042.59
136121,31513.84
136120,43834.34
136119,59708.16
136118,54013.46
136117,31903.71
136116,33878.29
136115,42334.32
136114,34419.22
136113,47938.68
136112,63239.41
136111,20525.19
136110,21969.43
136109,22626.97
136108,22700.13
136107,33971.65
136106,48680.29
136105,33429.26
136104,17852.36
136103,16633.81
136102,30603.83
136101,29574.07
136100,41845.09
136099,53394.35
136098,46203.32
136097,223.94
136096,18062.63
136095,17938.56
136094,24377.13
136093,23526.02
136092,46178.87
136091,38629.53
136090,16975.88
136089,18205.08
136088,19189.37
136087,33675.5
136086,41278.68
136085,58014.46
136084,42861.17
136083,24177.62
136082,28235.5
136081,30909.16
136080,30979.29
136079,119.99
136078,64770.72
136077,40911.1
136076,23896.58
136075,27302.57
136074,20141.35
136073,34909.66
136072,46722.79
136071,71634.06
136070,39841.52
136069,19445.65
136068,18289.59
136067,22842.78
136066,19873.36
136065,46342.8
136064,61094.19
136063,46177.14
136062,33960.22
136061,22241.86
136060,31212.78
136059,30237.9
136058,44698.67
136057,57134.34
136056,50455.79
136055,18478.5
136054,20719.9
136053,18627.91
136052,36.53
136051,35053.03
136050,52356.48
136049,37340.66
136048,42894.05
136047,18511.21
136046,19427.29
136045,22730.7
136044,29808.02
136043,38044.13
136042,37435.89
136041,15918.42
136040,32627.73
136039,29213.65
136038,27588.24
136037,38135.67
136036,54491.54
136035,46427.87
136034,24105.46
136033,26597.26
136032,30663.99
136031,30470.42
136030,43507.4
136029,51534.39
136028,46499.31
136027,15275.11
136026,19330.82
136025,17249.79
136024,24337.01
136023,33395.01
136022,40397.75
136021,39997.87
136020,16863.52
136019,14343.61
136018,18451.27
136017,26179.48
136016,28498.53
136015,40800.94
136014,30929.55
136013,23777.72
