156322,21033.8
156321,36449.15
156320,31775.19
156319,17570.87
156318,14416.62
156317,16745.7
156316,16496.95
156315,491.15
156314,26680.56
156313,22646.53
156312,10050.56
156311,14775.52
156310,10434.3
156309,20253.91
156308,24101.15
156307,30976.0
156306,23927.01
156305,28602.09
156304,15890.42
156303,19550.85
156302,19090.7
156301,17663.01
156300,28967.72
156299,24862.36
156298,15380.53
156297,13505.85
156296,14553.97
156295,15709.63
156294,20349.69
156293,33489.35
156292,22021.65
156291,20859.97
156290,16594.23
156289,19540.27
156288,18450.77
156287,25910.26
156286,34309.3
156285,19265.04
156284,20491.05
156283,17551.58
156282,22010.46
156281,32599.66
156280,37827.22
156279,59926.92
156278,38399.81
156277,37958.5
156276,22914.06
156275,20701.8
156274,18064.16
156273,27100.51
156272,41981.87
156271,34846.87
156270,19185.04
156269,17588.82
156268,20442.65
156267,19406.93
156266,25867.42
156265,41648.68
156264,23400.38
156263,21158.8
156262,16835.15
156261,24064.45
156260,38386.36
156259,36695.74
156258,46644.78
156257,44403.64
156256,26628.23
156255,33041.49
156254,37129.48
156253,24034.49
156252,28704.92
156251,40552.18
156250,30113.97
156249,17446.78
156248,20843.15
156247,36950.36
156246,32289.75
156245,40042.96
156244,49670.96
156243,43646.51
156242,23766.41
156241,27118.97
156240,39354.52
156239,34549.64
156238,44899.55
156237,56596.67
156236,20965.65
156235,25643.56
156234,20889.22
156233,24222.65
156232,33322.93
156231,39707.34
156230,30041.22
156229,1031.41
156228,18858.3
156227,32450.23
156226,35143.62
156225,46012.97
156224,54746.32
156223,52344.56
156222,19502.61
156221,907.92
156220,406.49
156219,79.61
156218,29411.12
156217,39509.1
156216,31400.22
156215,561.86
156214,20189.88
156213,20863.26
156212,41998.15
156211,30291.07
156210,48670.76
156209,41283.92
156208,27431.96
156207,25021.64
156206,26894.91
156205,29086.9
156204,37972.83
156203,49214.11
156202,36153.63
156201,24817.84
156200,24439.0
156199,23140.83
156198,30838.9
156197,40279.87
156196,57142.03
156195,38763.61
156194,20786.8
156193,26797.89
156192,27792.36
156191,25966.53
156190,42341.92
156189,48007.72
156188,49463.45
156187,31567.52
156186,32248.5
156185,33508.72
156184,32343.08
156183,34936.11
156182,49077.47
156181,44759.5
156180,25546.37
156179,24665.89
156178,23753.87
156177,35509.54
156176,37750.65
156175,45692.01
156174,39210.05
156173,43900.85
156172,29938.31
156171,29242.24
156170,33612.38
156169,33285.85
156168,37387.26
156167,40279.96
156166,25228.25
156165,43269.8
156164,33739.35
156163,35716.5
156162,36519.93
156161,41975.61
156160,33242.18
156159,29057.6
156158,25524.86
156157,22940.16
156156,30505.29
156155,34582.66
156154,43744.07
156153,28265.83
156152,22070.93
156151,22656.07
156150,25594.54
156149,23884.92
156148,33931.57
156147,32946.6
156146,31228.81
156145,16115.61
156144,16577.96
156143,19062.69
156142,28599.94
156141,26466.02
156140,34271.95
156139,27457.67
156138,22103.3
