13796,40557.77
13795,70207.31
13794,50888.96
13793,15835.31
13792,18934.0
13791,23485.6
13790,21249.78
13789,1270.91
13788,41744.31
13787,23906.65
13786,15339.64
13785,13449.65
13784,17833.0
13783,40542.11
13782,42832.63
13781,62972.23
13780,39557.0
13779,32408.74
13778,26215.81
13777,33770.53
13776,31150.15
13775,36836.57
13774,66696.35
13773,50766.9
13772,17003.04
13771,15163.87
13770,17518.38
13769,16460.52
13768,40033.5
13767,51548.81
13766,35102.64
13765,24243.27
13764,11707.23
13763,15216.72
13762,28342.96
13761,37405.35
13760,54283.68
13759,34010.98
13758,19923.81
13757,20791.74
13756,23803.8
13755,64849.71
13754,73513.76
13753,106363.0
13752,67397.16
13751,47310.22
13750,35638.25
13749,47068.37
13748,38284.92
13747,55154.52
13746,91108.45
13745,57885.18
13744,20353.74
13743,27683.77
13742,24763.35
13741,24019.94
13740,38970.44
13739,59109.66
13738,40306.76
13737,34636.95
13736,15825.0
13735,25170.68
13734,63151.77
13733,72793.17
13732,111463.46
13731,90741.45
13730,54067.89
13729,62771.87
13728,79820.24
13727,34710.13
13726,41786.38
13725,71365.54
13724,60128.71
13723,19527.91
13722,22285.05
13721,46673.26
13720,49750.44
13719,59770.03
13718,105586.79
13717,84226.68
13716,51160.51
13715,59353.57
13714,43815.53
13713,30140.62
13712,71767.94
13711,85835.03
13710,24085.34
13709,26777.8
13708,24867.22
13707,30329.53
13706,34316.67
13705,42195.56
13704,39563.54
13703,19275.02
13702,15719.37
13701,40977.4
13700,42548.6
13699,44134.2
13698,88134.13
13697,59692.33
13696,3935.06
13695,25986.31
13694,21661.08
13693,28369.98
13692,37597.94
13691,51389.16
13690,44275.79
13689,30083.57
13688,25489.43
13687,23487.09
13686,73580.02
13685,77159.36
13684,99551.37
13683,78672.41
13682,44308.21
13681,48882.47
13680,53463.01
13679,46277.11
13678,1763.66
13677,90645.6
13676,42558.94
13675,26375.53
13674,31603.3
13673,35717.74
13672,53499.08
13671,57476.64
13670,86187.3
13669,59317.35
13668,21402.49
13667,25218.0
13666,25264.05
13665,25333.7
13664,71451.04
13663,76759.64
13662,68446.21
13661,44402.54
13660,46601.64
13659,47102.63
13658,44191.11
13657,64136.1
13656,76951.78
13655,75907.34
13654,31676.59
13653,35121.96
13652,35544.01
13651,436.18
13650,57845.43
13649,64300.8
13648,58884.95
13647,55594.92
13646,29867.05
13645,39304.08
13644,36735.96
13643,44897.06
13642,54994.32
13641,50834.24
13640,26546.48
13639,71800.32
13638,60003.36
13637,60500.03
13636,68350.35
13635,86513.22
13634,57434.77
13633,50359.18
13632,49573.03
13631,49152.07
13630,58647.19
13629,69666.54
13628,69075.85
13627,58782.12
13626,24367.92
13625,27094.14
13624,26651.72
13623,39325.79
13622,56615.52
13621,46389.92
13620,54790.05
13619,26615.05
13618,23140.16
13617,26156.95
13616,34610.07
13615,43272.01
13614,36394.29
13613,27936.29
13612,22381.85
