197509,35613.63
197508,62975.09
197507,37709.86
197506,13774.93
197505,16193.42
197504,18286.74
197503,18356.61
197502,835.94
197501,39237.45
197500,27094.7
197499,11621.55
197498,12651.35
197497,11516.99
197496,22774.2
197495,22994.91
197494,48510.15
197493,28856.78
197492,32873.07
197491,17823.77
197490,20732.06
197489,22289.23
197488,1359.29
197487,4067.08
197486,19870.74
197485,17289.54
197484,14005.74
197483,16026.8
197482,14078.93
197481,27481.96
197480,58672.24
197479,31468.31
197478,19313.15
197477,19900.37
197476,16691.88
197475,25923.5
197474,30451.84
197473,50676.84
197472,25788.34
197471,15143.45
197470,16778.09
197469,23245.45
197468,40884.55
197467,45662.36
197466,86617.89
197465,47988.42
197464,7489.39
197463,23730.43
197462,26735.83
197461,20265.66
197460,34234.82
197459,60064.29
197458,39946.31
197457,12557.91
197456,14545.85
197455,10577.67
197454,19702.28
197453,31700.23
197452,63649.42
197451,33494.19
197450,31989.18
197449,19145.55
197448,17273.59
197447,35377.53
197446,46900.52
197445,86173.67
197444,51706.87
197443,33209.6
197442,41006.81
197441,52127.53
197440,33332.71
197439,45115.55
197438,66110.89
197437,53039.15
197436,26132.37
197435,24339.18
197434,42670.71
197433,34569.55
197432,46191.73
197431,77896.99
197430,47531.17
197429,30479.85
197428,33013.75
197427,39832.81
197426,35142.65
197425,67787.39
197424,81906.06
197423,22273.12
197422,24667.4
197421,22562.07
197420,25794.78
197419,28793.42
197418,52473.78
197417,38013.61
197416,598.18
197415,15019.94
197414,26764.89
197413,24914.37
197412,39524.43
197411,56338.73
197410,46302.16
197409,19404.94
197408,992.59
197407,537.1
197406,221.11
197405,31393.98
197404,50574.85
197403,36095.66
197402,239.88
197401,18170.89
197400,16506.24
197399,39181.81
197398,36187.41
197397,67580.55
197396,48411.29
197395,29450.38
197394,28684.94
197393,27591.35
197392,31280.21
197391,47178.85
197390,70387.49
197389,48343.61
197388,23043.75
197387,27008.96
197386,28202.08
197385,34711.34
197384,52590.55
197383,93647.75
197382,54839.73
197381,21797.77
197380,24582.68
197379,26899.29
197378,22612.54
197377,52961.81
197376,65727.53
197375,49922.88
197374,29113.76
197373,27902.87
197372,28951.55
197371,29083.11
197370,42512.23
197369,66336.74
197368,60467.43
197367,18202.6
197366,23761.34
197365,24039.02
197364,33370.84
197363,43732.99
197362,54700.96
197361,48714.91
197360,63024.15
197359,18946.74
197358,23867.6
197357,30718.89
197356,36827.77
197355,56690.63
197354,48397.03
197353,20887.07
197352,43933.96
197351,41572.24
197350,38942.51
197349,48935.76
197348,73094.64
197347,53146.67
197346,29379.78
197345,34689.73
197344,36090.62
197343,44069.5
197342,46228.29
197341,64488.04
197340,49848.04
197339,24308.31
197338,21493.05
197337,24901.33
197336,24231.72
197335,41320.85
197334,45736.68
197333,52144.1
197332,19679.61
197331,16714.68
197330,22763.81
197329,29092.45
197328,32649.05
197327,47613.01
197326,28593.91
197325,37002.23
