21475,39481.01
21474,64590.01
21473,53652.73
21472,16813.76
21471,16271.38
21470,15205.78
21469,17504.09
21468,2814.5
21467,40546.63
21466,30698.82
21465,15691.33
21464,12539.62
21463,15694.38
21462,25457.29
21461,34123.71
21460,59077.7
21459,38149.96
21458,30801.61
21457,19796.37
21456,22162.85
21455,23127.47
21454,25456.05
21453,56719.26
21452,46069.6
21451,13366.49
21450,15546.2
21449,15324.04
21448,13371.65
21447,32066.62
21446,55463.17
21445,43695.65
21444,21816.45
21443,13450.19
21442,17860.8
21441,25463.45
21440,32374.22
21439,55897.43
21438,38746.62
21437,14272.68
21436,13189.56
21435,22035.83
21434,50488.99
21433,66962.45
21432,107229.68
21431,62348.36
21430,55257.75
21429,29576.9
21428,31425.62
21427,26178.24
21426,49403.02
21425,79481.4
21424,70012.81
21423,20898.98
21422,18849.63
21421,18067.74
21420,16938.55
21419,34456.44
21418,62723.08
21417,47214.58
21416,30987.62
21415,13213.54
21414,22035.97
21413,40757.67
21412,55884.27
21411,99249.73
21410,81143.65
21409,46490.66
21408,49057.85
21407,65612.45
21406,35611.2
21405,45974.81
21404,73244.44
21403,66130.49
21402,24110.13
21401,23084.35
21400,38737.19
21399,41482.63
21398,56308.15
21397,96567.03
21396,67040.15
21395,37512.31
21394,39569.72
21393,48848.96
21392,32669.46
21391,63262.79
21390,85649.09
21389,23403.78
21388,22396.52
21387,23542.84
21386,24463.07
21385,32682.81
21384,59349.97
21383,48314.2
21382,1303.19
21381,15366.22
21380,34812.72
21379,32442.81
21378,45313.81
21377,84506.4
21376,62848.93
21375,17202.38
21374,18024.38
21373,21310.87
21372,21047.87
21371,37146.23
21370,60411.5
21369,48747.2
21368,30016.44
21367,24321.7
21366,26494.84
21365,51440.44
21364,55733.42
21363,90113.15
21362,67546.07
21361,33660.58
21360,34752.57
21359,35690.75
21358,35407.55
21357,1600.19
21356,88262.28
21355,58892.07
21354,25718.94
21353,28454.23
21352,29618.36
21351,51552.62
21350,58320.85
21349,92674.07
21348,65029.52
21347,23755.78
21346,22255.18
21345,24012.46
21344,25396.91
21343,59598.2
21342,83941.94
21341,67692.28
21340,35314.24
21339,38553.48
21338,40584.63
21337,39012.15
21336,59321.17
21335,74406.02
21334,76182.02
21333,29016.99
21332,33610.6
21331,30744.9
21330,849.79
21329,60380.44
21328,90879.05
21327,70079.66
21326,73895.27
21325,38778.11
21324,39345.74
21323,38309.57
21322,43927.64
21321,77126.86
21320,63000.51
21319,33960.43
21318,46797.23
21317,52246.85
21316,40826.78
21315,65526.79
21314,90963.16
21313,67290.39
21312,39059.97
21311,41863.65
21310,46175.39
21309,52676.32
21308,71423.72
21307,81812.74
21306,74077.47
21305,26561.25
21304,26680.27
21303,31536.11
21302,34443.99
21301,54729.5
21300,54789.57
21299,74237.94
21298,27908.34
21297,22853.18
21296,28940.15
21295,33895.03
21294,44399.0
21293,55733.56
21292,43560.43
21291,31576.89
