69892,32147.52
69891,56927.14
69890,46042.76
69889,14158.39
69888,18413.09
69887,17332.07
69886,16129.88
69885,571.87
69884,38016.09
69883,29831.69
69882,13455.14
69881,12613.68
69880,16021.65
69879,23583.49
69878,24851.82
69877,38742.3
69876,27806.35
69875,36008.89
69874,19316.74
69873,16804.88
69872,20138.99
69871,15444.6
69870,32390.22
69869,34594.87
69868,13906.27
69867,12977.33
69866,12690.98
69865,16019.3
69864,25318.48
69863,42754.09
69862,26624.25
69861,16138.23
69860,14872.82
69859,17547.49
69858,23902.19
69857,25506.36
69856,45156.11
69855,25054.8
69854,17949.69
69853,16083.61
69852,23021.09
69851,42529.88
69850,53363.76
69849,86632.61
69848,46530.57
69847,35408.57
69846,24588.14
69845,23009.5
69844,20306.26
69843,34698.44
69842,52886.12
69841,36052.12
69840,12890.05
69839,14865.89
69838,19017.45
69837,16441.93
69836,29607.18
69835,50982.93
69834,26656.93
69833,24083.46
69832,17419.22
69831,15847.12
69830,33294.68
69829,52659.9
69828,72421.99
69827,51268.03
69826,31698.98
69825,37474.53
69824,48067.38
69823,28194.55
69822,35117.81
69821,62032.73
69820,56880.78
69819,20071.84
69818,24245.29
69817,39583.51
69816,38730.14
69815,50024.39
69814,77557.23
69813,52215.06
69812,25310.9
69811,29260.34
69810,40913.36
69809,31576.75
69808,61839.93
69807,91915.92
69806,17752.26
69805,27350.31
69804,21274.49
69803,24467.02
69802,33465.25
69801,60100.25
69800,32790.45
69799,871.67
69798,20900.18
69797,31564.45
69796,30776.62
69795,38958.83
69794,61848.65
69793,36982.73
69792,16761.0
69791,17555.89
69790,13929.86
69789,20539.72
69788,24036.51
69787,41460.18
69786,31947.99
69785,14418.71
69784,19374.41
69783,12709.72
69782,38104.78
69781,42275.2
69780,66308.8
69779,42680.29
69778,23233.41
69777,25419.27
69776,26039.61
69775,29559.96
69774,830.51
69773,76618.92
69772,40588.99
69771,27451.02
69770,21896.7
69769,27216.44
69768,40371.72
69767,48868.24
69766,77961.61
69765,42348.56
69764,20584.78
69763,16719.89
69762,23573.72
69761,22971.3
69760,44635.47
69759,64862.15
69758,48879.84
69757,29193.22
69756,27239.81
69755,34428.06
69754,33893.27
69753,38432.66
69752,66813.92
69751,49023.85
69750,21804.48
69749,25328.24
69748,26100.98
69747,377.98
69746,45630.57
69745,56581.09
69744,46797.1
69743,47528.85
69742,19513.15
69741,23716.1
69740,30630.16
69739,37826.36
69738,50175.02
69737,38810.74
69736,22483.97
69735,37871.28
69734,38111.35
69733,33431.29
69732,43290.63
69731,63094.91
69730,42983.61
69729,26701.88
69728,29895.53
69727,28795.71
69726,35160.67
69725,43234.4
69724,56031.83
69723,41702.6
69722,20854.56
69721,20094.22
69720,24058.65
69719,24142.55
69718,35135.63
69717,44402.41
69716,36935.79
69715,18011.29
69714,11607.85
69713,16569.19
69712,22373.93
69711,31121.93
69710,38999.83
69709,31990.88
69708,24262.13
