144815,24345.86
144814,29166.28
144813,16327.92
144812,10368.3
144811,10489.87
144810,12285.44
144809,10494.79
144808,410.1
144807,18399.06
144806,10596.27
144805,7441.15
144804,8724.97
144803,10771.93
144802,17607.11
144801,18044.59
144800,28428.94
144799,15082.55
144798,20865.46
144797,15009.34
144796,12478.2
144795,13028.86
144794,13044.74
144793,24655.88
144792,13973.7
144791,8780.59
144790,7671.55
144789,8273.59
144788,13421.71
144787,21476.62
144786,28616.26
144785,8332.95
144784,11662.12
144783,11956.04
144782,13423.33
144781,14906.17
144780,20216.11
144779,27502.43
144778,11690.95
144777,13441.55
144776,13088.63
144775,13181.21
144774,31936.27
144773,36669.43
144772,52780.62
144771,24423.5
144770,30584.14
144769,21477.06
144768,24043.58
144767,17002.25
144766,28649.94
144765,35643.99
144764,19062.45
144763,17045.47
144762,15173.85
144761,12896.92
144760,17505.17
144759,22777.49
144758,34083.26
144757,15185.16
144756,21191.83
144755,17354.38
144754,21460.33
144753,37464.19
144752,41012.27
144751,45923.13
144750,21575.85
144749,30042.13
144748,27714.36
144747,34052.6
144746,23603.68
144745,26470.77
144744,39162.94
144743,20645.78
144742,14939.86
144741,13864.35
144740,31131.69
144739,25697.74
144738,35299.23
144737,48342.8
144736,25428.32
144735,25015.82
144734,25560.69
144733,33613.11
144732,28702.55
144731,38801.36
144730,47673.24
144729,16165.52
144728,13926.56
144727,17041.19
144726,17282.16
144725,25599.64
144724,30551.48
144723,21472.61
144722,16710.66
144721,15496.73
144720,28895.56
144719,31432.08
144718,34238.76
144717,49990.91
144716,26289.79
144715,1015.55
144714,14638.92
144713,16037.36
144712,19301.95
144711,21458.33
144710,33727.05
144709,17081.93
144708,13584.0
144707,15256.16
144706,16750.69
144705,31797.51
144704,34912.25
144703,39666.81
144702,20124.83
144701,23346.86
144700,21576.47
144699,19112.36
144698,22531.32
144697,614.7
144696,44780.29
144695,19438.12
144694,18666.18
144693,20790.25
144692,20424.0
144691,27202.71
144690,33607.89
144689,44639.58
144688,22219.97
144687,15317.06
144686,16058.65
144685,17483.05
144684,17891.36
144683,36996.18
144682,42167.16
144681,19509.42
144680,22908.6
144679,22393.25
144678,22837.03
144677,24700.5
144676,30008.92
144675,41809.76
144674,22018.82
144673,18857.56
144672,18897.45
144671,13457.43
144670,653.77
144669,24177.21
144668,39340.43
144667,18112.19
144666,32952.11
144665,17425.28
144664,14187.78
144663,18870.69
144662,23373.56
144661,28604.07
144660,16845.34
144659,15538.7
144658,24751.67
144657,25966.73
144656,23986.97
144655,33896.56
144654,36919.68
144653,23698.39
144652,22928.58
144651,24486.88
144650,21902.78
144649,27242.87
144648,29941.49
144647,36596.31
144646,16990.62
144645,14077.88
144644,15004.76
144643,16116.58
144642,18458.85
144641,26902.84
144640,23271.85
144639,17024.69
144638,13706.14
144637,13134.74
144636,15273.66
144635,17513.69
144634,18658.44
144633,24387.81
144632,12082.19
144631,15967.49
