48907,24707.57
48906,40196.12
48905,28800.74
48904,11641.93
48903,15677.74
48902,13299.38
48901,12710.72
48900,1585.08
48899,27738.73
48898,21050.74
48897,11019.63
48896,11630.81
48895,11016.49
48894,20769.09
48893,18521.65
48892,40504.9
48891,26654.94
48890,35146.41
48889,21856.52
48888,24728.24
48887,23927.92
48886,16185.02
48885,255.88
48884,33.04
48883,7006.15
48882,10335.99
48881,12310.2
48880,12789.14
48879,17897.43
48878,34878.69
48877,28678.62
48876,10971.36
48875,11735.25
48874,9863.68
48873,15446.7
48872,17459.42
48871,35247.06
48870,24304.6
48869,12869.51
48868,12891.55
48867,14788.15
48866,26761.82
48865,31541.28
48864,48692.44
48863,42049.99
48862,12549.89
48861,18575.58
48860,20455.35
48859,15567.08
48858,24348.39
48857,43979.95
48856,33126.97
48855,15601.54
48854,14971.2
48853,11239.96
48852,14829.96
48851,21087.18
48850,46233.37
48849,32748.44
48848,18680.47
48847,13618.54
48846,13916.78
48845,33873.79
48844,33995.71
48843,64051.75
48842,56009.18
48841,25531.53
48840,33355.5
48839,48848.15
48838,26891.04
48837,33094.21
48836,61712.8
48835,47719.83
48834,17593.94
48833,20743.82
48832,29434.86
48831,31097.44
48830,35509.72
48829,63263.81
48828,55004.54
48827,25352.79
48826,27669.02
48825,33980.85
48824,34110.83
48823,50849.34
48822,70741.97
48821,-11.2
48820,23340.91
48819,20088.75
48818,19331.43
48817,22493.91
48816,26517.71
48815,39473.19
48814,30154.58
48813,802.86
48812,12503.64
48811,22141.3
48810,19669.36
48809,27948.14
48808,46823.54
48807,41565.73
48806,15213.05
48805,1053.12
48804,869.37
48803,234.36
48802,21940.99
48801,43735.42
48800,32749.65
48799,1084.28
48798,19617.93
48797,17711.43
48796,31413.74
48795,38641.2
48794,65043.87
48793,49321.02
48792,24960.4
48791,37181.1
48790,24022.3
48789,23106.41
48788,32895.98
48787,52288.62
48786,34424.12
48785,13761.67
48784,21497.92
48783,21585.11
48782,29472.21
48781,32555.56
48780,63688.92
48779,46620.28
48778,17034.43
48777,17241.13
48776,16359.68
48775,19131.21
48774,34214.0
48773,61950.75
48772,49146.48
48771,26316.33
48770,23263.49
48769,31360.44
48768,27929.42
48767,36152.12
48766,52689.75
48765,48508.19
48764,15866.53
48763,25440.0
48762,27003.53
48761,34316.72
48760,48130.24
48759,61427.38
48758,50607.77
48757,67213.02
48756,24628.12
48755,23658.86
48754,27337.37
48753,31440.31
48752,49132.36
48751,44084.87
48750,22569.23
48749,39177.23
48748,31157.76
48747,32035.93
48746,44645.82
48745,67398.96
48744,58139.16
48743,26837.66
48742,30165.85
48741,33585.69
48740,33007.06
48739,46145.88
48738,64396.83
48737,52739.79
48736,23754.36
48735,23614.4
48734,28268.73
48733,26225.65
48732,32641.09
48731,41390.48
48730,41817.63
48729,23796.82
48728,18597.22
48727,23327.5
48726,24497.79
48725,31308.57
48724,43892.53
48723,34728.16
48722,31049.4
