45828,39660.57
45827,59456.11
45826,45724.01
45825,15380.88
45824,17468.45
45823,15389.13
45822,18752.14
45821,1314.29
45820,35996.1
45819,27351.61
45818,14823.67
45817,14460.9
45816,14708.34
45815,15071.6
45814,31599.02
45813,46450.23
45812,29402.85
45811,39286.09
45810,25027.22
45809,27560.35
45808,24399.21
45807,6383.29
45806,130.86
45805,49.12
45804,7481.45
45803,10319.84
45802,16948.07
45801,17071.58
45800,27522.92
45799,53862.56
45798,32750.65
45797,16938.09
45796,19123.84
45795,16138.99
45794,23255.43
45793,26622.79
45792,45498.45
45791,26543.12
45790,17425.66
45789,20676.28
45788,22464.04
45787,49724.64
45786,54014.73
45785,91531.87
45784,48190.73
45783,11708.29
45782,27411.71
45781,31750.85
45780,25178.32
45779,40507.29
45778,60879.75
45777,39480.52
45776,16286.44
45775,18429.77
45774,14468.0
45773,19937.82
45772,32383.42
45771,56936.4
45770,39021.13
45769,27859.8
45768,24091.27
45767,19253.5
45766,44835.45
45765,43835.27
45764,94385.98
45763,61997.42
45762,38535.35
45761,46108.72
45760,63030.14
45759,35576.67
45758,58413.71
45757,74308.99
45756,61263.77
45755,22363.95
45754,27451.54
45753,43851.6
45752,41779.71
45751,48891.93
45750,80092.94
45749,61182.82
45748,37910.42
45747,39638.98
45746,50917.06
45745,35777.43
45744,62486.59
45743,97849.68
45742,-16.5
45741,27355.97
45740,26285.71
45739,24826.03
45738,29353.55
45737,42568.91
45736,57050.78
45735,37069.62
45734,1198.11
45733,17206.06
45732,34861.55
45731,32632.96
45730,46597.19
45729,61885.67
45728,44772.62
45727,22436.23
45726,1728.65
45725,741.54
45724,313.06
45723,31194.9
45722,47711.87
45721,33586.07
45720,1174.91
45719,24381.24
45718,27309.9
45717,44086.39
45716,51722.89
45715,81297.58
45714,49543.66
45713,34460.98
45712,36420.71
45711,39386.28
45710,35448.03
45709,52773.33
45708,78479.92
45707,46088.04
45706,35019.35
45705,31926.88
45704,33050.61
45703,44990.71
45702,53873.08
45701,91150.06
45700,47995.92
45699,24406.74
45698,26648.47
45697,26316.24
45696,27405.72
45695,62007.16
45694,70929.29
45693,48139.17
45692,29555.57
45691,31258.1
45690,38288.66
45689,41511.84
45688,47309.52
45687,67878.04
45686,53440.16
45685,18599.15
45684,28968.88
45683,24060.25
45682,41675.03
45681,54763.83
45680,58179.91
45679,43707.77
45678,65821.38
45677,22441.88
45676,28896.34
45675,34127.46
45674,39184.18
45673,57249.67
45672,48781.79
45671,29360.77
45670,49346.18
45669,43301.91
45668,44608.74
45667,52348.65
45666,74519.1
45665,58243.4
45664,41034.5
45663,41517.65
45662,45332.52
45661,44413.79
45660,691.7
45659,75578.12
45658,54086.31
45657,22797.6
45656,27540.15
45655,30426.94
45654,27647.0
45653,44399.24
45652,47639.65
45651,42792.58
45650,23917.31
45649,18284.92
45648,26097.32
45647,30909.09
45646,35545.8
45645,44082.83
45644,33516.92
45643,28881.98
