74282,47657.84
74281,69154.53
74280,54969.59
74279,22525.34
74278,25107.25
74277,26093.16
74276,15423.7
74275,1147.92
74274,45424.56
74273,39200.8
74272,17918.57
74271,21059.65
74270,20448.39
74269,26716.75
74268,37233.43
74267,55536.57
74266,39905.75
74265,42374.9
74264,22772.85
74263,26372.54
74262,26425.63
74261,30686.44
74260,55727.48
74259,31561.74
74258,13683.74
74257,19047.63
74256,21143.28
74255,23272.4
74254,34148.72
74253,64448.43
74252,27711.03
74251,7353.89
74250,12602.99
74249,18171.93
74248,24369.94
74247,32333.05
74246,59207.38
74245,30505.67
74244,27398.62
74243,28154.39
74242,33064.14
74241,57705.58
74240,70564.66
74239,107778.73
74238,64842.64
74237,60141.69
74236,31264.9
74235,35000.26
74234,25821.29
74233,45997.7
74232,78850.09
74231,60508.34
74230,28041.74
74229,18602.44
74228,21112.34
74227,26711.23
74226,37935.28
74225,61542.09
74224,47215.75
74223,37311.94
74222,23808.62
74221,23413.04
74220,42540.74
74219,55834.75
74218,91225.84
74217,79285.22
74216,46593.68
74215,43917.85
74214,69792.69
74213,34179.45
74212,43391.41
74211,75952.65
74210,66523.67
74209,27018.78
74208,27827.79
74207,42759.03
74206,39656.29
74205,38869.53
74204,81620.97
74203,66938.98
74202,44231.03
74201,51659.14
74200,13416.24
74199,41009.91
74198,51737.28
74197,64377.21
74196,29887.21
74195,29491.93
74194,23782.63
74193,27126.41
74192,37279.04
74191,65305.12
74190,46645.09
74189,1149.92
74188,27105.86
74187,39831.38
74186,39414.56
74185,53123.8
74184,81075.86
74183,63093.11
74182,24443.35
74181,21968.58
74180,26238.64
74179,29199.63
74178,34996.31
74177,28387.64
74176,46361.26
74175,21342.87
74174,21925.37
74173,24048.76
74172,52423.4
74171,55954.26
74170,77368.62
74169,71140.52
74168,40683.81
74167,37302.66
74166,33782.75
74165,28107.93
74164,1342.57
74163,87634.56
74162,54295.91
74161,33234.39
74160,32883.46
74159,39444.0
74158,48500.97
74157,58126.83
74156,96547.79
74155,70978.99
74154,29895.6
74153,24686.81
74152,25041.65
74151,31834.59
74150,57360.74
74149,80115.7
74148,69195.49
74147,42049.21
74146,39955.22
74145,44012.97
74144,38962.14
74143,55829.12
74142,79300.18
74141,82833.72
74140,36053.27
74139,30981.56
74138,39620.79
74137,603.69
74136,56333.91
74135,61861.36
74134,54181.96
74133,70574.3
74132,28216.29
74131,27947.12
74130,44844.49
74129,47650.05
74128,59441.3
74127,56129.24
74126,33860.49
74125,48792.31
74124,46925.71
74123,48499.99
74122,53614.35
74121,82660.43
74120,74332.31
74119,46619.91
74118,47378.93
74117,47701.76
74116,47083.45
74115,63992.35
74114,77432.04
74113,64513.47
74112,26367.77
74111,31932.84
74110,27195.17
74109,35959.95
74108,49366.44
74107,52502.5
74106,63431.3
74105,31744.64
74104,22191.58
74103,31542.14
74102,36541.22
74101,42147.44
74100,52304.49
74099,38769.25
74098,32618.78
