110898,38523.43
110897,64783.45
110896,52411.07
110895,17747.7
110894,19406.55
110893,17463.06
110892,20914.0
110891,877.84
110890,37845.03
110889,29751.58
110888,13940.17
110887,15399.62
110886,21825.67
110885,28180.4
110884,34441.06
110883,47234.78
110882,40339.4
110881,38381.2
110880,23249.76
110879,21091.98
110878,26936.64
110877,25219.71
110876,52474.6
110875,45085.83
110874,19478.64
110873,20782.77
110872,19938.45
110871,19561.4
110870,35774.33
110869,45390.31
110868,34951.89
110867,20518.19
110866,21735.95
110865,23528.97
110864,28243.66
110863,36737.19
110862,51368.15
110861,30590.75
110860,22714.78
110859,22579.35
110858,30280.74
110857,49376.36
110856,62297.63
110855,101397.81
110854,60053.86
110853,56581.56
110852,33118.42
110851,37604.96
110850,23210.23
110849,46222.79
110848,68071.78
110847,59953.14
110846,26017.35
110845,27663.53
110844,24340.16
110843,24340.19
110842,46646.57
110841,64801.17
110840,44209.71
110839,40403.62
110838,32075.47
110837,26524.0
110836,52807.06
110835,63468.7
110834,83061.07
110833,70365.36
110832,41260.36
110831,44637.63
110830,65615.06
110829,37363.61
110828,43386.56
110827,76572.37
110826,68069.7
110825,28908.08
110824,29779.75
110823,45865.4
110822,39568.79
110821,36021.79
110820,82716.17
110819,68630.97
110818,47810.77
110817,48687.21
110816,64426.68
110815,46746.4
110814,66995.52
110813,93143.99
110812,30399.53
110811,27388.12
110810,26998.52
110809,35957.31
110808,43385.12
110807,64944.26
110806,56615.05
110805,25950.05
110804,30975.1
110803,41912.66
110802,41667.32
110801,51951.87
110800,72061.36
110799,71712.95
110798,1922.65
110797,26791.76
110796,34626.13
110795,31483.78
110794,37988.68
110793,63188.08
110792,52298.39
110791,27467.54
110790,28101.69
110789,30231.84
110788,55993.84
110787,61519.15
110786,84514.45
110785,62721.52
110784,37598.44
110783,32130.57
110782,40315.46
110781,39367.08
110780,1034.49
110779,81690.45
110778,57045.87
110777,33435.11
110776,34813.5
110775,35041.6
110774,55265.04
110773,58260.66
110772,102496.45
110771,62358.77
110770,32386.02
110769,31635.28
110768,31807.9
110767,28965.72
110766,69163.84
110765,79643.41
110764,68471.72
110763,45597.24
110762,41530.1
110761,46612.41
110760,49444.4
110759,56082.81
110758,78082.54
110757,70642.2
110756,31399.87
110755,35362.83
110754,31212.05
110753,322.46
110752,53380.25
110751,76505.58
110750,56044.55
110749,75534.29
110748,34895.23
110747,31747.29
110746,40041.34
110745,53972.67
110744,67557.59
110743,60797.8
110742,33508.78
110741,46821.6
110740,46261.11
110739,52921.01
110738,51563.07
110737,78891.84
110736,61848.45
110735,41591.24
110734,44154.37
110733,42930.44
110732,47852.52
110731,51985.03
110730,92379.03
110729,63574.24
110728,29370.84
110727,31932.53
110726,35013.3
110725,39734.62
110724,48684.6
110723,57104.81
110722,60902.32
110721,26348.81
110720,23362.56
110719,29810.63
110718,34841.17
110717,38430.34
110716,53797.37
110715,44801.95
110714,37133.06
