142708,20905.18
142707,32854.22
142706,25176.93
142705,12472.03
142704,11145.03
142703,8142.85
142702,10239.83
142701,351.55
142700,22034.8
142699,14028.27
142698,10083.44
142697,9665.85
142696,8771.54
142695,14788.32
142694,14988.36
142693,22411.2
142692,19155.33
142691,15347.76
142690,11543.48
142689,9962.29
142688,10524.01
142687,15231.02
142686,24193.23
142685,13847.42
142684,9312.02
142683,10236.73
142682,11254.89
142681,9843.88
142680,19494.62
142679,26070.82
142678,16309.72
142677,12733.5
142676,13556.77
142675,13817.9
142674,14438.5
142673,19963.44
142672,28647.61
142671,16419.25
142670,11192.45
142669,13043.97
142668,16009.39
142667,24748.21
142666,29765.95
142665,45921.65
142664,29639.58
142663,22407.66
142662,16008.51
142661,18539.15
142660,12830.23
142659,22151.37
142658,36444.6
142657,24305.62
142656,12265.95
142655,9300.99
142654,11544.45
142653,12111.81
142652,18619.59
142651,33227.65
142650,21664.33
142649,20223.85
142648,13732.06
142647,13009.41
142646,28427.34
142645,29147.14
142644,39846.1
142643,27531.27
142642,15265.22
142641,16076.72
142640,25934.75
142639,19611.65
142638,25370.06
142637,36311.41
142636,26695.23
142635,15165.66
142634,18149.3
142633,26238.3
142632,23014.86
142631,27202.75
142630,40677.69
142629,26155.2
142628,16396.96
142627,18159.55
142626,21715.25
142625,23785.96
142624,40857.55
142623,45838.12
142622,12957.88
142621,10793.48
142620,9395.9
142619,19115.61
142618,17532.24
142617,32754.14
142616,19817.68
142615,11657.33
142614,15274.36
142613,17022.75
142612,20815.92
142611,24038.03
142610,39921.71
142609,34012.76
142608,1504.83
142607,11114.05
142606,11974.19
142605,14131.95
142604,19731.32
142603,32926.53
142602,21683.99
142601,13000.23
142600,15189.27
142599,13166.99
142598,20762.12
142597,27846.98
142596,38766.81
142595,25179.6
142594,18400.11
142593,12070.33
142592,22108.37
142591,24147.94
142590,332.82
142589,43018.6
142588,28065.93
142587,16602.91
142586,15832.2
142585,18438.38
142584,27256.94
142583,32390.79
142582,48418.05
142581,30080.96
142580,12862.41
142579,15105.49
142578,15877.36
142577,18553.52
142576,36358.96
142575,40621.38
142574,28038.34
142573,20320.14
142572,18643.16
142571,19866.08
142570,19561.17
142569,25342.61
142568,39282.26
142567,30543.27
142566,12823.05
142565,15471.1
142564,20309.84
142563,190.33
142562,28895.38
142561,38179.86
142560,23897.11
142559,34689.86
142558,13450.59
142557,16173.86
142556,14771.99
142555,29885.37
142554,43251.53
142553,22015.46
142552,17677.71
142551,22241.87
142550,27034.15
142549,21294.1
142548,28024.42
142547,38003.37
142546,28065.77
142545,19767.92
142544,19448.78
142543,17933.62
142542,24283.97
142541,33001.6
142540,34350.71
142539,24922.31
142538,18704.05
142537,16486.91
142536,16077.69
142535,17647.14
142534,28103.88
142533,27608.2
142532,28179.23
142531,16880.18
142530,10703.01
142529,15828.55
142528,16628.35
142527,23123.57
142526,27465.64
142525,21690.7
142524,15026.09
