178168,17367.0
178167,36529.69
178166,20275.68
178165,8058.23
178164,10220.6
178163,9669.29
178162,9748.7
178161,918.69
178160,17783.27
178159,9901.95
178158,5947.13
178157,2455.53
178156,5950.0
178155,8001.07
178154,15403.71
178153,21264.15
178152,13174.24
178151,14112.58
178150,11564.9
178149,6876.57
178148,10543.64
178147,5918.0
178146,2852.37
178145,14861.73
178144,8509.26
178143,6362.97
178142,6625.82
178141,9780.53
178140,13885.65
178139,29775.9
178138,17512.81
178137,9946.55
178136,14044.38
178135,9563.36
178134,13474.92
178133,15007.77
178132,24885.85
178131,15137.73
178130,7172.34
178129,5099.4
178128,8497.69
178127,21310.32
178126,23362.05
178125,40843.49
178124,26693.13
178123,16556.36
178122,9723.07
178121,13307.65
178120,13475.89
178119,23557.05
178118,37974.3
178117,20750.19
178116,11076.94
178115,8560.73
178114,11834.05
178113,5516.05
178112,15258.16
178111,35701.69
178110,18385.89
178109,13227.07
178108,9578.91
178107,7687.08
178106,22073.37
178105,26623.24
178104,48296.13
178103,33564.62
178102,19753.5
178101,20803.65
178100,29183.11
178099,14778.86
178098,25388.45
178097,35143.28
178096,22648.82
178095,9094.72
178094,13226.36
178093,24141.01
178092,20278.13
178091,25889.43
178090,45867.0
178089,27030.32
178088,18563.83
178087,22969.86
178086,25471.62
178085,21643.31
178084,38551.79
178083,44939.18
178082,11837.76
178081,9094.09
178080,14411.74
178079,12020.76
178078,19608.63
178077,27865.97
178076,19351.27
178075,898.58
178074,10453.18
178073,16674.25
178072,12794.34
178071,22372.1
178070,31636.42
178069,26586.8
178068,9070.92
178067,9551.71
178066,11726.86
178065,13913.44
178064,21660.58
178063,26229.24
178062,18832.99
178061,10390.06
178060,11092.17
178059,10923.3
178058,25663.67
178057,30609.99
178056,43481.98
178055,20703.41
178054,17293.32
178053,17233.69
178052,19003.13
178051,22663.06
178050,1861.78
178049,42601.31
178048,21049.15
178047,12542.58
178046,13855.36
178045,17342.11
178044,19973.16
178043,23791.93
178042,35537.97
178041,22062.54
178040,9734.23
178039,16094.83
178038,7878.98
178037,11719.05
178036,29832.3
178035,42011.86
178034,31296.01
178033,17236.09
178032,18515.41
178031,20115.29
178030,16270.49
178029,21260.76
178028,39448.36
178027,29981.56
178026,11551.4
178025,14207.09
178024,14249.07
178023,182.2
178022,23764.96
178021,29702.17
178020,22025.44
178019,26810.25
178018,12611.12
178017,14023.87
178016,17801.05
178015,25202.6
178014,26420.66
178013,23547.91
178012,12503.28
178011,22659.41
178010,25816.49
178009,20777.71
178008,27219.28
178007,30100.83
178006,26633.74
178005,18141.63
178004,18657.95
178003,20632.88
178002,23836.33
178001,32861.54
178000,33732.1
177999,20096.03
177998,11147.54
177997,10936.81
177996,11452.25
177995,11788.9
177994,18005.57
177993,21062.23
177992,18710.59
177991,12729.28
177990,6597.59
177989,13272.95
177988,13242.63
177987,12554.82
177986,19822.52
177985,11843.2
177984,15888.54
