42013,35129.18
42012,48121.27
42011,30455.32
42010,15182.43
42009,15843.24
42008,15398.97
42007,18892.28
42006,2381.23
42005,32745.48
42004,17462.24
42003,12312.4
42002,16795.48
42001,11696.72
42000,23125.13
41999,23832.96
41998,50461.72
41997,21407.34
41996,36982.31
41995,20754.11
41994,16343.21
41993,20201.73
41992,662.62
41991,5959.41
41990,15774.51
41989,15859.83
41988,13562.64
41987,13941.97
41986,17728.97
41985,29559.12
41984,52386.08
41983,36318.98
41982,17121.11
41981,18308.89
41980,18643.75
41979,28026.72
41978,31556.17
41977,58263.12
41976,22415.63
41975,18592.12
41974,18996.51
41973,23922.81
41972,42345.34
41971,56404.65
41970,90773.5
41969,47503.62
41968,11043.07
41967,22024.65
41966,24508.53
41965,20237.47
41964,39143.31
41963,62038.2
41962,36455.56
41961,17287.89
41960,18747.37
41959,12238.16
41958,15325.95
41957,34697.64
41956,58413.53
41955,29813.53
41954,28448.69
41953,19487.61
41952,21538.79
41951,44392.37
41950,58097.74
41949,87527.77
41948,57405.31
41947,38986.45
41946,43421.06
41945,55357.23
41944,32761.9
41943,48240.5
41942,82920.05
41941,58242.02
41940,23839.85
41939,25178.59
41938,40875.45
41937,41640.92
41936,57385.1
41935,86593.41
41934,46389.03
41933,30979.59
41932,34699.74
41931,41006.23
41930,38663.26
41929,67431.0
41928,76251.85
41927,21057.34
41926,23722.85
41925,23352.87
41924,25614.42
41923,36441.66
41922,50879.39
41921,31920.34
41920,14800.71
41919,17769.76
41918,32836.11
41917,27975.06
41916,42477.92
41915,68372.92
41914,48257.01
41913,110.47
41912,17589.19
41911,18230.45
41910,26813.26
41909,28708.25
41908,46047.11
41907,29199.83
41906,16678.45
41905,19204.12
41904,21578.58
41903,39508.21
41902,44515.68
41901,68298.94
41900,43004.46
41899,30473.57
41898,30720.34
41897,34039.37
41896,29480.28
41895,62.99
41894,74277.93
41893,45813.6
41892,21707.08
41891,24610.61
41890,34339.98
41889,36039.66
41888,53892.89
41887,73746.84
41886,42499.63
41885,20732.93
41884,19973.56
41883,24753.84
41882,24447.46
41881,50369.39
41880,60681.25
41879,50389.75
41878,33254.73
41877,29009.45
41876,31551.71
41875,27739.65
41874,42697.32
41873,69579.17
41872,44753.07
41871,17892.31
41870,23160.81
41869,20730.1
41868,83.55
41867,39401.87
41866,55380.72
41865,41490.58
41864,55699.19
41863,19299.42
41862,23021.01
41861,31001.35
41860,34112.67
41859,53129.87
41858,45040.82
41857,24228.1
41856,38590.17
41855,46373.72
41854,40523.86
41853,58784.27
41852,68104.26
41851,47174.86
41850,35778.92
41849,31622.72
41848,34816.37
41847,44943.86
41846,57983.86
41845,60384.46
41844,41976.04
41843,19018.82
41842,24797.24
41841,23482.54
41840,29605.2
41839,42495.19
41838,45404.86
41837,40552.57
41836,18504.31
41835,17641.06
41834,19867.74
41833,24756.18
41832,32573.29
41831,49286.55
41830,28488.25
41829,29721.63
