202108,16944.05
202107,29358.3
202106,33253.19
202105,11555.56
202104,9828.66
202103,11164.94
202102,14953.65
202101,878.44
202100,24669.85
202099,18020.95
202098,8204.18
202097,11842.38
202096,8082.12
202095,18611.73
202094,16196.59
202093,25899.76
202092,20961.11
202091,22205.93
202090,13246.53
202089,12085.46
202088,14175.81
202087,15030.66
202086,23087.11
202085,22618.39
202084,7833.71
202083,7136.81
202082,10639.35
202081,11703.4
202080,16627.38
202079,28222.87
202078,19525.06
202077,15700.18
202076,14227.48
202075,14383.45
202074,16397.67
202073,22433.73
202072,24930.89
202071,20196.68
202070,14796.09
202069,13460.46
202068,17583.95
202067,28363.85
202066,36170.56
202065,52521.17
202064,31871.74
202063,28246.76
202062,15965.07
202061,20422.69
202060,14045.86
202059,25886.38
202058,36504.05
202057,29962.55
202056,14461.96
202055,12392.0
202054,16308.35
202053,14646.73
202052,23818.06
202051,32173.79
202050,24082.89
202049,18744.76
202048,15658.76
202047,16290.87
202046,29716.63
202045,33292.75
202044,37527.4
202043,36325.16
202042,20076.39
202041,25916.99
202040,34342.87
202039,22968.05
202038,22870.05
202037,39686.24
202036,30110.88
202035,13721.31
202034,16987.27
202033,25255.59
202032,25168.1
202031,27510.06
202030,40930.22
202029,31204.13
202028,23287.91
202027,27647.96
202026,29244.5
202025,23910.92
202024,32612.59
202023,51265.5
202022,14649.65
202021,14301.69
202020,12999.69
202019,18484.74
202018,24438.96
202017,30692.47
202016,26990.6
202015,11222.94
202014,10173.85
202013,25217.03
202012,23097.29
202011,30483.68
202010,43514.51
202009,38905.89
202008,1180.32
202007,12777.2
202006,14820.62
202005,18983.13
202004,21023.44
202003,34643.36
202002,28415.34
202001,11915.19
202000,14430.5
201999,18722.21
201998,27404.29
201997,30794.46
201996,39534.33
201995,31499.33
201994,17695.76
201993,18815.13
201992,15916.4
201991,18064.55
201990,1242.13
201989,45249.63
201988,27623.21
201987,18344.24
201986,17767.49
201985,19127.92
201984,27656.38
201983,32298.75
201982,56921.67
201981,39872.43
201980,17664.83
201979,17683.21
201978,17161.47
201977,16341.49
201976,33263.28
201975,38259.34
201974,32649.15
201973,18514.17
201972,22542.87
201971,19655.53
201970,24382.05
201969,30696.1
201968,43289.0
201967,33180.97
201966,15138.56
201965,14311.28
201964,13978.41
201963,149.65
201962,25264.42
201961,33867.57
201960,25720.46
201959,32286.55
201958,13550.59
201957,12551.08
201956,23603.63
201955,26925.16
201954,30301.41
201953,29006.08
201952,16040.36
201951,23349.2
201950,22858.49
201949,23552.36
201948,29887.66
201947,37437.25
201946,37279.63
201945,21228.34
201944,24508.54
201943,25397.73
201942,28475.09
201941,36169.08
201940,56483.15
201939,39121.32
201938,25038.82
201937,16591.85
201936,17198.26
201935,19112.75
201934,28995.71
201933,30367.63
201932,34542.33
201931,16272.23
201930,12054.98
201929,15509.26
201928,23321.28
201927,24235.36
201926,29497.07
201925,24924.85
201924,18701.37
