183331,22860.07
183330,38790.42
183329,36573.44
183328,16874.65
183327,17167.54
183326,18140.72
183325,16271.64
183324,1262.0
183323,31707.96
183322,25325.91
183321,15959.31
183320,17487.2
183319,14684.7
183318,19589.79
183317,23051.48
183316,33222.36
183315,27974.35
183314,28953.68
183313,20325.37
183312,23145.56
183311,17986.25
183310,20316.49
183309,47287.62
183308,27897.94
183307,13665.44
183306,11440.33
183305,13394.12
183304,15850.63
183303,29326.62
183302,41607.92
183301,25740.48
183300,18143.67
183299,15657.9
183298,17481.26
183297,21264.49
183296,25642.96
183295,33116.17
183294,32498.22
183293,17914.68
183292,22766.69
183291,26935.39
183290,36094.34
183289,46920.83
183288,69496.69
183287,43769.29
183286,35323.6
183285,22914.86
183284,26935.96
183283,21615.34
183282,30873.31
183281,43177.19
183280,34983.08
183279,17136.21
183278,15636.8
183277,18168.43
183276,17343.07
183275,29567.47
183274,42723.14
183273,31401.39
183272,25399.04
183271,20004.27
183270,22760.49
183269,38944.25
183268,40976.34
183267,59891.54
183266,45486.35
183265,23173.86
183264,25616.11
183263,43149.25
183262,30441.72
183261,31114.74
183260,50410.25
183259,39511.25
183258,19756.51
183257,20972.76
183256,35893.52
183255,34866.38
183254,32884.38
183253,54459.0
183252,40954.44
183251,25438.45
183250,24772.25
183249,35002.21
183248,27936.18
183247,42984.0
183246,61628.03
183245,-129.99
183244,17651.55
183243,19996.66
183242,20495.46
183241,22742.65
183240,31017.25
183239,35818.14
183238,33606.7
183237,994.26
183236,17120.55
183235,29439.34
183234,29758.45
183233,36212.13
183232,56300.96
183231,47249.06
183230,16283.61
183229,995.67
183228,242.1
183227,69.02
183226,29805.18
183225,39036.78
183224,31058.6
183223,584.09
183222,22156.68
183221,17502.78
183220,27878.0
183219,32163.9
183218,50944.25
183217,35712.93
183216,21041.29
183215,23938.23
183214,27652.26
183213,27390.06
183212,38468.13
183211,59951.17
183210,42416.18
183209,25341.36
183208,29659.04
183207,29873.21
183206,40946.96
183205,56405.08
183204,80378.92
183203,40634.02
183202,22071.23
183201,23488.78
183200,25937.49
183199,19452.72
183198,37963.46
183197,50612.2
183196,38105.2
183195,24430.98
183194,20267.5
183193,27967.99
183192,24646.05
183191,36049.0
183190,48815.96
183189,46779.33
183188,23952.56
183187,20375.73
183186,23257.3
183185,30925.74
183184,34900.5
183183,48374.71
183182,40947.5
183181,40440.03
183180,17461.27
183179,22630.17
183178,27534.14
183177,32170.72
183176,44605.16
183175,34066.86
183174,17785.4
183173,29112.34
183172,25554.27
183171,30326.25
183170,36264.5
183169,52140.34
183168,36587.15
183167,24483.14
183166,22119.21
183165,25812.52
183164,34919.05
183163,40875.57
183162,58980.39
183161,45011.89
183160,20435.47
183159,15741.75
183158,13541.72
183157,21953.34
183156,30598.87
183155,38184.28
183154,35333.25
183153,17532.31
183152,13890.1
183151,17338.08
183150,24790.85
183149,28181.65
183148,34142.12
183147,28067.73
183146,24065.48
