199232,18225.75
199231,27230.37
199230,26439.35
199229,9776.96
199228,10537.23
199227,9326.83
199226,12063.08
199225,665.14
199224,21932.98
199223,10588.18
199222,7143.79
199221,8049.47
199220,8567.39
199219,17545.46
199218,18058.11
199217,24012.92
199216,16416.2
199215,16224.22
199214,13812.2
199213,11814.99
199212,15418.47
199211,17282.97
199210,27307.24
199209,22856.53
199208,11419.85
199207,8833.2
199206,8975.3
199205,9860.66
199204,20137.43
199203,24081.54
199202,20691.29
199201,12358.81
199200,7317.98
199199,10155.39
199198,11644.61
199197,16541.39
199196,26403.93
199195,16343.69
199194,8172.55
199193,9423.42
199192,14462.86
199191,28232.3
199190,29799.73
199189,43474.66
199188,23177.56
199187,21502.3
199186,15254.02
199185,18821.4
199184,13824.51
199183,20436.9
199182,33311.36
199181,23336.19
199180,11215.23
199179,11967.39
199178,14870.32
199177,10836.31
199176,21066.81
199175,25626.96
199174,18851.43
199173,14656.26
199172,12121.24
199171,9618.35
199170,26366.95
199169,24793.74
199168,39529.07
199167,32363.8
199166,22364.17
199165,24174.14
199164,29309.3
199163,18906.67
199162,22275.09
199161,33318.41
199160,26810.6
199159,12038.66
199158,11161.61
199157,21649.03
199156,20807.34
199155,24597.18
199154,39801.91
199153,31910.67
199152,17664.15
199151,23362.29
199150,19998.93
199149,21301.67
199148,32883.37
199147,44768.24
199146,12488.99
199145,11174.93
199144,12452.43
199143,12610.08
199142,20015.08
199141,27128.21
199140,20793.8
199139,1034.15
199138,9023.03
199137,16577.05
199136,16024.65
199135,22286.67
199134,33685.08
199133,27431.22
199132,12351.26
199131,685.9
199130,250.49
199129,117.85
199128,19093.38
199127,26550.19
199126,26602.17
199125,953.55
199124,14218.13
199123,14777.84
199122,28400.62
199121,28631.32
199120,36718.46
199119,30962.59
199118,18040.69
199117,14939.06
199116,19383.78
199115,19612.13
199114,29303.69
199113,35890.32
199112,25332.19
199111,14113.03
199110,15128.73
199109,20771.84
199108,23909.14
199107,30854.63
199106,40867.57
199105,25768.03
199104,13050.89
199103,13312.89
199102,13706.47
199101,12543.69
199100,31145.97
199099,35033.67
199098,24729.47
199097,15722.6
199096,18678.12
199095,21353.59
199094,23371.2
199093,26591.22
199092,32063.86
199091,27788.76
199090,14528.83
199089,20765.96
199088,15377.84
199087,23474.61
199086,23879.69
199085,29980.19
199084,18916.54
199083,25818.2
199082,15938.75
199081,16613.33
199080,17409.34
199079,24406.9
199078,28606.93
199077,21532.31
199076,13303.32
199075,25203.38
199074,27095.1
199073,24163.81
199072,32839.75
199071,38049.11
199070,26272.73
199069,20166.83
199068,19812.38
199067,19800.19
199066,22605.84
199065,32432.27
199064,38742.33
199063,21515.77
199062,13409.26
199061,14651.75
199060,16338.85
199059,21369.72
199058,27345.15
199057,20052.11
199056,26105.71
199055,14507.37
199054,10866.4
199053,17010.24
199052,18510.68
199051,21184.6
199050,21206.21
199049,12161.88
199048,9534.46
