144240,29958.39
144239,38893.47
144238,16706.22
144237,11795.55
144236,12864.12
144235,13051.46
144234,14047.22
144233,360.63
144232,31121.97
144231,28394.7
144230,10870.83
144229,10099.68
144228,10692.18
144227,19305.48
144226,24786.45
144225,36993.46
144224,31397.21
144223,32019.76
144222,15366.8
144221,16897.06
144220,19945.49
144219,18546.07
144218,37037.19
144217,32302.95
144216,13255.0
144215,11597.28
144214,14805.69
144213,17249.42
144212,23995.14
144211,41121.84
144210,22509.85
144209,17558.32
144208,13526.06
144207,16685.61
144206,20475.16
144205,27241.47
144204,38167.56
144203,24525.35
144202,17543.72
144201,15071.08
144200,18747.52
144199,33010.0
144198,43094.61
144197,64563.81
144196,44982.25
144195,40740.13
144194,21149.8
144193,27905.43
144192,18876.1
144191,35582.05
144190,55923.56
144189,42638.49
144188,17442.29
144187,14517.23
144186,16702.57
144185,18272.18
144184,25159.02
144183,48232.63
144182,30754.33
144181,27856.29
144180,18149.13
144179,18723.79
144178,38901.45
144177,49460.0
144176,67643.49
144175,52777.13
144174,33332.82
144173,30270.53
144172,39619.2
144171,30583.68
144170,33380.42
144169,57951.42
144168,39040.08
144167,19170.64
144166,22652.64
144165,35339.98
144164,27851.45
144163,35808.48
144162,58470.51
144161,43806.08
144160,32323.63
144159,33909.8
144158,41326.88
144157,32561.6
144156,41237.36
144155,59729.36
144154,23012.58
144153,18857.72
144152,21892.92
144151,27540.62
144150,33542.06
144149,49596.03
144148,44948.44
144147,24331.35
144146,22915.96
144145,37061.11
144144,40662.38
144143,53061.22
144142,72797.27
144141,54944.16
144140,761.06
144139,20337.39
144138,22308.03
144137,23734.39
144136,31087.43
144135,48474.02
144134,42620.99
144133,25395.67
144132,29080.27
144131,24203.1
144130,45898.05
144129,46370.03
144128,72647.58
144127,52376.75
144126,23809.47
144125,24956.06
144124,29005.88
144123,29138.96
144122,701.9
144121,64788.44
144120,41114.73
144119,23137.07
144118,28353.06
144117,24486.77
144116,40119.78
144115,49987.73
144114,71703.05
144113,56696.03
144112,21268.42
144111,25814.08
144110,25688.41
144109,28271.38
144108,47888.23
144107,56266.01
144106,51126.8
144105,31614.59
144104,31394.97
144103,31820.26
144102,28946.55
144101,40943.33
144100,59503.12
144099,54079.62
144098,19689.28
144097,22304.04
144096,22966.04
144095,266.95
144094,36837.67
144093,46373.86
144092,45017.53
144091,50042.88
144090,19483.78
144089,23398.34
144088,28534.02
144087,38165.53
144086,50912.05
144085,49389.97
144084,26110.01
144083,35628.99
144082,37475.54
144081,33680.41
144080,45853.49
144079,57214.39
144078,49264.38
144077,27352.98
144076,29485.44
144075,30548.36
144074,37841.75
144073,47037.53
144072,60570.98
144071,51137.38
144070,24884.92
144069,24653.09
144068,25830.07
144067,23480.77
144066,36083.53
144065,41904.31
144064,47028.16
144063,27171.68
144062,17468.23
144061,27401.36
144060,33433.77
144059,38660.13
144058,42025.91
144057,35064.57
144056,23904.78
