147120,39673.75
147119,48731.54
147118,37428.31
147117,13710.11
147116,14880.18
147115,15925.94
147114,14432.25
147113,842.71
147112,34383.84
147111,24651.7
147110,11734.38
147109,12656.46
147108,12681.71
147107,23284.11
147106,28531.85
147105,45773.01
147104,27173.43
147103,28801.14
147102,17524.69
147101,8041.01
147100,17599.89
147099,619.11
147098,15130.99
147097,21826.49
147096,10586.41
147095,15229.03
147094,14923.71
147093,18150.46
147092,25782.63
147091,46732.18
147090,28245.47
147089,14700.28
147088,10605.22
147087,18433.7
147086,19253.51
147085,24766.68
147084,46144.83
147083,23035.6
147082,13599.82
147081,16459.04
147080,20293.55
147079,43656.15
147078,54532.14
147077,76942.4
147076,21564.11
147075,30645.5
147074,19731.23
147073,24318.69
147072,21116.56
147071,34429.06
147070,63616.61
147069,36680.94
147068,19594.15
147067,16459.8
147066,15345.11
147065,18633.36
147064,31023.01
147063,63412.61
147062,32816.32
147061,33291.63
147060,18281.66
147059,21871.49
147058,36748.81
147057,44532.27
147056,78190.26
147055,47794.82
147054,30896.94
147053,34268.67
147052,41561.59
147051,23493.54
147050,36704.34
147049,75837.49
147048,55654.21
147047,18737.22
147046,22479.98
147045,38770.55
147044,31926.67
147043,43105.95
147042,74267.79
147041,46421.25
147040,27386.79
147039,35997.34
147038,36580.88
147037,36595.27
147036,68657.86
147035,75284.35
147034,20466.07
147033,21225.14
147032,18904.84
147031,23513.51
147030,36296.22
147029,43513.42
147028,31943.54
147027,581.61
147026,19608.57
147025,27236.47
147024,28069.31
147023,41885.37
147022,64109.97
147021,40074.01
147020,13902.92
147019,17904.64
147018,17964.42
147017,19861.45
147016,31055.81
147015,42720.33
147014,34529.17
147013,19684.77
147012,19673.5
147011,21831.73
147010,33804.17
147009,43468.65
147008,59577.99
147007,39100.64
147006,22738.91
147005,27861.89
147004,28407.59
147003,33379.13
147002,725.84
147001,75622.31
147000,46042.0
146999,23489.95
146998,26373.96
146997,32768.36
146996,36838.32
146995,47903.3
146994,71437.22
146993,44298.54
146992,17698.5
146991,19850.63
146990,22645.87
146989,24619.61
146988,42210.65
146987,59781.63
146986,40354.97
146985,25562.61
146984,24945.95
146983,29592.64
146982,32593.75
146981,40111.14
146980,62712.93
146979,49101.72
146978,27246.4
146977,22297.05
146976,28763.95
146975,462.89
146974,49089.46
146973,60970.63
146972,42438.7
146971,53499.85
146970,22816.27
146969,27573.31
146968,27786.86
146967,41013.57
146966,56755.09
146965,38656.81
146964,26622.63
146963,33174.63
146962,38472.2
146961,37400.61
146960,41176.06
146959,56925.13
146958,42995.52
146957,27427.62
146956,29787.97
146955,30401.34
146954,36808.39
146953,52935.58
146952,54706.12
146951,36579.99
146950,19248.08
146949,19730.87
146948,24817.99
146947,24971.49
146946,41478.34
146945,39156.67
146944,42396.57
146943,19479.69
146942,11041.55
146941,18281.52
146940,31727.13
146939,32258.84
146938,36745.72
146937,29492.94
146936,24324.77
