140033,28878.39
140032,51235.27
140031,45089.67
140030,21799.19
140029,22842.54
140028,17714.51
140027,25786.45
140026,3802.96
140025,40968.07
140024,30120.14
140023,20147.52
140022,16303.83
140021,18367.31
140020,23897.6
140019,32001.17
140018,42582.85
140017,32499.09
140016,33289.47
140015,18897.93
140014,17700.89
140013,20614.54
140012,19428.18
140011,41875.86
140010,36319.06
140009,16932.19
140008,13239.91
140007,15843.62
140006,17763.0
140005,23896.83
140004,37257.3
140003,29278.39
140002,22488.32
140001,22047.7
140000,20528.93
139999,20118.33
139998,27438.3
139997,41870.42
139996,24956.31
139995,23304.32
139994,20655.63
139993,21575.84
139992,37110.22
139991,23340.82
139990,70230.9
139989,44143.65
139988,43290.78
139987,27226.62
139986,25570.32
139985,20973.25
139984,33164.87
139983,49697.09
139982,37846.64
139981,22084.24
139980,22767.69
139979,23070.21
139978,20949.31
139977,26907.9
139976,47156.87
139975,30219.67
139974,29536.84
139973,21272.15
139972,22709.81
139971,34707.39
139970,37469.16
139969,54831.15
139968,46533.4
139967,32947.05
139966,34351.18
139965,37336.9
139964,25295.51
139963,27861.2
139962,54059.3
139961,38027.24
139960,23561.96
139959,28134.28
139958,34012.42
139957,33585.93
139956,39006.06
139955,55883.52
139954,54627.41
139953,32368.42
139952,35815.48
139951,36293.65
139950,32650.63
139949,51137.86
139948,64596.81
139947,25745.39
139946,26829.17
139945,24990.36
139944,34099.71
139943,31664.36
139942,44082.93
139941,34953.62
139940,21575.27
139939,26740.63
139938,39101.98
139937,33899.15
139936,40274.26
139935,60704.98
139934,54455.64
139933,2041.37
139932,21588.88
139931,24179.33
139930,24990.87
139929,29964.88
139928,43880.94
139927,40187.37
139926,23862.45
139925,23295.41
139924,23509.42
139923,35770.81
139922,45136.24
139921,57856.84
139920,45362.43
139919,29675.2
139918,27849.32
139917,29687.36
139916,31275.36
139915,1286.84
139914,61369.71
139913,42446.71
139912,27218.32
139911,29996.38
139910,30344.45
139909,34424.67
139908,47925.3
139907,67480.05
139906,48558.29
139905,24407.64
139904,26035.24
139903,27274.14
139902,22908.74
139901,50367.09
139900,55206.13
139899,53799.96
139898,35469.4
139897,32557.79
139896,39774.94
139895,31792.06
139894,46745.23
139893,55529.4
139892,52045.63
139891,22274.75
139890,20441.73
139889,23226.38
139888,636.5
139887,39069.73
139886,55802.67
139885,44660.08
139884,58110.46
139883,28871.26
139882,29823.5
139881,33665.55
139880,39618.14
139879,56556.69
139878,50681.2
139877,30130.68
139876,39794.56
139875,39424.9
139874,37600.39
139873,39260.83
139872,58715.75
139871,52950.84
139870,28834.35
139869,32223.39
139868,36936.67
139867,34263.71
139866,45549.28
139865,61453.92
139864,46792.08
139863,26764.07
139862,27452.5
139861,27136.71
139860,29287.79
139859,43988.02
139858,46629.3
139857,56118.67
139856,23564.48
139855,22425.5
139854,26311.72
139853,27836.77
139852,33604.81
139851,44632.17
139850,40458.94
139849,25230.97
