30506,29798.15
30505,65178.18
30504,51830.72
30503,13853.51
30502,17846.32
30501,15949.9
30500,17838.16
30499,391.61
30498,42596.19
30497,11098.16
30496,12328.56
30495,6855.85
30494,16177.42
30493,29634.7
30492,38099.85
30491,52474.1
30490,25522.55
30489,31576.77
30488,21062.85
30487,18050.63
30486,25529.03
30485,23242.36
30484,52742.03
30483,34036.25
30482,15623.0
30481,14262.67
30480,15075.81
30479,14458.13
30478,32793.09
30477,50790.34
30476,30059.7
30475,17078.58
30474,19664.87
30473,22421.25
30472,24511.82
30471,35479.16
30470,58255.27
30469,28532.53
30468,13776.13
30467,19114.77
30466,18059.16
30465,47463.95
30464,58447.41
30463,86963.26
30462,50110.65
30461,46478.78
30460,25388.53
30459,34167.74
30458,25633.62
30457,48133.22
30456,73779.97
30455,50084.27
30454,20261.34
30453,20814.59
30452,19569.29
30451,13082.4
30450,32340.69
30449,65636.42
30448,31213.9
30447,26784.75
30446,17766.85
30445,18873.08
30444,51728.4
30443,60769.86
30442,101855.15
30441,71534.33
30440,40985.46
30439,57156.01
30438,70279.32
30437,29169.27
30436,51556.52
30435,73394.6
30434,51682.63
30433,24904.47
30432,23403.21
30431,32348.64
30430,37611.0
30429,63089.23
30428,98655.03
30427,56177.5
30426,44005.25
30425,47541.02
30424,60960.34
30423,42076.5
30422,75805.09
30421,84355.68
30420,21061.96
30419,22004.82
30418,22426.39
30417,28262.5
30416,34013.53
30415,50515.18
30414,37037.85
30413,759.79
30412,19080.68
30411,38987.18
30410,32725.4
30409,46729.77
30408,65817.73
30407,53254.63
30406,17639.38
30405,18725.34
30404,22328.5
30403,25788.2
30402,32466.65
30401,47613.67
30400,40084.19
30399,22104.52
30398,18491.37
30397,20853.55
30396,58162.94
30395,72649.57
30394,81759.69
30393,52732.42
30392,33725.37
30391,36752.34
30390,37876.81
30389,39138.86
30388,716.96
30387,91049.88
30386,43002.11
30385,25463.98
30384,28637.82
30383,28042.58
30382,43733.23
30381,54581.9
30380,82130.99
30379,41764.04
30378,18490.12
30377,20291.35
30376,23618.54
30375,21565.55
30374,58173.37
30373,85611.75
30372,58993.02
30371,34152.53
30370,33662.52
30369,38835.17
30368,32416.49
30367,46912.42
30366,82572.36
30365,53608.31
30364,19716.33
30363,23830.77
30362,29490.03
30361,116.03
30360,61443.84
30359,68191.82
30358,53439.7
30357,55124.0
30356,26473.24
30355,35328.88
30354,39626.02
30353,43812.36
30352,58446.73
30351,45836.49
30350,24680.94
30349,51444.73
30348,53882.77
30347,45418.82
30346,59034.42
30345,65391.17
30344,52184.02
30343,41845.79
30342,36318.2
30341,41581.54
30340,46614.06
30339,58434.51
30338,60562.72
30337,41186.53
30336,20836.42
30335,33917.76
30334,31255.08
30333,33576.07
30332,51712.75
30331,47798.3
30330,44839.92
30329,20796.28
30328,19984.34
30327,22714.11
30326,29496.1
30325,38436.66
30324,36208.41
30323,22436.23
30322,25563.68
