24546,26553.98
24545,43075.61
24544,24727.5
24543,13034.91
24542,10028.74
24541,12473.53
24540,14133.57
24539,1603.47
24538,26278.38
24537,12564.56
24536,11471.62
24535,9424.91
24534,11684.25
24533,17676.45
24532,20812.27
24531,36185.9
24530,17196.56
24529,22750.43
24528,15382.57
24527,17630.83
24526,19110.77
24525,280.81
24524,106.7
24523,9377.36
24522,8101.82
24521,9584.47
24520,14405.83
24519,10855.59
24518,22797.25
24517,43135.05
24516,23129.87
24515,15139.64
24514,11927.83
24513,11469.06
24512,14290.27
24511,18642.27
24510,34246.24
24509,19150.2
24508,9599.83
24507,14327.45
24506,15838.11
24505,30863.82
24504,39624.39
24503,63924.78
24502,34267.11
24501,1204.0
24500,12835.1
24499,23532.84
24498,18386.35
24497,27515.54
24496,46089.74
24495,25677.34
24494,13101.04
24493,15022.88
24492,13233.2
24491,14652.53
24490,24832.02
24489,51503.79
24488,22373.15
24487,21619.38
24486,15355.01
24485,18286.24
24484,31752.24
24483,41155.35
24482,67761.76
24481,40759.15
24480,28001.43
24479,32732.57
24478,41086.72
24477,27552.67
24476,37651.43
24475,55834.11
24474,34643.32
24473,14914.38
24472,16449.09
24471,36165.99
24470,32396.09
24469,42101.15
24468,63081.08
24467,33747.35
24466,24736.75
24465,28791.33
24464,33070.76
24463,30256.47
24462,47062.65
24461,64416.14
24460,21611.33
24459,19161.42
24458,16068.47
24457,22365.71
24456,28773.78
24455,38534.1
24454,22556.84
24453,12174.32
24452,14745.87
24451,27825.16
24450,24403.69
24449,31326.94
24448,46137.08
24447,35109.88
24446,1055.45
24445,15141.63
24444,13392.88
24443,20437.55
24442,25864.6
24441,33093.53
24440,25889.6
24439,10676.68
24438,14652.58
24437,17452.42
24436,32713.69
24435,36439.93
24434,51168.87
24433,31177.3
24432,22479.31
24431,21201.55
24430,19843.71
24429,23672.95
24428,1149.29
24427,52959.09
24426,29840.96
24425,21661.53
24424,23987.65
24423,20944.46
24422,28831.94
24421,39993.07
24420,56710.89
24419,30635.7
24418,12018.97
24417,14542.3
24416,16439.32
24415,19090.34
24414,46489.58
24413,41247.49
24412,34151.59
24411,20564.79
24410,24349.01
24409,23797.14
24408,21880.78
24407,30192.29
24406,44096.9
24405,31055.8
24404,14382.04
24403,20655.58
24402,15953.9
24401,27.41
24400,35432.24
24399,39933.18
24398,31232.95
24397,39327.29
24396,18924.1
24395,19517.72
24394,22964.38
24393,34122.45
24392,39399.62
24391,26647.27
24390,18838.75
24389,31498.36
24388,24919.81
24387,27432.12
24386,36054.01
24385,48128.02
24384,26599.87
24383,24269.24
24382,23169.66
24381,26335.94
24380,27389.3
24379,40102.75
24378,41880.47
24377,24340.99
24376,13168.05
24375,14483.22
24374,16405.65
24373,13821.18
24372,29480.02
24371,28848.98
24370,27778.1
24369,11510.57
24368,12196.14
24367,16820.07
24366,20277.2
24365,23408.64
24364,26202.22
24363,21732.35
24362,22735.49
