56017,25856.73
56016,43470.39
56015,31865.3
56014,9207.66
56013,7451.03
56012,9475.52
56011,10563.45
56010,344.97
56009,22882.34
56008,22462.26
56007,7300.14
56006,7693.89
56005,8796.4
56004,18024.76
56003,23084.51
56002,32947.89
56001,22923.73
56000,22191.82
55999,13019.15
55998,13350.21
55997,11423.44
55996,15834.64
55995,31420.48
55994,25016.09
55993,10536.86
55992,7729.4
55991,11228.41
55990,10956.71
55989,18536.18
55988,31706.56
55987,20632.77
55986,10479.55
55985,10995.18
55984,15588.71
55983,14305.78
55982,19408.62
55981,31447.31
55980,17896.83
55979,10359.06
55978,14385.69
55977,15040.43
55976,35893.21
55975,36852.87
55974,65263.7
55973,32551.2
55972,29078.09
55971,16377.54
55970,18847.23
55969,17140.77
55968,26615.58
55967,45803.96
55966,33099.73
55965,13180.5
55964,12247.5
55963,11114.63
55962,15811.06
55961,19521.03
55960,40302.18
55959,22525.15
55958,17566.19
55957,15251.65
55956,14173.42
55955,29514.04
55954,34050.48
55953,59679.2
55952,43945.25
55951,23317.63
55950,20900.46
55949,36501.22
55948,20584.48
55947,28019.33
55946,52022.73
55945,37641.19
55944,16583.15
55943,19814.35
55942,27158.03
55941,23565.01
55940,37309.18
55939,45536.03
55938,29210.88
55937,18443.44
55936,23254.53
55935,29406.02
55934,27710.26
55933,54907.32
55932,69248.54
55931,14110.68
55930,11393.68
55929,9073.03
55928,13590.83
55927,26390.51
55926,38346.43
55925,24820.98
55924,683.68
55923,12065.58
55922,22923.0
55921,27957.53
55920,36308.05
55919,48933.86
55918,42144.85
55917,11344.68
55916,10042.37
55915,11987.39
55914,16636.61
55913,21957.37
55912,35375.63
55911,21600.52
55910,13563.91
55909,12778.8
55908,15353.24
55907,28705.25
55906,31900.5
55905,41239.49
55904,33403.81
55903,17654.88
55902,16343.48
55901,20792.85
55900,19835.58
55899,1021.73
55898,58065.84
55897,31444.75
55896,16796.07
55895,22469.52
55894,20643.57
55893,34438.99
55892,45158.61
55891,70636.34
55890,39745.7
55889,17520.16
55888,15973.8
55887,17444.53
55886,22302.55
55885,37653.81
55884,55866.22
55883,37093.2
55882,21875.33
55881,21156.87
55880,24492.86
55879,23289.14
55878,29892.56
55877,57396.34
55876,38201.98
55875,15357.22
55874,17862.28
55873,17509.14
55872,220.76
55871,34244.9
55870,51388.89
55869,37769.04
55868,39977.17
55867,15491.66
55866,19466.75
55865,15979.43
55864,26659.56
55863,44707.16
55862,30488.67
55861,16118.41
55860,28916.42
55859,26978.89
55858,27975.84
55857,33976.85
55856,48728.74
55855,35465.92
55854,20590.79
55853,25774.53
55852,24625.9
55851,31776.76
55850,44809.53
55849,62657.03
55848,39940.7
55847,14275.5
55846,17956.18
55845,19116.3
55844,23192.98
55843,27703.23
55842,39215.92
55841,38985.28
55840,16524.71
55839,14516.46
55838,19299.3
55837,20307.22
55836,29900.3
55835,40361.75
55834,19970.62
55833,22328.46
