77356,32654.57
77355,67041.05
77354,61325.11
77353,22698.36
77352,19136.22
77351,25875.79
77350,23484.42
77349,1864.09
77348,55055.58
77347,35967.69
77346,18006.43
77345,22986.02
77344,19496.95
77343,43452.48
77342,43083.01
77341,62688.52
77340,54188.05
77339,47129.76
77338,31450.65
77337,39134.95
77336,39382.1
77335,42776.4
77334,646.87
77333,20080.3
77332,18467.85
77331,19315.22
77330,21269.07
77329,22240.94
77328,41180.58
77327,69064.99
77326,49530.11
77325,21524.14
77324,18281.62
77323,22529.41
77322,30408.89
77321,29244.99
77320,54661.27
77319,38282.41
77318,25193.93
77317,21108.93
77316,26379.13
77315,49258.37
77314,53940.53
77313,95336.56
77312,58591.15
77311,43468.91
77310,24067.99
77309,41699.43
77308,25964.17
77307,42803.92
77306,75048.12
77305,61068.33
77304,24003.93
77303,21888.72
77302,24754.42
77301,25106.43
77300,34906.27
77299,60111.08
77298,45027.1
77297,36481.31
77296,29705.21
77295,23355.12
77294,58530.94
77293,63841.16
77292,115654.48
77291,97782.87
77290,50699.54
77289,70692.31
77288,94780.44
77287,44347.66
77286,60094.19
77285,86383.05
77284,68761.96
77283,22129.59
77282,30445.74
77281,68082.72
77280,57557.05
77279,69274.24
77278,111037.04
77277,89117.9
77276,46439.95
77275,54870.12
77274,72340.55
77273,43086.46
77272,87167.87
77271,107096.39
77270,-49.68
77269,32975.09
77268,31610.2
77267,32890.31
77266,37881.63
77265,39161.04
77264,66897.07
77263,48011.27
77262,1504.66
77261,22867.84
77260,40002.02
77259,34958.29
77258,50654.3
77257,77268.19
77256,77317.73
77255,22925.9
77254,2439.29
77253,1627.96
77252,191.14
77251,39832.76
77250,58274.28
77249,54464.47
77248,2624.62
77247,33345.21
77246,33730.41
77245,71612.95
77244,85639.42
77243,108380.47
77242,98142.35
77241,48274.25
77240,48495.45
77239,55195.56
77238,52092.54
77237,68585.1
77236,111084.77
77235,54627.97
77234,28990.82
77233,37576.9
77232,43339.43
77231,64932.43
77230,67888.33
77229,113561.98
77228,73405.27
77227,25049.34
77226,36446.16
77225,37141.01
77224,35443.41
77223,77971.01
77222,101193.5
77221,83112.8
77220,51096.05
77219,47159.18
77218,60990.38
77217,50855.44
77216,63807.84
77215,100579.01
77214,95646.96
77213,39153.36
77212,32857.37
77211,48537.6
77210,56272.12
77209,85744.21
77208,93364.54
77207,77623.9
77206,99006.17
77205,45530.13
77204,39458.39
77203,48693.21
77202,50282.94
77201,78840.41
77200,71609.36
77199,34853.05
77198,66765.38
77197,58450.16
77196,62151.96
77195,64808.87
77194,102375.79
77193,91876.71
77192,52774.41
77191,53484.45
77190,58444.16
77189,64380.18
77188,82442.2
77187,113121.95
77186,77883.97
77185,37171.0
77184,45404.14
77183,38202.39
77182,43100.88
77181,61754.02
77180,61468.66
77179,76023.11
77178,37271.48
77177,27525.87
77176,36612.36
77175,45432.83
77174,52703.98
77173,59883.19
77172,45539.62
77171,47308.3
