34737,32812.4
34736,55030.09
34735,36436.33
34734,12680.48
34733,19015.31
34732,14348.85
34731,16960.86
34730,310.12
34729,39465.49
34728,29882.14
34727,13551.04
34726,12384.93
34725,18161.6
34724,24837.04
34723,24602.41
34722,54892.63
34721,25312.14
34720,35916.87
34719,20651.61
34718,22903.38
34717,22182.81
34716,2390.95
34715,17782.42
34714,29929.97
34713,15341.15
34712,18478.41
34711,21341.28
34710,19020.72
34709,34540.18
34708,55512.02
34707,32065.07
34706,18077.21
34705,21163.5
34704,18010.54
34703,27706.23
34702,28724.68
34701,51928.78
34700,27628.53
34699,15775.67
34698,18591.45
34697,22447.26
34696,49439.64
34695,56016.17
34694,93088.84
34693,55379.93
34692,25130.16
34691,20572.2
34690,30450.67
34689,20438.92
34688,39274.04
34687,63225.84
34686,40233.9
34685,14950.42
34684,17707.61
34683,16872.03
34682,15813.14
34681,31208.87
34680,61754.64
34679,30427.88
34678,24900.29
34677,20093.59
34676,22046.57
34675,44740.08
34674,53641.58
34673,84432.68
34672,63374.37
34671,34488.53
34670,41821.78
34669,52998.74
34668,33147.93
34667,40740.96
34666,70245.82
34665,62526.87
34664,23759.22
34663,25455.24
34662,41155.63
34661,40078.64
34660,52029.72
34659,84518.16
34658,51187.71
34657,33466.75
34656,38784.58
34655,41345.05
34654,33111.35
34653,70330.62
34652,86821.84
34651,29859.48
34650,20454.45
34649,28544.57
34648,29015.85
34647,28965.82
34646,56774.39
34645,38782.24
34644,467.93
34643,21471.44
34642,28763.0
34641,30462.21
34640,41091.1
34639,72009.08
34638,55842.82
34637,13488.57
34636,843.8
34635,487.02
34634,152.7
34633,24465.0
34632,44282.33
34631,37864.06
34630,758.61
34629,18774.19
34628,19397.96
34627,40202.85
34626,47505.21
34625,75882.12
34624,50615.21
34623,31889.89
34622,31940.09
34621,33554.71
34620,37974.19
34619,42314.2
34618,75276.39
34617,46381.67
34616,23474.28
34615,27435.78
34614,31472.76
34613,43365.41
34612,55156.82
34611,91008.51
34610,50321.37
34609,22082.44
34608,25415.52
34607,20927.76
34606,25965.52
34605,58461.22
34604,74151.68
34603,55102.86
34602,29358.36
34601,28701.83
34600,33063.98
34599,26500.18
34598,45601.12
34597,81682.27
34596,58946.15
34595,22582.12
34594,22257.45
34593,27563.72
34592,34891.94
34591,47172.95
34590,58187.96
34589,53252.44
34588,57598.32
34587,20868.49
34586,22777.65
34585,29001.17
34584,37527.34
34583,59459.04
34582,55831.83
34581,22177.46
34580,43229.46
34579,38629.46
34578,43260.36
34577,47391.32
34576,71716.31
34575,58838.24
34574,29273.41
34573,36442.16
34572,34385.17
34571,44830.96
34570,54739.22
34569,76411.43
34568,52118.74
34567,22499.36
34566,24479.02
34565,23857.12
34564,28088.58
34563,42502.77
34562,49526.42
34561,52858.31
34560,19902.12
34559,11941.34
34558,24475.98
34557,29616.67
34556,33165.42
34555,46532.69
34554,42627.04
34553,36244.3
