108019,27147.52
108018,42067.02
108017,33525.96
108016,12420.96
108015,13814.08
108014,14294.6
108013,13770.79
108012,686.81
108011,28119.73
108010,20364.12
108009,9602.2
108008,9457.38
108007,11993.73
108006,18248.74
108005,21957.76
108004,27031.97
108003,27174.3
108002,21645.76
108001,15260.17
108000,15581.58
107999,17271.7
107998,17075.32
107997,29142.84
107996,23499.31
107995,10467.77
107994,10423.36
107993,12837.57
107992,9524.8
107991,22881.35
107990,33183.66
107989,26914.52
107988,14948.96
107987,16529.34
107986,18473.2
107985,18053.41
107984,23175.8
107983,39359.53
107982,24322.08
107981,14718.04
107980,15830.38
107979,17216.61
107978,34417.14
107977,44158.33
107976,71039.77
107975,41561.97
107974,33050.85
107973,21955.51
107972,24341.02
107971,18433.71
107970,30943.26
107969,47114.31
107968,39368.76
107967,17106.47
107966,17829.96
107965,19398.1
107964,21591.91
107963,28000.06
107962,40519.11
107961,34041.32
107960,23339.35
107959,14955.71
107958,17964.47
107957,35575.58
107956,37718.4
107955,55449.49
107954,52239.38
107953,28568.55
107952,31640.35
107951,43830.91
107950,25068.61
107949,31590.02
107948,49399.4
107947,37118.17
107946,19409.26
107945,22106.24
107944,29130.2
107943,27865.05
107942,38110.35
107941,51545.64
107940,46040.9
107939,28691.58
107938,28500.12
107937,38189.51
107936,29344.89
107935,44206.01
107934,72089.63
107933,18117.96
107932,15403.19
107931,17665.34
107930,21305.32
107929,30350.72
107928,41481.74
107927,36682.61
107926,16137.18
107925,20997.55
107924,25287.35
107923,28839.95
107922,32254.97
107921,51033.03
107920,40326.85
107919,895.81
107918,13874.17
107917,15639.52
107916,20654.28
107915,23599.68
107914,43015.86
107913,34906.13
107912,14141.38
107911,15923.52
107910,16425.61
107909,28943.71
107908,36252.13
107907,44397.26
107906,41301.04
107905,21181.96
107904,17868.0
107903,23537.89
107902,23247.19
107901,896.68
107900,51255.89
107899,39595.33
107898,22594.59
107897,19494.78
107896,21904.47
107895,36133.19
107894,42923.46
107893,75602.98
107892,45719.68
107891,19107.21
107890,19541.42
107889,22409.81
107888,19191.63
107887,38558.08
107886,53342.43
107885,41866.72
107884,27429.22
107883,24393.63
107882,27008.48
107881,27800.98
107880,31329.89
107879,48011.98
107878,51330.92
107877,21920.94
107876,23036.46
107875,19577.47
107874,196.5
107873,36293.64
107872,44026.92
107871,37564.01
107870,45112.45
107869,14311.76
107868,15179.9
107867,20211.04
107866,25918.64
107865,37937.94
107864,29161.4
107863,13893.21
107862,24873.92
107861,24328.52
107860,24508.31
107859,30711.7
107858,47986.34
107857,36784.61
107856,22032.29
107855,26344.75
107854,23851.25
107853,27454.74
107852,36905.49
107851,54549.55
107850,37594.3
107849,13450.69
107848,13799.9
107847,15831.25
107846,20887.6
107845,28948.88
107844,35052.96
107843,39249.89
107842,16103.35
107841,13381.52
107840,14364.34
107839,19501.42
107838,22182.48
107837,37793.23
107836,24254.15
107835,23217.27
