152485,35437.95
152484,64069.66
152483,55660.37
152482,22743.28
152481,20357.51
152480,23177.77
152479,24337.08
152478,1202.15
152477,45485.87
152476,28775.23
152475,15675.77
152474,15281.88
152473,17737.95
152472,37386.97
152471,41146.08
152470,57773.84
152469,41384.49
152468,45404.96
152467,23590.55
152466,29510.34
152465,26216.47
152464,28237.43
152463,16277.88
152462,48529.03
152461,20680.03
152460,18429.87
152459,18948.44
152458,24447.08
152457,35393.18
152456,60865.42
152455,39386.33
152454,19410.8
152453,19364.36
152452,21161.24
152451,31118.16
152450,32563.8
152449,58404.11
152448,34395.0
152447,21589.79
152446,22134.52
152445,28444.08
152444,49213.1
152443,69443.99
152442,91178.9
152441,51341.52
152440,42395.5
152439,25471.76
152438,35483.91
152437,31446.38
152436,48383.57
152435,68340.9
152434,48704.0
152433,18194.68
152432,15962.42
152431,22411.79
152430,27108.14
152429,38684.15
152428,64469.23
152427,43457.28
152426,32431.81
152425,25056.71
152424,28236.27
152423,55003.44
152422,55542.38
152421,93420.13
152420,76899.54
152419,44000.05
152418,50912.32
152417,72444.22
152416,41364.83
152415,50620.55
152414,84132.75
152413,67363.95
152412,27648.57
152411,29930.38
152410,55828.93
152409,44609.68
152408,60062.98
152407,89451.62
152406,55750.8
152405,49960.9
152404,49437.69
152403,55578.89
152402,49553.79
152401,63300.81
152400,95949.43
152399,23690.4
152398,25227.86
152397,27683.92
152396,36801.49
152395,41553.95
152394,62531.13
152393,41590.05
152392,1153.65
152391,22193.53
152390,44459.72
152389,38855.12
152388,49275.02
152387,81302.94
152386,67517.15
152385,25503.63
152384,1684.83
152383,608.04
152382,85.58
152381,38652.14
152380,56775.07
152379,50453.14
152378,1573.86
152377,26409.04
152376,31394.38
152375,51611.88
152374,64480.42
152373,95343.37
152372,67479.96
152371,47917.35
152370,37693.14
152369,46675.89
152368,45009.44
152367,61499.31
152366,93945.24
152365,54532.75
152364,34189.97
152363,33735.77
152362,43710.09
152361,55556.76
152360,69178.77
152359,110462.3
152358,61472.09
152357,25235.94
152356,24560.13
152355,29674.88
152354,32325.75
152353,61213.92
152352,86396.45
152351,68418.06
152350,41070.19
152349,43870.5
152348,48858.34
152347,38783.41
152346,64682.09
152345,78524.96
152344,72644.31
152343,34536.13
152342,32404.37
152341,46508.9
152340,56383.11
152339,72394.98
152338,88245.93
152337,67347.9
152336,77190.95
152335,41377.54
152334,34034.24
152333,45465.52
152332,57000.33
152331,64112.27
152330,55715.18
152329,27705.39
152328,57646.62
152327,52953.4
152326,55864.69
152325,64474.87
152324,79188.53
152323,66274.83
152322,42579.56
152321,41805.56
152320,47191.46
152319,57710.88
152318,73572.79
152317,94345.05
152316,64675.41
152315,38620.31
152314,41311.31
152313,46011.75
152312,38928.83
152311,60811.2
152310,59653.96
152309,59717.74
152308,33750.66
152307,28308.18
152306,33387.94
152305,39844.46
152304,43992.48
152303,58579.3
152302,42049.2
152301,40052.86
