51598,33049.56
51597,67978.33
51596,51586.51
51595,17575.42
51594,19337.84
51593,19261.83
51592,19073.22
51591,1695.78
51590,42037.17
51589,29447.4
51588,14350.19
51587,15806.82
51586,11748.63
51585,31075.96
51584,38743.11
51583,60131.58
51582,44903.1
51581,38726.17
51580,28420.45
51579,33541.56
51578,32814.4
51577,23620.72
51576,347.41
51575,1750.93
51574,11030.15
51573,13329.11
51572,14851.6
51571,15176.21
51570,32835.09
51569,68145.49
51568,38432.86
51567,17187.27
51566,18483.56
51565,15643.28
51564,25807.88
51563,31660.07
51562,57316.71
51561,32305.17
51560,18713.46
51559,7708.64
51558,21519.51
51557,45223.63
51556,64490.17
51555,94915.37
51554,68025.85
51553,27487.32
51552,24500.18
51551,35984.47
51550,25680.17
51549,49275.98
51548,79962.16
51547,53062.64
51546,18470.6
51545,16237.01
51544,18258.03
51543,20106.49
51542,37349.8
51541,70857.26
51540,41832.37
51539,35778.76
51538,20008.78
51537,21755.66
51536,52770.87
51535,55976.23
51534,110403.32
51533,80854.85
51532,46202.47
51531,57407.3
51530,70393.49
51529,36449.07
51528,51290.36
51527,85296.97
51526,53886.32
51525,21432.89
51524,22383.22
51523,43531.29
51522,39958.72
51521,50249.77
51520,108661.59
51519,61400.76
51518,35427.71
51517,38418.41
51516,49036.75
51515,44608.92
51514,85629.99
51513,95655.9
51512,24423.3
51511,18085.33
51510,21248.94
51509,20432.65
51508,40268.55
51507,61613.13
51506,38339.43
51505,14814.59
51504,17395.28
51503,29476.01
51502,25816.91
51501,53479.77
51500,74075.16
51499,59753.58
51498,2592.74
51497,21147.22
51496,20619.33
51495,24423.52
51494,34122.94
51493,51127.11
51492,45731.84
51491,24336.13
51490,16505.43
51489,22736.56
51488,46511.39
51487,63098.15
51486,98764.68
51485,69040.86
51484,34715.66
51483,34907.7
51482,40795.42
51481,37962.78
51480,1676.73
51479,93105.35
51478,50004.71
51477,24083.78
51476,29887.99
51475,27938.21
51474,47367.94
51473,54692.21
51472,90988.19
51471,52598.78
51470,21792.93
51469,23635.95
51468,22554.74
51467,20859.61
51466,56036.79
51465,74572.15
51464,62422.08
51463,34823.41
51462,33131.62
51461,41227.72
51460,39140.06
51459,49914.96
51458,85386.58
51457,73552.37
51456,24037.85
51455,24878.17
51454,28693.93
51453,1098.4
51452,61975.97
51451,74376.13
51450,60337.91
51449,72361.95
51448,29282.96
51447,29436.81
51446,43726.09
51445,48976.54
51444,60509.76
51443,55451.43
51442,28986.75
51441,54409.8
51440,54256.19
51439,48194.11
51438,56695.91
51437,82262.31
51436,66636.74
51435,39567.42
51434,38640.31
51433,39918.16
51432,51212.06
51431,66601.14
51430,69858.28
51429,52824.67
51428,24165.87
51427,27800.45
51426,26944.25
51425,34762.6
51424,52004.32
51423,48226.61
51422,57408.21
51421,21753.64
51420,16714.39
51419,28068.1
51418,31686.17
51417,36993.8
51416,43010.98
51415,32298.43
51414,30554.45
