192131,20087.49
192130,31860.97
192129,24895.11
192128,13634.96
192127,11734.62
192126,9610.08
192125,12366.45
192124,380.78
192123,21626.16
192122,19497.2
192121,13632.56
192120,12111.31
192119,14907.62
192118,20006.65
192117,18096.64
192116,29497.95
192115,21954.98
192114,24759.98
192113,20249.59
192112,19928.66
192111,16846.64
192110,14538.11
192109,38383.94
192108,27844.4
192107,13196.85
192106,8435.3
192105,8732.89
192104,13308.8
192103,19769.83
192102,26110.84
192101,20520.16
192100,16147.9
192099,15425.43
192098,17901.63
192097,18205.54
192096,22071.47
192095,29507.58
192094,24182.81
192093,16348.19
192092,19245.63
192091,19657.94
192090,34455.11
192089,35609.54
192088,50531.35
192087,33225.27
192086,28444.8
192085,18156.8
192084,22162.1
192083,15358.51
192082,24547.2
192081,36755.96
192080,25761.97
192079,14944.51
192078,14591.14
192077,16205.82
192076,15626.01
192075,22253.8
192074,36917.68
192073,24612.53
192072,19676.22
192071,16834.34
192070,12574.82
192069,31550.23
192068,30904.45
192067,49189.23
192066,37194.34
192065,30737.47
192064,28335.81
192063,35158.74
192062,21718.57
192061,24479.64
192060,38338.77
192059,27329.78
192058,17936.55
192057,16070.22
192056,27548.22
192055,26615.34
192054,33918.37
192053,43632.06
192052,35571.75
192051,28188.42
192050,27673.36
192049,29794.2
192048,26160.53
192047,36532.29
192046,50517.71
192045,16663.18
192044,13127.88
192043,17679.06
192042,18587.91
192041,20437.29
192040,31037.88
192039,24136.63
192038,644.63
192037,11146.6
192036,28646.13
192035,23230.84
192034,29771.7
192033,46544.67
192032,38437.25
192031,16962.41
192030,846.17
192029,552.23
192028,108.94
192027,18074.7
192026,28768.0
192025,25474.56
192024,700.93
192023,15771.63
192022,15323.04
192021,26345.58
192020,28351.82
192019,41298.48
192018,31075.15
192017,21076.21
192016,20141.4
192015,21954.79
192014,20452.09
192013,30660.54
192012,42204.28
192011,24575.64
192010,17850.18
192009,17344.63
192008,20043.82
192007,28912.66
192006,33789.08
192005,51031.89
192004,33473.95
192003,13194.05
192002,17563.3
192001,17544.73
192000,14021.27
191999,31813.91
191998,39802.92
191997,32380.35
191996,25844.9
191995,21900.79
191994,21206.82
191993,16264.34
191992,25197.88
191991,39106.84
191990,37727.37
191989,17030.06
191988,13949.9
191987,17742.31
191986,20431.23
191985,21728.77
191984,38720.07
191983,33223.34
191982,31421.14
191981,13106.47
191980,13967.44
191979,16220.99
191978,19403.0
191977,32501.48
191976,23660.87
191975,13579.86
191974,26635.04
191973,20294.79
191972,21656.6
191971,23643.26
191970,38613.53
191969,33507.99
191968,21462.44
191967,26324.86
191966,18889.86
191965,21094.17
191964,25496.71
191963,35084.21
191962,30615.37
191961,16251.0
191960,14138.56
191959,14842.04
191958,17033.29
191957,22419.27
191956,31146.92
191955,27966.97
191954,15154.62
191953,10074.75
191952,15146.44
191951,15903.85
191950,21535.05
191949,26619.97
191948,21511.84
191947,15978.4
