23588,21425.83
23587,54876.28
23586,39330.58
23585,20060.82
23584,15375.74
23583,18676.01
23582,16460.93
23581,1753.19
23580,34915.88
23579,24652.39
23578,13662.12
23577,12210.29
23576,10810.67
23575,26918.79
23574,33353.18
23573,47599.07
23572,30969.07
23571,36320.66
23570,22240.42
23569,25828.25
23568,28493.52
23567,19688.87
23566,218.27
23565,10064.06
23564,15866.09
23563,11997.3
23562,13776.89
23561,13491.19
23560,26033.41
23559,47318.36
23558,30423.49
23557,17909.04
23556,17753.65
23555,15906.63
23554,22759.57
23553,32922.19
23552,47405.77
23551,27188.63
23550,18333.78
23549,9574.85
23548,19857.79
23547,38655.65
23546,52647.42
23545,71637.79
23544,49438.89
23543,24621.53
23542,16137.53
23541,30521.42
23540,21581.68
23539,41464.57
23538,57728.45
23537,38984.04
23536,17015.42
23535,15853.98
23534,13750.6
23533,16799.96
23532,27407.0
23531,50096.53
23530,30020.93
23529,21182.82
23528,17992.06
23527,15986.06
23526,47335.97
23525,37814.45
23524,74714.07
23523,49733.02
23522,38517.79
23521,40522.33
23520,63670.22
23519,27732.03
23518,40293.67
23517,59890.46
23516,40057.15
23515,15071.42
23514,15677.86
23513,34819.1
23512,30246.81
23511,46147.49
23510,74705.49
23509,45763.01
23508,32581.22
23507,33922.73
23506,43253.56
23505,33419.21
23504,63104.15
23503,70041.23
23502,18751.29
23501,16087.56
23500,18246.67
23499,20750.21
23498,31962.36
23497,45409.59
23496,31616.53
23495,236.76
23494,16232.36
23493,26879.49
23492,27337.87
23491,36429.5
23490,53664.33
23489,40601.66
23488,16469.72
23487,644.31
23486,627.38
23485,60.82
23484,23876.91
23483,40245.65
23482,30135.79
23481,1073.76
23480,18108.1
23479,22146.53
23478,40121.58
23477,48160.11
23476,69085.6
23475,43986.47
23474,29114.42
23473,31757.09
23472,34060.75
23471,30695.04
23470,38118.07
23469,64532.24
23468,38402.65
23467,21743.21
23466,25818.45
23465,27091.74
23464,32733.51
23463,44949.1
23462,67327.71
23461,42824.0
23460,16745.94
23459,18371.97
23458,22164.74
23457,18099.01
23456,50744.1
23455,55048.64
23454,40513.68
23453,29466.88
23452,26987.1
23451,29568.07
23450,28433.22
23449,38418.42
23448,62450.69
23447,53158.23
23446,18133.93
23445,23052.83
23444,22097.44
23443,38244.05
23442,49906.58
23441,59902.08
23440,43870.67
23439,56388.36
23438,27427.03
23437,30236.36
23436,40110.33
23435,42565.13
23434,46090.97
23433,41175.72
23432,24082.87
23431,43750.69
23430,43174.45
23429,40074.5
23428,44630.75
23427,54913.67
23426,45342.71
23425,31656.88
23424,31564.57
23423,31645.68
23422,36160.58
23421,49051.51
23420,51161.68
23419,43093.59
23418,17918.21
23417,22723.24
23416,22846.01
23415,25925.8
23414,34828.47
23413,36734.29
23412,43187.68
23411,19394.28
23410,15838.91
23409,21236.79
23408,26528.0
23407,31792.81
23406,34091.11
23405,20069.06
23404,24907.63
