163037,32129.93
163036,38381.19
163035,32906.71
163034,11692.95
163033,9296.09
163032,10126.64
163031,11090.39
163030,768.61
163029,23738.68
163028,17675.5
163027,9715.04
163026,8423.78
163025,8020.2
163024,15621.19
163023,19307.28
163022,29019.28
163021,21708.85
163020,23645.04
163019,10512.64
163018,11830.97
163017,11378.96
163016,14733.3
163015,31740.4
163014,23251.04
163013,11749.95
163012,10413.13
163011,9165.65
163010,9454.57
163009,19532.13
163008,32956.33
163007,24240.39
163006,13584.39
163005,9625.18
163004,11852.26
163003,12693.25
163002,20246.11
163001,34213.77
163000,17339.37
162999,8964.32
162998,11253.95
162997,16398.92
162996,28034.88
162995,38466.8
162994,54724.09
162993,33481.14
162992,26719.67
162991,17659.67
162990,22328.37
162989,14786.41
162988,28580.34
162987,43772.53
162986,27835.23
162985,12559.69
162984,16365.59
162983,13641.64
162982,12401.94
162981,26801.38
162980,37881.46
162979,24443.42
162978,19591.31
162977,11846.18
162976,14183.66
162975,30104.6
162974,31193.59
162973,45743.33
162972,37739.09
162971,18826.67
162970,21991.1
162969,34296.13
162968,21211.66
162967,24288.47
162966,29605.7
162965,29979.54
162964,17506.57
162963,16377.41
162962,25489.24
162961,25944.06
162960,26618.02
162959,40406.44
162958,33150.37
162957,18455.75
162956,19388.41
162955,28848.75
162954,17200.76
162953,36616.8
162952,56415.28
162951,13198.9
162950,12704.11
162949,13917.51
162948,15239.2
162947,21083.38
162946,34027.24
162945,27332.04
162944,449.31
162943,13105.65
162942,24072.12
162941,22231.38
162940,25066.89
162939,43207.93
162938,34657.94
162937,11548.82
162936,12395.77
162935,13894.97
162934,14919.8
162933,22747.6
162932,32484.8
162931,25436.44
162930,13178.78
162929,12043.61
162928,13930.29
162927,26339.98
162926,29226.49
162925,41648.05
162924,27161.36
162923,16263.08
162922,10331.07
162921,21158.33
162920,19288.92
162919,646.82
162918,48553.39
162917,28826.96
162916,16120.54
162915,16155.51
162914,21314.73
162913,21984.55
162912,33614.14
162911,49134.5
162910,31418.41
162909,14065.98
162908,15972.6
162907,16838.09
162906,18629.65
162905,36241.22
162904,48303.11
162903,31164.82
162902,18572.73
162901,24880.19
162900,21257.14
162899,25012.86
162898,31179.33
162897,40845.3
162896,36869.95
162895,17115.0
162894,16653.45
162893,19753.31
162892,280.74
162891,27771.69
162890,37688.49
162889,28258.74
162888,40813.26
162887,16686.53
162886,15890.91
162885,24629.49
162884,24378.31
162883,31600.39
162882,27096.34
162881,13044.34
162880,24739.02
162879,23638.42
162878,25125.54
162877,30706.36
162876,43303.19
162875,30371.68
162874,17798.66
162873,21596.8
162872,21606.3
162871,25635.14
162870,33406.04
162869,42345.07
162868,33376.74
162867,14383.98
162866,14332.21
162865,17343.01
162864,17382.17
162863,28258.73
162862,26551.46
162861,27125.33
162860,16755.31
162859,11137.0
162858,15626.85
162857,16610.85
162856,19170.12
162855,24562.93
162854,19919.16
162853,15027.26
