145007,19185.09
145006,41406.39
145005,28265.05
145004,12222.48
145003,10652.66
145002,13384.86
145001,12935.3
145000,523.45
144999,22830.84
144998,13299.74
144997,10062.26
144996,7332.4
144995,10119.81
144994,16624.78
144993,23195.19
144992,29289.18
144991,18809.02
144990,16817.61
144989,11909.84
144988,10852.4
144987,15659.93
144986,16168.1
144985,25347.56
144984,21320.54
144983,10524.6
144982,9046.71
144981,10803.08
144980,11346.97
144979,19692.51
144978,31094.9
144977,19554.57
144976,13350.5
144975,14391.01
144974,12374.95
144973,15227.94
144972,21393.23
144971,30750.29
144970,16247.83
144969,10297.97
144968,12607.32
144967,15126.14
144966,27335.15
144965,33218.08
144964,52032.95
144963,29379.76
144962,18900.92
144961,10613.53
144960,17627.07
144959,15282.47
144958,29066.15
144957,43984.26
144956,23114.55
144955,14054.12
144954,12162.5
144953,13463.28
144952,10955.07
144951,21541.49
144950,36329.04
144949,20480.23
144948,18070.99
144947,13615.95
144946,12140.48
144945,28731.89
144944,33246.87
144943,50805.68
144942,35113.51
144941,23113.71
144940,25907.49
144939,39545.87
144938,18053.6
144937,30051.01
144936,39603.67
144935,30582.42
144934,16440.53
144933,14506.26
144932,24404.36
144931,29326.18
144930,38312.28
144929,50545.08
144928,29047.21
144927,25188.16
144926,24984.24
144925,35436.85
144924,32387.99
144923,45004.67
144922,55473.53
144921,12967.69
144920,17213.65
144919,12760.59
144918,15819.67
144917,20994.39
144916,29545.54
144915,17653.73
144914,1200.19
144913,12375.24
144912,22747.61
144911,23085.59
144910,25646.07
144909,33927.01
144908,26649.89
144907,11281.97
144906,359.72
144905,578.92
144904,64.16
144903,19489.49
144902,26047.25
144901,22449.37
144900,443.66
144899,14835.37
144898,13854.99
144897,36980.22
144896,39271.59
144895,45565.79
144894,27600.97
144893,24700.64
144892,21404.34
144891,24714.12
144890,24206.9
144889,35252.51
144888,49154.44
144887,24656.67
144886,16239.25
144885,18746.24
144884,20489.93
144883,26999.79
144882,36052.53
144881,46910.86
144880,29146.11
144879,16569.27
144878,15505.11
144877,14699.66
144876,15257.06
144875,34649.79
144874,47402.92
144873,30533.09
144872,23808.95
144871,23334.29
144870,22357.26
144869,20515.7
144868,32566.43
144867,47923.78
144866,32135.13
144865,15342.55
144864,16765.55
144863,18346.91
144862,25143.45
144861,36392.1
144860,37152.24
144859,27907.31
144858,29399.61
144857,18350.44
144856,18699.6
144855,26460.92
144854,30985.1
144853,33388.03
144852,25255.33
144851,18800.93
144850,26149.91
144849,29997.01
144848,28006.21
144847,29794.68
144846,36660.77
144845,31829.81
144844,21849.48
144843,19388.17
144842,22861.08
144841,27760.19
144840,35650.97
144839,40963.44
144838,27236.37
144837,14740.89
144836,27425.38
144835,22260.87
144834,20886.47
144833,33137.02
144832,25672.22
144831,26045.04
144830,14118.79
144829,13698.78
144828,14805.87
144827,19516.43
144826,23680.31
144825,24302.29
144824,17628.89
144823,20618.44
