76971,29057.54
76970,52585.73
76969,46662.41
76968,14674.19
76967,17742.81
76966,16257.71
76965,13553.21
76964,1431.1
76963,40737.25
76962,25134.97
76961,13891.48
76960,15234.88
76959,18608.11
76958,38129.69
76957,39188.92
76956,53035.84
76955,42975.74
76954,39517.82
76953,26658.88
76952,29809.24
76951,34998.8
76950,37678.83
76949,457.81
76948,10731.48
76947,14977.36
76946,13765.69
76945,16051.02
76944,16461.83
76943,29543.16
76942,49953.21
76941,34680.59
76940,18979.78
76939,17657.67
76938,18113.42
76937,24308.69
76936,19878.72
76935,47542.5
76934,34942.48
76933,17311.12
76932,17463.56
76931,19344.18
76930,49972.92
76929,56906.63
76928,85144.68
76927,58228.16
76926,34668.79
76925,28045.14
76924,34900.74
76923,26545.69
76922,44928.41
76921,65693.07
76920,52950.77
76919,21379.07
76918,17443.12
76917,17294.62
76916,15388.26
76915,34332.13
76914,55948.41
76913,38699.02
76912,30310.71
76911,19513.32
76910,20270.69
76909,47510.99
76908,42489.9
76907,90979.54
76906,69824.43
76905,43862.57
76904,52120.44
76903,74010.87
76902,40199.93
76901,42294.43
76900,69276.33
76899,59196.14
76898,17635.32
76897,20480.22
76896,49009.21
76895,41632.73
76894,53853.07
76893,93589.54
76892,59593.04
76891,41097.29
76890,52468.72
76889,59547.75
76888,34820.17
76887,64297.95
76886,92725.88
76885,-9.6
76884,26108.12
76883,24586.67
76882,26144.54
76881,30472.35
76880,33789.41
76879,53819.36
76878,42185.53
76877,16884.53
76876,19175.15
76875,38159.71
76874,36463.53
76873,45021.41
76872,65076.14
76871,62717.07
76870,1660.85
76869,20375.14
76868,24522.66
76867,28510.4
76866,33575.96
76865,50653.03
76864,41828.06
76863,27694.28
76862,29069.68
76861,28391.63
76860,67031.18
76859,69109.15
76858,92121.39
76857,68557.53
76856,42568.72
76855,41921.35
76854,48289.76
76853,44632.05
76852,1470.49
76851,84636.72
76850,49358.66
76849,25793.82
76848,30750.12
76847,32664.06
76846,42914.21
76845,64005.21
76844,90722.14
76843,58060.73
76842,25635.72
76841,24639.84
76840,25109.28
76839,29599.25
76838,58215.66
76837,75008.64
76836,65119.74
76835,41967.65
76834,42955.51
76833,44767.78
76832,48842.88
76831,48096.72
76830,69911.03
76829,70055.93
76828,24537.05
76827,28922.52
76826,34306.57
76825,678.28
76824,61069.1
76823,78714.08
76822,56944.37
76821,78031.53
76820,31007.31
76819,36716.84
76818,38547.39
76817,42718.04
76816,57037.87
76815,57949.42
76814,31457.17
76813,55599.62
76812,55800.17
76811,54156.51
76810,58342.71
76809,82362.04
76808,67323.31
76807,48749.71
76806,48743.15
76805,52441.29
76804,54549.08
76803,74365.35
76802,90018.71
76801,65366.49
76800,31022.52
76799,29734.2
76798,34684.09
76797,33788.5
76796,49977.91
76795,52335.03
76794,63027.01
76793,29119.15
76792,26361.78
76791,29169.13
76790,35449.25
76789,42132.01
76788,51107.16
76787,38518.96
76786,34107.38
