63511,29921.89
63510,49807.83
63509,45920.87
63508,12450.12
63507,19504.45
63506,15529.86
63505,12538.49
63504,914.95
63503,32035.07
63502,23024.88
63501,14163.57
63500,13159.3
63499,14288.59
63498,35354.86
63497,31618.89
63496,50335.87
63495,40030.26
63494,33917.54
63493,24303.16
63492,25036.79
63491,25882.94
63490,27134.59
63489,4275.9
63488,26899.44
63487,18796.28
63486,11955.7
63485,19090.05
63484,17052.2
63483,30222.37
63482,46886.1
63481,31865.48
63480,15370.35
63479,18253.89
63478,17704.66
63477,21375.99
63476,10685.55
63475,38507.51
63474,33723.75
63473,7012.58
63472,16189.32
63471,22467.15
63470,47595.62
63469,51217.94
63468,71977.47
63467,49404.39
63466,32891.92
63465,27512.57
63464,33501.86
63463,24248.18
63462,40833.95
63461,63551.99
63460,48682.48
63459,19118.12
63458,16201.01
63457,15667.66
63456,15936.28
63455,27841.24
63454,51328.01
63453,34767.75
63452,25152.22
63451,20421.46
63450,18108.19
63449,44258.75
63448,45312.13
63447,80127.99
63446,72803.53
63445,40298.83
63444,51289.57
63443,69873.03
63442,31980.67
63441,40560.5
63440,59887.15
63439,53665.79
63438,19515.29
63437,20741.26
63436,42859.57
63435,39997.55
63434,49045.5
63433,81043.57
63432,56708.16
63431,32105.43
63430,40970.47
63429,53747.39
63428,40050.57
63427,74034.43
63426,82791.05
63425,-58.23
63424,17537.87
63423,17892.92
63422,22672.08
63421,24558.93
63420,28012.91
63419,53832.7
63418,41843.51
63417,85.77
63416,24132.09
63415,35060.11
63414,33237.85
63413,39355.41
63412,64580.2
63411,55704.42
63410,18262.43
63409,20227.0
63408,23907.06
63407,26669.31
63406,28846.02
63405,46136.92
63404,37904.42
63403,20740.04
63402,25597.53
63401,21831.38
63400,56911.12
63399,59892.48
63398,77554.24
63397,61869.96
63396,34113.13
63395,35239.94
63394,39055.74
63393,41139.53
63392,23.09
63391,82729.77
63390,47867.57
63389,24979.5
63388,29452.92
63387,33898.68
63386,47574.25
63385,54880.42
63384,91592.55
63383,51281.94
63382,22942.8
63381,19653.86
63380,22531.81
63379,27053.47
63378,55439.87
63377,77252.93
63376,67585.87
63375,38307.57
63374,40756.95
63373,44929.89
63372,38230.88
63371,50779.26
63370,69023.79
63369,76194.83
63368,25499.63
63367,27016.93
63366,30403.14
63365,59.14
63364,55761.54
63363,72018.55
63362,55633.57
63361,80104.84
63360,26725.16
63359,33808.05
63358,36431.85
63357,38184.01
63356,48272.82
63355,49777.31
63354,23018.84
63353,48654.02
63352,45909.71
63351,47265.46
63350,51358.77
63349,75081.25
63348,59474.14
63347,41178.43
63346,42841.6
63345,39770.96
63344,51262.58
63343,65956.32
63342,82435.69
63341,59323.44
63340,27806.95
63339,28729.06
63338,28560.35
63337,34319.36
63336,41704.45
63335,41116.54
63334,50315.58
63333,19771.44
63332,19965.33
63331,27636.81
63330,31808.42
63329,35595.33
63328,46107.43
63327,31759.34
63326,30766.12
