67015,34627.14
67014,66630.53
67013,68429.37
67012,22551.5
67011,22530.08
67010,22717.32
67009,25125.64
67008,1120.82
67007,44510.74
67006,31024.56
67005,18470.85
67004,12117.34
67003,18670.85
67002,36029.57
67001,37048.29
67000,57452.6
66999,53625.96
66998,57915.54
66997,32458.86
66996,34857.63
66995,39517.24
66994,41749.47
66993,1647.96
66992,21516.68
66991,16564.15
66990,16988.47
66989,17851.06
66988,27457.12
66987,34620.95
66986,61198.84
66985,45729.38
66984,18321.65
66983,24285.43
66982,26621.73
66981,28894.72
66980,17017.48
66979,57645.1
66978,45903.31
66977,16844.07
66976,24869.14
66975,34704.28
66974,68178.08
66973,63767.77
66972,100263.9
66971,53775.95
66970,49886.4
66969,37034.37
66968,49314.22
66967,31735.64
66966,53506.99
66965,70395.51
66964,56563.79
66963,25112.56
66962,23369.11
66961,21985.38
66960,22897.18
66959,39226.45
66958,69012.97
66957,42990.57
66956,40264.58
66955,27874.36
66954,26676.85
66953,65680.32
66952,59302.49
66951,112526.93
66950,91444.4
66949,53288.03
66948,66855.93
66947,93061.0
66946,50446.32
66945,59710.16
66944,88741.25
66943,68941.33
66942,23664.63
66941,31250.16
66940,61477.82
66939,45039.55
66938,61111.69
66937,100197.49
66936,77773.28
66935,52362.8
66934,55388.97
66933,73167.98
66932,59784.0
66931,80478.63
66930,114269.59
66929,-33.78
66928,28441.25
66927,24872.84
66926,33772.55
66925,36590.79
66924,44439.34
66923,68035.57
66922,58906.17
66921,1242.2
66920,28872.63
66919,54637.26
66918,43772.18
66917,62252.87
66916,82936.72
66915,85200.95
66914,25716.63
66913,2538.95
66912,1264.07
66911,250.87
66910,49216.98
66909,68632.23
66908,58326.65
66907,2222.26
66906,35780.27
66905,40566.87
66904,77527.83
66903,91467.17
66902,101806.63
66901,85731.92
66900,58612.53
66899,57711.77
66898,58626.76
66897,59510.72
66896,73159.64
66895,106005.38
66894,64747.18
66893,37859.88
66892,41998.81
66891,44954.63
66890,70074.99
66889,82005.97
66888,126237.95
66887,66065.96
66886,33052.87
66885,33616.28
66884,36573.91
66883,35200.36
66882,72309.32
66881,101665.32
66880,82403.64
66879,53580.98
66878,54992.8
66877,62787.41
66876,55644.26
66875,68453.62
66874,89124.13
66873,91983.44
66872,35786.52
66871,38965.69
66870,39773.01
66869,58498.62
66868,77065.39
66867,96554.74
66866,72452.12
66865,101417.39
66864,30663.18
66863,45356.39
66862,50062.05
66861,54904.77
66860,67896.72
66859,67493.69
66858,44120.64
66857,75627.23
66856,65518.91
66855,62934.89
66854,70769.82
66853,105968.98
66852,79403.79
66851,56049.94
66850,53645.4
66849,55200.2
66848,66659.96
66847,88523.8
66846,117813.45
66845,80435.28
66844,46629.21
66843,45647.53
66842,50438.91
66841,51151.0
66840,71387.18
66839,61234.37
66838,67855.27
66837,33312.26
66836,26106.05
66835,40185.84
66834,48944.22
66833,53773.97
66832,73686.03
66831,53055.31
66830,46543.12
