76394,37284.1
76393,59846.33
76392,45881.99
76391,13783.19
76390,18977.88
76389,20563.57
76388,17579.62
76387,1646.03
76386,37890.89
76385,16870.54
76384,16226.05
76383,11524.98
76382,11290.85
76381,31754.26
76380,33728.97
76379,55056.26
76378,28563.85
76377,26884.81
76376,19293.78
76375,20596.15
76374,22951.41
76373,31529.26
76372,49838.02
76371,38062.87
76370,16984.69
76369,17218.64
76368,17105.48
76367,16996.84
76366,36083.97
76365,49353.08
76364,28932.13
76363,14477.5
76362,16482.5
76361,19661.27
76360,21462.78
76359,31525.11
76358,44662.59
76357,25697.69
76356,15946.35
76355,15438.66
76354,21089.52
76353,42374.46
76352,62305.35
76351,81050.32
76350,41108.34
76349,30671.84
76348,28715.88
76347,35078.1
76346,26201.56
76345,37333.57
76344,69724.65
76343,45203.07
76342,17889.81
76341,20668.99
76340,4629.96
76339,8295.87
76338,33651.29
76337,62005.62
76336,36536.71
76335,25827.39
76334,14205.99
76333,22413.76
76332,37687.86
76331,64787.29
76330,93959.81
76329,80495.17
76328,42876.66
76327,52887.29
76326,64927.99
76325,36972.85
76324,49137.97
76323,71318.11
76322,60079.1
76321,22745.61
76320,24294.78
76319,46145.8
76318,43682.17
76317,57046.45
76316,89871.25
76315,47840.48
76314,36375.5
76313,43801.3
76312,49278.9
76311,37044.01
76310,59733.15
76309,66301.0
76308,-103.82
76307,21069.79
76306,24073.81
76305,21256.39
76304,26486.6
76303,29322.03
76302,43311.14
76301,35585.91
76300,111.29
76299,21388.59
76298,29350.79
76297,34098.99
76296,37473.81
76295,62672.16
76294,46024.82
76293,14293.67
76292,15094.85
76291,19891.72
76290,27244.32
76289,29722.94
76288,42210.18
76287,40206.56
76286,24600.46
76285,24803.45
76284,21344.3
76283,50484.73
76282,52928.52
76281,73578.81
76280,46576.85
76279,37803.03
76278,32128.4
76277,36905.67
76276,37880.7
76275,79804.25
76274,34354.48
76273,21609.32
76272,23865.59
76271,28234.74
76270,47597.78
76269,46132.53
76268,73705.47
76267,39640.32
76266,16463.7
76265,26351.53
76264,26598.2
76263,23781.49
76262,51001.81
76261,68819.89
76260,50154.13
76259,27988.72
76258,35171.04
76257,38808.38
76256,32530.69
76255,50581.04
76254,59231.3
76253,53507.78
76252,22720.65
76251,29802.74
76250,34911.42
76249,50610.15
76248,65469.76
76247,47474.3
76246,48169.15
76245,30640.62
76244,32274.89
76243,39361.04
76242,44966.21
76241,57851.21
76240,45906.76
76239,25701.11
76238,51337.3
76237,44644.57
76236,51895.8
76235,55713.37
76234,66803.15
76233,51735.92
76232,33770.46
76231,39719.07
76230,47000.51
76229,52501.76
76228,64567.43
76227,60307.02
76226,44101.39
76225,27360.47
76224,29598.63
76223,23595.08
76222,33188.48
76221,44168.29
76220,40257.38
76219,44427.99
76218,21507.87
76217,18363.62
76216,21861.06
76215,28107.82
76214,33160.18
76213,39237.0
76212,27331.56
76211,17595.23
