47751,26543.37
47750,48081.42
47749,39256.65
47748,17962.43
47747,18668.66
47746,18650.74
47745,17108.5
47744,245.61
47743,37664.85
47742,30555.74
47741,17478.18
47740,16996.96
47739,15533.84
47738,26401.93
47737,23038.02
47736,46653.69
47735,24507.6
47734,33945.01
47733,23686.8
47732,21414.15
47731,17768.04
47730,2366.9
47729,15093.47
47728,28255.49
47727,16468.61
47726,21866.87
47725,23557.36
47724,17740.59
47723,26553.4
47722,56660.04
47721,32057.11
47720,18210.97
47719,18842.39
47718,22809.98
47717,28963.77
47716,31984.07
47715,49038.38
47714,27481.56
47713,16015.06
47712,19511.16
47711,23237.37
47710,38613.92
47709,49229.04
47708,80398.94
47707,51480.37
47706,21975.12
47705,25035.84
47704,26658.74
47703,21296.52
47702,31666.23
47701,48835.55
47700,38499.38
47699,14079.09
47698,16330.41
47697,18092.71
47696,16331.67
47695,30288.05
47694,51644.63
47693,33619.83
47692,26859.39
47691,20072.3
47690,21364.8
47689,43182.52
47688,47455.13
47687,76659.94
47686,62504.39
47685,32396.85
47684,40694.56
47683,56618.59
47682,32644.35
47681,36245.83
47680,60071.33
47679,60339.49
47678,21160.7
47677,27324.17
47676,44097.3
47675,37864.25
47674,46292.31
47673,83539.83
47672,58300.52
47671,31431.4
47670,33740.77
47669,42010.31
47668,42454.18
47667,50396.73
47666,72273.85
47665,-13.99
47664,28381.93
47663,21306.68
47662,21470.92
47661,23354.7
47660,27062.19
47659,43785.89
47658,39259.09
47657,1971.95
47656,20059.48
47655,27965.83
47654,28838.03
47653,32395.81
47652,58509.47
47651,49718.65
47650,15995.87
47649,20820.04
47648,22392.56
47647,21803.23
47646,27005.8
47645,44332.53
47644,36829.94
47643,21725.54
47642,23955.71
47641,23952.9
47640,44605.83
47639,41043.22
47638,59564.23
47637,48464.3
47636,35436.65
47635,29370.27
47634,40232.78
47633,36786.2
47632,1082.43
47631,68961.45
47630,52973.24
47629,26979.27
47628,27225.22
47627,30338.37
47626,40549.58
47625,48921.43
47624,71828.55
47623,43909.13
47622,22512.15
47621,24421.93
47620,25745.68
47619,27655.98
47618,59212.02
47617,62452.85
47616,54881.11
47615,31003.87
47614,34133.62
47613,34172.25
47612,30989.35
47611,38344.33
47610,71566.21
47609,62211.83
47608,20036.5
47607,25810.11
47606,26463.35
47605,704.86
47604,47866.58
47603,57133.79
47602,44578.93
47601,47366.04
47600,21949.26
47599,28354.95
47598,28842.59
47597,38060.96
47596,54238.74
47595,48377.21
47594,24752.84
47593,39853.16
47592,44263.15
47591,38334.0
47590,47543.21
47589,67434.3
47588,56035.92
47587,39380.78
47586,36519.29
47585,34814.31
47584,43011.68
47583,53215.92
47582,60956.44
47581,50881.72
47580,22492.28
47579,22115.95
47578,21665.41
47577,26698.91
47576,37192.72
47575,43467.94
47574,48812.4
47573,19503.52
47572,16511.21
47571,24857.48
47570,28873.86
47569,32459.85
47568,40885.01
47567,32883.4
47566,28106.08
