36826,27302.76
36825,53414.02
36824,51288.63
36823,18499.79
36822,15479.51
36821,18265.41
36820,18048.81
36819,1766.6
36818,36470.48
36817,35171.41
36816,13270.21
36815,16576.82
36814,16312.38
36813,24550.59
36812,33098.88
36811,46193.06
36810,31478.02
36809,29652.43
36808,22961.51
36807,24425.58
36806,20139.15
36805,21915.81
36804,47669.91
36803,40903.39
36802,17062.38
36801,14657.26
36800,17096.18
36799,12965.81
36798,23558.64
36797,44503.16
36796,36488.96
36795,19754.46
36794,20421.88
36793,19173.28
36792,24723.86
36791,25894.88
36790,49112.71
36789,34285.98
36788,19781.28
36787,16526.33
36786,25222.61
36785,37660.85
36784,46284.21
36783,75748.36
36782,41517.16
36781,35767.69
36780,27150.59
36779,32782.72
36778,24930.21
36777,31838.52
36776,58893.32
36775,47389.33
36774,19397.98
36773,18578.57
36772,15634.66
36771,16428.83
36770,32605.77
36769,55432.9
36768,33348.48
36767,28635.96
36766,16245.96
36765,19740.13
36764,33814.74
36763,49994.06
36762,71368.82
36761,59439.36
36760,41265.68
36759,43236.99
36758,61589.83
36757,26048.35
36756,38692.77
36755,62952.9
36754,53636.0
36753,17229.74
36752,20397.74
36751,36560.98
36750,32200.19
36749,44153.51
36748,71512.35
36747,62337.86
36746,37153.26
36745,35936.69
36744,42847.58
36743,32247.41
36742,54751.83
36741,85449.7
36740,-47.98
36739,28196.94
36738,18036.67
36737,22298.93
36736,28704.42
36735,35271.37
36734,47538.57
36733,43286.96
36732,1236.04
36731,17611.45
36730,32321.45
36729,29351.86
36728,43092.78
36727,71919.51
36726,59473.03
36725,23933.96
36724,23410.96
36723,22794.52
36722,22549.94
36721,33647.96
36720,45689.86
36719,42056.83
36718,24498.27
36717,23588.5
36716,24219.01
36715,46507.14
36714,48863.43
36713,68922.19
36712,58240.92
36711,29752.38
36710,26864.5
36709,34422.58
36708,30585.86
36707,958.71
36706,66168.48
36705,59280.37
36704,28610.3
36703,34224.42
36702,30419.57
36701,47314.96
36700,59826.39
36699,96610.91
36698,54670.76
36697,20327.54
36696,25324.92
36695,25817.06
36694,26617.48
36693,51265.63
36692,63961.85
36691,58097.07
36690,27586.29
36689,30737.3
36688,40652.1
36687,34127.47
36686,45783.52
36685,62777.08
36684,61109.04
36683,27241.37
36682,29865.71
36681,27390.98
36680,589.53
36679,53402.37
36678,73293.65
36677,52724.31
36676,56472.33
36675,25982.45
36674,28143.02
36673,37375.22
36672,42808.31
36671,68011.86
36670,53575.23
36669,27508.08
36668,39687.8
36667,43834.99
36666,40943.3
36665,54562.42
36664,76173.18
36663,61335.43
36662,38567.23
36661,39223.65
36660,40452.94
36659,51304.38
36658,67763.96
36657,87016.66
36656,68839.93
36655,27918.71
36654,27240.44
36653,24009.65
36652,29053.28
36651,57321.18
36650,49039.42
36649,51476.64
36648,23258.74
36647,17742.56
36646,25318.71
36645,28018.98
36644,35513.76
36643,55014.47
36642,40505.79
36641,25507.78
