118200,25410.39
118199,42553.38
118198,43566.11
118197,16121.14
118196,15547.27
118195,17418.0
118194,21359.24
118193,501.33
118192,36927.28
118191,32354.77
118190,16942.27
118189,12904.5
118188,14097.85
118187,26567.61
118186,31757.45
118185,39426.51
118184,30140.78
118183,36799.94
118182,24748.9
118181,20019.02
118180,17611.55
118179,22704.75
118178,44286.68
118177,38004.55
118176,19114.82
118175,13834.23
118174,15769.65
118173,16645.1
118172,30144.6
118171,46507.64
118170,23083.32
118169,17263.36
118168,19665.78
118167,23838.44
118166,22026.61
118165,24566.53
118164,36833.61
118163,24106.14
118162,20174.83
118161,25239.83
118160,21519.64
118159,43368.04
118158,48084.4
118157,60294.19
118156,42628.89
118155,44738.44
118154,24311.79
118153,31193.77
118152,21655.4
118151,39715.03
118150,48993.21
118149,44679.67
118148,17176.35
118147,16566.91
118146,19624.94
118145,21966.58
118144,31670.01
118143,42817.16
118142,36229.22
118141,32853.74
118140,20464.06
118139,19017.06
118138,43075.35
118137,48098.61
118136,61094.22
118135,56363.16
118134,31251.47
118133,42227.56
118132,52265.96
118131,29328.12
118130,27449.34
118129,51566.6
118128,42956.01
118127,17338.67
118126,21952.89
118125,40354.92
118124,37206.77
118123,40140.87
118122,64881.9
118121,54281.66
118120,32795.37
118119,37528.3
118118,44489.38
118117,32551.08
118116,46048.49
118115,66030.6
118114,24612.2
118113,22329.68
118112,24152.04
118111,29133.52
118110,29539.07
118109,43710.03
118108,37798.23
118107,821.52
118106,21992.02
118105,31512.76
118104,28978.76
118103,37307.37
118102,49154.08
118101,50780.13
118100,16894.82
118099,19582.24
118098,21047.73
118097,20685.53
118096,30682.2
118095,39913.68
118094,35806.71
118093,17121.33
118092,21268.32
118091,27095.46
118090,39217.24
118089,44853.19
118088,58422.02
118087,54427.94
118086,27835.09
118085,33391.64
118084,31316.64
118083,32296.2
118082,1215.27
118081,65940.39
118080,42977.67
118079,21725.81
118078,26441.85
118077,24511.19
118076,40193.85
118075,51156.63
118074,70998.59
118073,50085.61
118072,23226.35
118071,19757.16
118070,25218.14
118069,26092.16
118068,50271.71
118067,54662.35
118066,56795.21
118065,34552.58
118064,29252.92
118063,39388.73
118062,33057.66
118061,44533.91
118060,58705.91
118059,67564.88
118058,27185.84
118057,21165.72
118056,22299.49
118055,1072.21
118054,36961.17
118053,56781.99
118052,50996.82
118051,61241.44
118050,20814.49
118049,20497.2
118048,30768.66
118047,35701.64
118046,51234.84
118045,50830.05
118044,27752.56
118043,45811.01
118042,41466.09
118041,39797.02
118040,49347.02
118039,60948.86
118038,59496.72
118037,35333.63
118036,38805.97
118035,38354.29
118034,42891.11
118033,51540.48
118032,70791.05
118031,56526.49
118030,28471.87
118029,24544.89
118028,28858.94
118027,29355.07
118026,43800.34
118025,47698.85
118024,51035.14
118023,24704.92
118022,19530.1
118021,23023.16
118020,33400.04
118019,32425.6
118018,43468.59
118017,35888.18
118016,32122.67
