187913,23545.79
187912,38727.5
187911,24985.55
187910,11699.18
187909,10374.34
187908,10760.95
187907,13710.94
187906,869.4
187905,27291.75
187904,16029.75
187903,6116.5
187902,10062.62
187901,9068.92
187900,11763.46
187899,15614.37
187898,34842.37
187897,15165.29
187896,22822.79
187895,13428.78
187894,11308.18
187893,11944.74
187892,2765.3
187891,14711.94
187890,19149.55
187889,9867.29
187888,7230.47
187887,8040.36
187886,8931.63
187885,18951.18
187884,29994.85
187883,15766.56
187882,12221.39
187881,15430.45
187880,10645.71
187879,18075.68
187878,18640.2
187877,28904.3
187876,13428.57
187875,10588.24
187874,13208.87
187873,14450.79
187872,27017.38
187871,35923.39
187870,58874.01
187869,25211.43
187868,16862.7
187867,16393.77
187866,14664.17
187865,14563.26
187864,25207.63
187863,38524.67
187862,21113.23
187861,12803.9
187860,11420.82
187859,12212.45
187858,11710.47
187857,24656.32
187856,38420.85
187855,18334.37
187854,16581.81
187853,13485.27
187852,15125.67
187851,27979.01
187850,33433.36
187849,51901.19
187848,28652.0
187847,19323.22
187846,25924.87
187845,32672.09
187844,24114.47
187843,34309.79
187842,53316.23
187841,29210.23
187840,16689.66
187839,20096.71
187838,28754.87
187837,30176.58
187836,36826.32
187835,61660.33
187834,32654.68
187833,17008.38
187832,28098.84
187831,32828.35
187830,26509.44
187829,53543.51
187828,70190.38
187827,15445.29
187826,17066.96
187825,19795.57
187824,16331.46
187823,26595.47
187822,35029.16
187821,20106.7
187820,11308.01
187819,13154.33
187818,23478.93
187817,21510.69
187816,32251.41
187815,43584.52
187814,29335.33
187813,695.36
187812,13082.58
187811,13235.44
187810,14210.44
187809,20649.67
187808,27596.66
187807,18803.81
187806,12132.65
187805,10365.76
187804,11821.36
187803,26148.34
187802,29164.13
187801,41984.21
187800,28028.83
187799,17084.28
187798,17489.65
187797,19514.6
187796,21850.99
187795,913.71
187794,40723.7
187793,25865.52
187792,17302.89
187791,20165.37
187790,21192.67
187789,27356.54
187788,35613.66
187787,56166.32
187786,24314.06
187785,14662.94
187784,12940.52
187783,17597.33
187782,13378.55
187781,33926.35
187780,42724.49
187779,25369.68
187778,21437.58
187777,17493.43
187776,23923.98
187775,18196.03
187774,34589.27
187773,44677.93
187772,28154.65
187771,13307.23
187770,15225.51
187769,16932.07
187768,445.83
187767,35698.17
187766,37212.9
187765,31603.57
187764,32141.17
187763,13670.19
187762,13138.07
187761,20584.86
187760,28880.69
187759,34251.03
187758,21216.92
187757,14472.48
187756,24623.87
187755,24538.0
187754,25684.21
187753,33757.15
187752,37207.37
187751,22427.23
187750,19061.34
187749,22263.39
187748,22258.73
187747,26136.65
187746,33330.45
187745,37126.84
187744,22037.09
187743,9466.45
187742,16900.02
187741,13464.02
187740,17183.23
187739,28441.79
187738,27815.8
187737,23363.33
187736,13818.2
187735,9657.52
187734,12514.53
187733,18168.66
187732,22027.76
187731,28163.63
187730,17806.94
187729,15648.32
