219860,17211.12
219859,25617.54
219858,26347.65
219857,8162.71
219856,11532.88
219855,8980.6
219854,10692.36
219853,733.91
219852,23046.42
219851,12321.59
219850,6205.52
219849,7768.7
219848,7504.04
219847,17388.97
219846,14106.83
219845,26252.43
219844,15600.86
219843,18518.83
219842,11759.08
219841,11844.89
219840,13136.52
219839,12539.68
219838,22708.38
219837,23986.32
219836,8585.28
219835,10956.87
219834,10122.88
219833,9724.07
219832,18460.23
219831,31438.83
219830,22177.44
219829,12855.87
219828,7218.09
219827,12371.33
219826,15326.32
219825,20207.78
219824,27959.92
219823,16535.36
219822,10072.55
219821,12095.72
219820,11889.83
219819,24254.33
219818,28498.87
219817,47059.02
219816,24473.05
219815,21703.61
219814,12212.31
219813,19451.89
219812,16644.45
219811,20216.01
219810,32360.26
219809,27586.82
219808,11038.28
219807,11539.81
219806,11839.38
219805,12534.83
219804,20418.56
219803,30029.32
219802,22040.38
219801,22842.99
219800,11849.49
219799,11302.81
219798,25799.06
219797,25608.47
219796,45134.5
219795,36138.6
219794,21127.2
219793,27390.45
219792,37057.65
219791,20822.1
219790,24386.24
219789,34595.59
219788,33511.95
219787,11872.76
219786,11905.94
219785,25226.69
219784,23963.46
219783,24818.75
219782,46115.41
219781,39977.96
219780,24136.41
219779,27202.15
219778,24274.39
219777,20896.22
219776,31116.84
219775,48096.78
219774,16881.93
219773,12041.18
219772,15005.83
219771,17942.08
219770,20843.08
219769,31265.26
219768,20155.92
219767,9784.83
219766,10759.78
219765,19154.58
219764,15621.54
219763,21953.35
219762,36028.92
219761,33347.4
219760,987.63
219759,13075.09
219758,16617.09
219757,17256.75
219756,19018.87
219755,36939.93
219754,33482.78
219753,18883.48
219752,14575.38
219751,13244.47
219750,27844.65
219749,29357.88
219748,41330.23
219747,34560.34
219746,20887.61
219745,16223.6
219744,18114.07
219743,18890.65
219742,944.55
219741,38304.15
219740,22213.83
219739,13724.11
219738,16862.2
219737,18259.0
219736,21889.16
219735,37001.59
219734,43106.23
219733,28564.55
219732,10111.01
219731,13473.17
219730,15121.69
219729,11080.11
219728,28973.52
219727,40132.71
219726,30738.66
219725,20567.81
219724,20800.12
219723,22925.9
219722,21012.21
219721,29121.13
219720,38005.47
219719,42789.21
219718,15402.91
219717,18810.56
219716,16698.58
219715,23472.28
219714,30416.44
219713,34548.23
219712,23914.84
219711,28823.46
219710,14830.88
219709,16111.74
219708,17813.98
219707,22556.35
219706,31690.68
219705,25589.99
219704,12653.01
219703,24327.92
219702,27447.81
219701,28609.09
219700,31472.77
219699,44442.27
219698,36367.94
219697,23773.58
219696,22108.83
219695,25107.33
219694,23908.75
219693,33660.0
219692,40400.93
219691,29307.77
219690,14318.26
219689,18854.54
219688,19415.69
219687,17842.62
219686,29764.27
219685,27666.15
219684,30070.8
219683,13841.92
219682,14339.3
219681,14592.82
219680,18604.0
219679,18396.42
219678,18322.88
219677,21375.51
219676,15184.59
