162270,22344.9
162269,30056.46
162268,24672.5
162267,10020.27
162266,12788.54
162265,12591.19
162264,11427.16
162263,479.43
162262,21956.77
162261,14069.28
162260,9150.1
162259,6541.87
162258,8547.43
162257,19771.29
162256,19119.37
162255,21213.73
162254,17552.22
162253,21395.0
162252,14531.12
162251,16192.45
162250,14944.5
162249,16771.88
162248,21335.27
162247,16360.21
162246,10584.78
162245,10235.16
162244,10640.73
162243,12851.05
162242,23049.67
162241,26657.63
162240,18422.0
162239,16764.36
162238,18275.99
162237,16747.12
162236,16600.64
162235,23202.76
162234,29460.29
162233,20344.93
162232,16841.5
162231,18723.21
162230,19411.7
162229,35344.54
162228,43219.39
162227,55498.16
162226,35180.83
162225,38006.6
162224,22127.02
162223,26699.33
162222,15858.91
162221,30951.69
162220,36041.15
162219,26056.96
162218,18116.82
162217,19672.78
162216,20733.55
162215,18402.13
162214,27274.59
162213,36049.86
162212,25316.69
162211,25640.04
162210,20106.98
162209,20088.89
162208,29763.38
162207,37276.9
162206,41807.11
162205,33960.61
162204,25233.68
162203,27967.23
162202,35163.37
162201,24112.76
162200,30825.32
162199,39577.49
162198,32725.73
162197,21815.39
162196,16244.79
162195,27839.93
162194,31465.95
162193,29302.83
162192,39114.23
162191,31406.7
162190,26329.23
162189,30581.83
162188,31785.13
162187,25272.76
162186,40224.9
162185,48826.67
162184,13908.43
162183,18708.36
162182,12807.11
162181,17792.86
162180,24362.89
162179,25648.02
162178,23450.24
162177,781.14
162176,13728.7
162175,25315.18
162174,19548.6
162173,28976.23
162172,39765.59
162171,29924.07
162170,12544.88
162169,918.65
162168,370.29
162167,133.25
162166,19600.16
162165,26702.8
162164,21887.04
162163,417.78
162162,13424.12
162161,11651.29
162160,25449.58
162159,29366.84
162158,31774.47
162157,26668.04
162156,15217.89
162155,17870.17
162154,17493.04
162153,19198.28
162152,20807.11
162151,33470.94
162150,23757.57
162149,14894.68
162148,18738.78
162147,15359.35
162146,23931.12
162145,29159.32
162144,47209.98
162143,29357.48
162142,14254.26
162141,12744.98
162140,13168.98
162139,14641.19
162138,27116.21
162137,35402.76
162136,29076.74
162135,18743.55
162134,18833.54
162133,20619.69
162132,18269.77
162131,26558.04
162130,33459.44
162129,26970.17
162128,12653.99
162127,12781.19
162126,12988.58
162125,16556.07
162124,22437.73
162123,26817.18
162122,21463.63
162121,26332.78
162120,11933.81
162119,11830.59
162118,13990.27
162117,19361.61
162116,22526.0
162115,19557.98
162114,12310.58
162113,19261.82
162112,17301.9
162111,15202.7
162110,19748.08
162109,29707.55
162108,23479.95
162107,15828.21
162106,15091.57
162105,14977.01
162104,19228.83
162103,26704.59
162102,31156.29
162101,20490.12
162100,12407.79
162099,12575.96
162098,11494.79
162097,14385.7
162096,21046.4
162095,22236.14
162094,22682.41
162093,10145.58
162092,9318.57
162091,11619.17
162090,12429.48
162089,17623.12
162088,21625.8
162087,19267.33
162086,13936.91
