210835,19314.19
210834,25348.09
210833,22070.74
210832,10248.05
210831,10922.14
210830,9669.39
210829,11370.46
210828,1079.8
210827,15911.32
210826,12919.62
210825,5804.49
210824,5456.27
210823,8317.86
210822,12936.68
210821,16778.09
210820,23157.79
210819,17614.82
210818,13810.76
210817,9859.01
210816,12530.39
210815,8727.86
210814,13231.8
210813,18469.14
210812,18050.43
210811,8786.54
210810,9972.16
210809,8614.7
210808,8326.77
210807,14065.57
210806,23946.51
210805,15556.05
210804,9355.74
210803,9930.35
210802,7918.09
210801,14219.41
210800,19615.26
210799,21397.27
210798,14367.42
210797,7610.89
210796,9818.18
210795,10910.94
210794,23596.93
210793,28504.74
210792,35772.22
210791,20920.94
210790,19195.66
210789,11087.18
210788,17246.2
210787,11486.98
210786,18665.71
210785,22619.33
210784,21215.45
210783,10234.07
210782,8710.22
210781,10921.18
210780,9617.94
210779,19188.27
210778,25985.68
210777,18673.82
210776,16154.14
210775,10628.99
210774,8345.2
210773,21064.49
210772,23198.31
210771,34207.36
210770,27613.16
210769,17632.91
210768,20554.45
210767,26068.35
210766,18538.83
210765,20971.06
210764,30547.65
210763,25333.5
210762,10448.26
210761,9540.77
210760,22259.42
210759,19368.52
210758,26205.52
210757,43275.8
210756,25692.59
210755,16316.03
210754,19050.45
210753,23626.15
210752,21904.69
210751,34928.18
210750,45525.81
210749,11908.0
210748,11270.04
210747,13063.1
210746,14111.24
210745,15491.22
210744,27490.96
210743,19478.82
210742,4989.96
210741,8381.24
210740,16264.51
210739,19154.89
210738,19574.64
210737,37722.48
210736,29257.29
210735,614.17
210734,11906.01
210733,10680.35
210732,12704.54
210731,20395.07
210730,26219.92
210729,26074.09
210728,14385.49
210727,12995.98
210726,11147.15
210725,24765.36
210724,28165.52
210723,36692.73
210722,29558.36
210721,16258.9
210720,17509.18
210719,20412.75
210718,16403.8
210717,562.9
210716,31503.98
210715,24496.04
210714,12315.3
210713,15730.38
210712,18045.85
210711,20989.39
210710,26437.75
210709,40060.82
210708,27885.07
210707,10222.38
210706,13104.56
210705,12877.28
210704,14451.14
210703,30170.13
210702,32251.61
210701,25974.85
210700,15385.48
210699,18781.83
210698,20357.69
210697,18792.56
210696,24735.72
210695,30794.91
210694,31026.55
210693,15413.43
210692,14915.05
210691,17346.81
210690,193.92
210689,34812.32
210688,47402.14
210687,37046.62
210686,38241.28
210685,17341.37
210684,20250.68
210683,22099.69
210682,27761.73
210681,29339.89
210680,29446.44
210679,10900.27
210678,24102.31
210677,21061.08
210676,23018.36
210675,24964.89
210674,34206.4
210673,27594.08
210672,15767.49
210671,15053.67
210670,16724.79
210669,20196.9
210668,29920.92
210667,37924.18
210666,25396.04
210665,13938.38
210664,23205.89
210663,19068.46
210662,18587.83
210661,28257.54
210660,20994.05
210659,24761.48
210658,16096.59
210657,12206.52
210656,16759.53
210655,16666.5
210654,23459.6
210653,25959.36
210652,20217.09
210651,17403.37
