65092,23879.94
65091,38952.04
65090,37962.44
65089,8053.3
65088,11671.55
65087,10068.84
65086,11735.85
65085,391.85
65084,32207.34
65083,22860.49
65082,8653.42
65081,9182.08
65080,10602.71
65079,12620.72
65078,20699.4
65077,32958.39
65076,22657.44
65075,22387.14
65074,11558.68
65073,13631.33
65072,12037.19
65071,13815.1
65070,32032.06
65069,23662.2
65068,8956.34
65067,10468.96
65066,12578.0
65065,9914.1
65064,19664.88
65063,34882.36
65062,24306.45
65061,15135.53
65060,14358.86
65059,16093.99
65058,21014.47
65057,22120.23
65056,38653.06
65055,24048.11
65054,14201.81
65053,16842.88
65052,17356.36
65051,34076.69
65050,44077.99
65049,67031.38
65048,42729.66
65047,26560.52
65046,20546.68
65045,21733.62
65044,15505.27
65043,30392.18
65042,49690.12
65041,33903.05
65040,15275.98
65039,12606.7
65038,19413.6
65037,14709.65
65036,27083.13
65035,42423.68
65034,25647.85
65033,21009.28
65032,17926.94
65031,17444.11
65030,30618.98
65029,37033.2
65028,53043.48
65027,36299.37
65026,24290.17
65025,25712.34
65024,36621.93
65023,23421.52
65022,30052.74
65021,50777.44
65020,34882.78
65019,17949.17
65018,16782.2
65017,28543.84
65016,25766.61
65015,31903.58
65014,49980.04
65013,34144.05
65012,20451.16
65011,22484.61
65010,29317.9
65009,26850.55
65008,47246.38
65007,70440.36
65006,13981.38
65005,12373.52
65004,11551.11
65003,23267.58
65002,24267.94
65001,42189.94
65000,29269.41
64999,14216.43
64998,17278.61
64997,27266.67
64996,26963.25
64995,36291.08
64994,55356.84
64993,42464.21
64992,185.44
64991,13495.4
64990,17529.53
64989,16092.28
64988,25497.67
64987,43443.25
64986,27441.11
64985,16136.76
64984,14841.66
64983,15169.68
64982,31378.04
64981,31581.63
64980,49148.09
64979,35424.89
64978,18979.87
64977,18720.26
64976,23899.67
64975,27704.67
64974,60.16
64973,59381.66
64972,30920.22
64971,19742.83
64970,18961.94
64969,24999.12
64968,35955.86
64967,43678.27
64966,78573.65
64965,49140.34
64964,19926.7
64963,18280.0
64962,17510.25
64961,21189.82
64960,40762.14
64959,48690.59
64958,38438.42
64957,21284.01
64956,21517.94
64955,26026.12
64954,22253.52
64953,31852.59
64952,51744.75
64951,43674.61
64950,13728.81
64949,17652.54
64948,21302.96
64947,5.99
64946,37791.05
64945,50918.41
64944,34835.55
64943,45617.84
64942,17739.54
64941,18089.65
64940,21871.22
64939,35918.23
64938,46090.2
64937,32522.82
64936,15868.18
64935,28716.57
64934,24528.5
64933,24259.63
64932,35265.22
64931,52949.58
64930,37518.04
64929,20267.63
64928,23197.63
64927,22903.75
64926,29964.91
64925,46507.32
64924,66253.6
64923,48468.07
64922,18060.29
64921,16348.89
64920,16652.55
64919,20111.67
64918,31115.39
64917,36093.57
64916,37122.16
64915,16120.38
64914,13184.94
64913,19083.53
64912,26761.42
64911,30597.21
64910,43204.04
64909,23810.56
64908,24807.7
