193669,17548.85
193668,28558.68
193667,28322.76
193666,7296.42
193665,7793.58
193664,8178.93
193663,8929.51
193662,796.22
193661,17294.57
193660,16513.12
193659,8841.05
193658,5625.21
193657,9734.26
193656,16877.95
193655,14721.66
193654,26276.5
193653,14505.2
193652,15075.4
193651,12247.66
193650,14275.99
193649,11642.15
193648,11516.48
193647,26332.86
193646,23381.28
193645,8611.25
193644,7643.98
193643,8632.26
193642,10193.38
193641,17512.03
193640,24591.13
193639,19113.57
193638,12096.75
193637,10077.39
193636,12407.56
193635,15201.06
193634,15418.11
193633,27062.07
193632,18508.8
193631,11209.93
193630,10020.35
193629,12852.63
193628,24232.08
193627,29657.74
193626,50538.76
193625,22267.91
193624,19481.27
193623,14170.85
193622,18914.84
193621,13618.03
193620,19294.74
193619,33699.36
193618,32683.88
193617,9193.22
193616,11826.49
193615,9848.52
193614,10772.74
193613,18911.33
193612,31577.25
193611,23426.83
193610,18031.47
193609,8096.57
193608,10939.64
193607,24174.72
193606,27975.37
193605,46149.16
193604,37707.54
193603,23911.4
193602,23175.15
193601,37394.93
193600,17913.79
193599,20146.54
193598,34684.47
193597,32130.31
193596,10481.83
193595,13012.74
193594,26869.27
193593,24381.55
193592,28400.68
193591,44049.4
193590,37255.5
193589,22364.32
193588,21645.03
193587,26599.18
193586,21803.73
193585,35305.74
193584,52549.19
193583,14063.02
193582,12609.05
193581,12333.2
193580,14257.86
193579,17993.33
193578,24431.18
193577,23578.78
193576,411.29
193575,9909.92
193574,14865.91
193573,22684.98
193572,26415.14
193571,39650.5
193570,38065.13
193569,11016.6
193568,896.97
193567,533.73
193566,173.86
193565,17212.54
193564,29156.24
193563,30063.67
193562,371.49
193561,9789.38
193560,16059.98
193559,31284.69
193558,33067.97
193557,42649.91
193556,35405.45
193555,20074.4
193554,19026.88
193553,18982.44
193552,18284.75
193551,29455.7
193550,44758.28
193549,30202.85
193548,12346.86
193547,17182.91
193546,15473.52
193545,28004.16
193544,35510.17
193543,51153.6
193542,33661.7
193541,12739.36
193540,15365.84
193539,10970.7
193538,12845.64
193537,29017.79
193536,37847.36
193535,32775.5
193534,17758.42
193533,18785.72
193532,21109.85
193531,21518.59
193530,27593.58
193529,37827.37
193528,40821.99
193527,17930.19
193526,20460.7
193525,18361.33
193524,3172.56
193523,33079.33
193522,44992.3
193521,28583.38
193520,30651.21
193519,10829.69
193518,17463.86
193517,20309.59
193516,22741.59
193515,32429.49
193514,30009.7
193513,15715.53
193512,26381.48
193511,23417.54
193510,23663.53
193509,31170.78
193508,39489.92
193507,36013.2
193506,20342.27
193505,26233.08
193504,22681.48
193503,25749.54
193502,34624.86
193501,47931.75
193500,36721.61
193499,12193.81
193498,11406.1
193497,9907.93
193496,17131.1
193495,25414.8
193494,27808.42
193493,31069.45
193492,9915.34
193491,9020.3
193490,13961.61
193489,17673.94
193488,19294.19
193487,29109.84
193486,20311.28
193485,12379.92
