22435,36338.51
22434,56438.43
22433,28273.87
22432,15563.59
22431,14329.47
22430,14317.84
22429,13111.46
22428,1538.3
22427,25371.06
22426,17803.85
22425,12000.99
22424,11197.35
22423,11027.64
22422,23481.08
22421,25000.98
22420,44949.55
22419,24343.75
22418,25714.52
22417,8043.44
22416,12878.12
22415,12132.0
22414,17765.05
22413,42713.44
22412,22508.69
22411,12393.95
22410,11752.93
22409,13109.69
22408,15971.22
22407,26087.63
22406,43788.75
22405,22613.97
22404,14420.55
22403,15338.64
22402,14640.6
22401,19018.49
22400,27583.27
22399,48675.41
22398,21612.63
22397,15192.43
22396,17057.8
22395,18603.97
22394,33350.03
22393,51264.45
22392,86850.37
22391,42607.24
22390,40007.71
22389,18244.57
22388,28593.36
22387,21016.33
22386,37053.81
22385,63503.95
22384,34805.39
22383,16175.79
22382,14366.64
22381,16736.46
22380,16278.58
22379,37577.23
22378,60509.99
22377,26129.98
22376,24119.24
22375,15184.75
22374,20099.25
22373,39261.07
22372,53089.78
22371,85981.45
22370,44853.49
22369,31602.71
22368,29170.51
22367,42493.02
22366,26416.15
22365,39999.34
22364,72209.43
22363,41062.85
22362,22107.94
22361,21572.74
22360,35109.29
22359,38697.07
22358,44821.97
22357,79540.03
22356,35973.9
22355,29218.6
22354,33841.5
22353,37801.31
22352,32394.9
22351,63073.97
22350,72672.91
22349,19165.62
22348,15351.85
22347,13826.07
22346,22262.48
22345,28867.65
22344,45871.22
22343,27052.87
22342,331.51
22341,15439.35
22340,32120.66
22339,27310.68
22338,43827.66
22337,67363.98
22336,40004.88
22335,13302.32
22334,778.1
22333,642.54
22332,108.19
22331,27028.07
22330,43581.06
22329,28568.31
22328,754.8
22327,15409.1
22326,18507.3
22325,32557.11
22324,44349.31
22323,61357.48
22322,34757.75
22321,28576.16
22320,22778.27
22319,29458.09
22318,28969.8
22317,35187.24
22316,74352.94
22315,32259.93
22314,17474.29
22313,22699.21
22312,23168.39
22311,33548.93
22310,44465.75
22309,67176.69
22308,40309.85
22307,20048.06
22306,22799.28
22305,24321.35
22304,25960.67
22303,53182.07
22302,71140.65
22301,39677.44
22300,22502.3
22299,29884.09
22298,33787.91
22297,29531.88
22296,43403.08
22295,62528.37
22294,41829.93
22293,23329.62
22292,17574.03
22291,23831.1
22290,29991.83
22289,38369.93
22288,51775.26
22287,32700.9
22286,39667.47
22285,17227.7
22284,21546.79
22283,25466.43
22282,33232.61
22281,49033.12
22280,28670.11
22279,22942.15
22278,41178.06
22277,33336.05
22276,32986.47
22275,38314.48
22274,59573.22
22273,32305.49
22272,27332.03
22271,29016.48
22270,33483.08
22269,38842.69
22268,46549.08
22267,57922.31
22266,35286.29
22265,19509.6
22264,21487.73
22263,18445.98
22262,24776.15
22261,35168.82
22260,40605.19
22259,33569.84
22258,18260.21
22257,17654.58
22256,21028.85
22255,25556.5
22254,30017.03
22253,38037.65
22252,24222.47
22251,23393.84
