181985,25904.06
181984,34290.79
181983,25457.29
181982,10475.98
181981,11797.71
181980,11292.3
181979,11171.93
181978,1128.38
181977,18391.36
181976,12864.51
181975,9745.86
181974,7030.8
181973,9171.43
181972,13404.84
181971,18011.34
181970,22590.79
181969,19092.97
181968,15927.26
181967,13827.84
181966,6532.33
181965,9717.29
181964,713.03
181963,10334.99
181962,14592.37
181961,7780.49
181960,9356.84
181959,10281.33
181958,9585.87
181957,18419.82
181956,27985.38
181955,19222.21
181954,10934.22
181953,10885.03
181952,12718.39
181951,13320.8
181950,16801.56
181949,26457.98
181948,15175.07
181947,10091.03
181946,8697.94
181945,14983.0
181944,25186.56
181943,34454.54
181942,51341.53
181941,18213.23
181940,15004.77
181939,17926.01
181938,15684.0
181937,12772.88
181936,22612.8
181935,39062.14
181934,22860.22
181933,12388.83
181932,13656.8
181931,12942.35
181930,9435.91
181929,19525.93
181928,33291.84
181927,23591.3
181926,16394.08
181925,11175.41
181924,12547.23
181923,20575.19
181922,25323.74
181921,44929.53
181920,37531.9
181919,20139.63
181918,22920.87
181917,29938.2
181916,16143.58
181915,28817.11
181914,39888.23
181913,30807.22
181912,14310.65
181911,18096.3
181910,26194.46
181909,20754.86
181908,29141.79
181907,47352.84
181906,33858.8
181905,21886.21
181904,24086.49
181903,27672.78
181902,25399.77
181901,46909.0
181900,67096.35
181899,16588.43
181898,17952.13
181897,16405.4
181896,14378.96
181895,22717.46
181894,32127.43
181893,23452.93
181892,624.15
181891,14109.72
181890,22869.54
181889,20772.84
181888,23902.75
181887,39367.93
181886,26997.96
181885,7962.86
181884,467.63
181883,621.23
181882,204.28
181881,20828.1
181880,33508.46
181879,24681.57
181878,1214.78
181877,19893.35
181876,18925.27
181875,26047.92
181874,33145.51
181873,39739.83
181872,33424.63
181871,17950.77
181870,19398.46
181869,18884.2
181868,22571.48
181867,28466.19
181866,45908.17
181865,29122.29
181864,14857.87
181863,18766.52
181862,20425.02
181861,28246.26
181860,34463.98
181859,38381.04
181858,28151.61
181857,12543.53
181856,14689.55
181855,15777.36
181854,17703.76
181853,34260.36
181852,39932.22
181851,22890.78
181850,17494.62
181849,18200.85
181848,17627.37
181847,17146.04
181846,24601.11
181845,44623.29
181844,33168.56
181843,17568.36
181842,20338.02
181841,16370.41
181840,19863.76
181839,32997.12
181838,35729.36
181837,25031.19
181836,32119.02
181835,14780.2
181834,18262.41
181833,19510.69
181832,22663.66
181831,31981.12
181830,25382.9
181829,14132.22
181828,23798.14
181827,22827.79
181826,24578.19
181825,29538.77
181824,30820.49
181823,28836.7
181822,19594.1
181821,19589.75
181820,24492.22
181819,24442.74
181818,34922.92
181817,37669.75
181816,28612.04
181815,14375.13
181814,14248.17
181813,16706.38
181812,18174.1
181811,26785.35
181810,24962.75
181809,22590.62
181808,14109.46
181807,9865.19
181806,15943.82
181805,17669.88
181804,21566.88
181803,24517.47
181802,20732.91
181801,18316.38
