124543,27277.78
124542,52853.39
124541,31931.91
124540,13495.35
124539,17985.98
124538,16409.73
124537,18676.57
124536,1572.47
124535,30738.22
124534,12926.53
124533,12137.03
124532,12664.85
124531,12033.93
124530,22357.11
124529,32554.56
124528,36614.19
124527,22849.76
124526,25422.71
124525,19919.66
124524,18446.89
124523,19381.45
124522,21373.63
124521,40580.02
124520,28513.72
124519,9337.75
124518,13155.83
124517,14880.81
124516,14585.34
124515,26081.06
124514,44203.4
124513,29279.74
124512,20439.17
124511,17024.74
124510,18271.13
124509,21272.44
124508,27162.55
124507,42318.5
124506,16652.59
124505,15458.28
124504,18054.83
124503,25069.99
124502,41640.48
124501,46913.85
124500,66545.75
124499,35970.57
124498,41602.74
124497,27747.56
124496,30091.21
124495,25131.33
124494,35097.99
124493,67505.7
124492,37320.97
124491,23115.84
124490,18906.51
124489,23428.81
124488,16873.1
124487,28275.38
124486,49467.08
124485,30310.12
124484,22433.89
124483,21098.96
124482,20645.44
124481,46302.05
124480,40570.89
124479,76454.17
124478,48045.32
124477,34576.22
124476,33253.05
124475,48895.04
124474,31224.46
124473,33717.47
124472,52911.93
124471,40718.51
124470,17443.22
124469,20684.36
124468,32698.7
124467,33049.16
124466,42685.51
124465,78839.86
124464,53759.8
124463,33446.26
124462,33009.05
124461,38154.32
124460,34370.27
124459,54048.94
124458,57830.94
124457,25572.19
124456,17479.42
124455,21484.95
124454,23458.97
124453,31561.57
124452,47293.6
124451,26541.5
124450,1083.52
124449,13997.38
124448,29253.1
124447,27023.74
124446,36428.5
124445,56528.97
124444,42661.96
124443,19122.57
124442,18902.06
124441,22341.07
124440,20440.97
124439,40720.47
124438,47105.57
124437,36251.74
124436,24648.47
124435,23923.17
124434,23780.49
124433,48661.06
124432,51435.24
124431,59265.81
124430,51126.78
124429,32039.55
124428,30682.58
124427,29847.19
124426,34866.3
124425,1078.13
124424,56986.0
124423,28023.97
124422,25916.87
124421,26940.69
124420,31931.18
124419,43530.28
124418,45561.4
124417,65971.75
124416,38601.62
124415,23909.12
124414,24948.74
124413,30113.97
124412,24424.61
124411,42888.03
124410,73190.28
124409,40094.61
124408,31838.81
124407,33977.68
124406,41480.43
124405,35994.52
124404,42047.11
124403,56476.47
124402,48167.53
124401,27342.31
124400,27628.62
124399,32272.02
124398,790.84
124397,38886.76
124396,61409.08
124395,40142.57
124394,28791.5
124393,28899.52
124392,31969.31
124391,29863.53
124390,42029.6
124389,51075.17
124388,28110.94
124387,28524.56
124386,43603.45
124385,45312.65
124384,41714.83
124383,54509.73
124382,51301.04
124381,44430.05
124380,40570.12
124379,41507.09
124378,45773.48
124377,45622.59
124376,49664.48
124375,53869.44
124374,35358.94
124373,31860.82
124372,33015.69
124371,39207.03
124370,35249.49
124369,41678.1
124368,40985.3
124367,40226.1
124366,29931.36
124365,21334.95
124364,32702.68
124363,40283.01
124362,38433.82
124361,46349.14
124360,30783.71
124359,18133.01
