64664,29900.64
64663,49724.88
64662,48907.39
64661,11656.56
64660,14215.51
64659,19364.94
64658,17748.21
64657,1781.0
64656,34842.38
64655,26906.93
64654,11025.39
64653,12306.94
64652,17811.85
64651,36360.75
64650,35870.93
64649,56476.16
64648,46299.94
64647,42544.93
64646,23291.78
64645,29374.42
64644,32986.41
64643,28564.14
64642,523.91
64641,15606.03
64640,14268.33
64639,17661.26
64638,18816.9
64637,17874.73
64636,27402.74
64635,48395.56
64634,34572.73
64633,14423.34
64632,20383.99
64631,18306.66
64630,25289.74
64629,14098.42
64628,47685.89
64627,36827.82
64626,15601.05
64625,22868.16
64624,27817.74
64623,51777.7
64622,66397.92
64621,84368.54
64620,47299.02
64619,42146.94
64618,28929.52
64617,43434.4
64616,31194.1
64615,44743.85
64614,58557.25
64613,52618.07
64612,20113.77
64611,13614.5
64610,20513.06
64609,20981.76
64608,28467.13
64607,50652.69
64606,38793.15
64605,27764.81
64604,23538.39
64603,19477.81
64602,55173.34
64601,54413.46
64600,89504.94
64599,85559.31
64598,52524.11
64597,53233.41
64596,72717.41
64595,38883.97
64594,42114.98
64593,71552.16
64592,57829.87
64591,19454.21
64590,27113.05
64589,56233.17
64588,46698.01
64587,56442.38
64586,108626.87
64585,43361.78
64584,39199.04
64583,43685.28
64582,58858.3
64581,54808.29
64580,72226.27
64579,87346.5
64578,26453.43
64577,18494.65
64576,20591.33
64575,30033.22
64574,32903.55
64573,54189.7
64572,47868.11
64571,16238.75
64570,24328.91
64569,43831.07
64568,38386.33
64567,51323.62
64566,76249.65
64565,70986.71
64564,1321.76
64563,22009.5
64562,28800.28
64561,31360.8
64560,37945.96
64559,58504.58
64558,56536.74
64557,31587.31
64556,34276.55
64555,32508.95
64554,69071.74
64553,74950.64
64552,92950.86
64551,83483.69
64550,48535.14
64549,51278.35
64548,54619.98
64547,48243.85
64546,540.6
64545,85687.26
64544,48792.44
64543,27618.4
64542,28658.04
64541,37781.75
64540,47664.2
64539,59136.48
64538,94390.74
64537,54070.44
64536,24646.31
64535,22597.12
64534,30273.79
64533,28125.98
64532,62231.31
64531,89796.09
64530,70589.98
64529,39358.37
64528,41229.03
64527,45553.51
64526,41316.51
64525,54169.22
64524,82081.84
64523,80829.91
64522,40114.04
64521,38202.85
64520,44804.67
64519,771.91
64518,65110.39
64517,84269.99
64516,67009.81
64515,85688.04
64514,31245.98
64513,37254.53
64512,42522.32
64511,44345.39
64510,55626.47
64509,67080.08
64508,35442.5
64507,67613.12
64506,61020.93
64505,63791.86
64504,62516.2
64503,97271.17
64502,79879.09
64501,48378.59
64500,55611.1
64499,56225.61
64498,65721.52
64497,72575.37
64496,104737.1
64495,69294.25
64494,35785.73
64493,40247.46
64492,43938.65
64491,45456.22
64490,60184.2
64489,61067.12
64488,65971.39
64487,34683.56
64486,22038.35
64485,41054.78
64484,44494.85
64483,45179.61
64482,61956.89
64481,53055.32
64480,43054.18
