70084,25970.52
70083,48370.3
70082,32950.95
70081,16433.51
70080,9334.67
70079,13166.65
70078,11737.21
70077,464.45
70076,31985.16
70075,23810.19
70074,14654.02
70073,10856.83
70072,10218.56
70071,18534.6
70070,21794.23
70069,37323.67
70068,23987.83
70067,20768.07
70066,14369.08
70065,11807.55
70064,15681.78
70063,8496.79
70062,22157.08
70061,30791.72
70060,11459.05
70059,12371.21
70058,10213.25
70057,13378.16
70056,21572.37
70055,40572.09
70054,24978.27
70053,12143.12
70052,13465.78
70051,11675.86
70050,15012.34
70049,25084.29
70048,44009.77
70047,21489.09
70046,9559.71
70045,16756.28
70044,20311.32
70043,35050.06
70042,45011.37
70041,81295.48
70040,38731.32
70039,24991.3
70038,19023.7
70037,19085.04
70036,17373.75
70035,32507.06
70034,47734.51
70033,30787.59
70032,15328.99
70031,12769.69
70030,13624.02
70029,14295.4
70028,26692.62
70027,46989.91
70026,25109.3
70025,18862.9
70024,15684.01
70023,16905.17
70022,28365.83
70021,38890.4
70020,67250.97
70019,41733.37
70018,27719.65
70017,29824.61
70016,41211.31
70015,29071.76
70014,35651.43
70013,60049.71
70012,48068.16
70011,15595.74
70010,19232.13
70009,32680.38
70008,27538.47
70007,41864.73
70006,69445.41
70005,44035.02
70004,23661.53
70003,27703.92
70002,36089.83
70001,27246.69
70000,59087.73
69999,80411.68
69998,17009.27
69997,18333.1
69996,21285.27
69995,22375.37
69994,31860.57
69993,42744.78
69992,28023.98
69991,920.98
69990,17732.71
69989,25581.49
69988,26816.86
69987,36774.09
69986,49804.09
69985,36269.63
69984,10735.04
69983,11184.78
69982,16198.91
69981,19584.7
69980,22059.28
69979,41477.92
69978,28476.77
69977,15771.76
69976,17491.68
69975,17151.07
69974,29164.55
69973,39270.0
69972,52016.71
69971,38935.37
69970,20557.84
69969,21672.8
69968,26948.43
69967,25498.25
69966,592.9
69965,62293.45
69964,39380.83
69963,20133.48
69962,25726.16
69961,26893.06
69960,33500.65
69959,46445.08
69958,75577.53
69957,43622.64
69956,16821.05
69955,19758.29
69954,21107.89
69953,18936.78
69952,43365.74
69951,55437.27
69950,43266.44
69949,22377.0
69948,24333.44
69947,26790.01
69946,29139.39
69945,34177.73
69944,62645.82
69943,45243.38
69942,18263.97
69941,21446.35
69940,23259.76
69939,217.43
69938,38525.12
69937,46580.21
69936,35429.48
69935,41888.48
69934,14772.08
69933,17356.95
69932,25957.02
69931,32457.12
69930,41403.75
69929,32131.29
69928,17737.05
69927,28289.05
69926,26245.15
69925,30948.55
69924,38324.64
69923,52358.52
69922,37540.76
69921,21205.82
69920,22437.21
69919,24113.82
69918,32177.93
69917,40594.68
69916,59176.22
69915,31836.75
69914,16256.53
69913,15802.26
69912,14411.93
69911,23671.58
69910,34103.68
69909,33989.64
69908,36491.51
69907,15036.65
69906,16494.59
69905,21663.47
69904,24017.01
69903,27164.12
69902,34171.13
69901,23348.16
69900,19943.59
