204383,17718.96
204382,28302.82
204381,25812.43
204380,8975.83
204379,12224.04
204378,12196.2
204377,15670.2
204376,637.62
204375,19036.29
204374,15272.69
204373,11221.03
204372,9268.88
204371,8619.74
204370,14025.39
204369,17341.1
204368,24053.7
204367,17059.99
204366,14689.74
204365,11998.84
204364,11251.41
204363,13335.12
204362,15045.93
204361,22812.99
204360,19454.69
204359,10119.9
204358,10486.55
204357,10798.26
204356,12803.05
204355,16183.37
204354,24831.07
204353,14104.17
204352,13207.94
204351,14741.13
204350,10758.06
204349,15305.32
204348,17105.03
204347,24828.66
204346,16349.72
204345,14734.4
204344,15314.97
204343,20247.78
204342,31573.33
204341,35641.9
204340,61401.76
204339,38374.15
204338,26621.12
204337,18096.58
204336,20067.23
204335,16982.5
204334,25221.92
204333,36030.6
204332,24921.19
204331,17972.55
204330,16567.58
204329,13937.84
204328,13295.3
204327,24107.8
204326,28856.07
204325,18559.01
204324,20529.08
204323,16133.19
204322,16664.94
204321,28980.31
204320,28576.94
204319,39504.89
204318,32390.84
204317,21250.61
204316,24277.39
204315,33655.8
204314,23354.78
204313,20763.83
204312,35771.83
204311,30610.18
204310,19093.8
204309,16091.03
204308,25244.64
204307,24930.05
204306,28271.35
204305,43047.71
204304,27249.45
204303,20546.92
204302,20777.6
204301,28317.19
204300,23450.76
204299,32577.98
204298,43398.36
204297,14326.55
204296,16840.18
204295,14057.9
204294,21014.54
204293,19819.2
204292,32010.84
204291,25732.05
204290,13777.54
204289,28479.0
204288,24109.62
204287,29094.31
204286,34693.33
204285,29997.5
204284,11779.1
204283,13051.18
204282,16315.71
204281,17478.02
204280,22745.91
204279,32163.6
204278,22094.52
204277,11846.4
204276,13323.23
204275,14252.93
204274,26252.37
204273,29226.08
204272,36319.18
204271,21902.87
204270,16303.66
204269,18085.49
204268,17921.64
204267,18821.77
204266,35882.32
204265,24795.84
204264,16394.82
204263,19973.18
204262,19687.18
204261,32944.02
204260,36838.22
204259,58654.72
204258,51883.76
204257,20818.08
204256,23281.23
204255,21133.93
204254,19129.22
204253,33639.56
204252,34078.3
204251,29858.08
204250,17805.12
204249,18018.55
204248,20032.37
204247,24862.43
204246,30403.51
204245,37163.28
204244,28894.28
204243,14627.93
204242,16679.92
204241,18137.7
204240,33876.07
204239,32698.06
204238,27764.2
204237,30677.39
204236,16563.91
204235,13465.45
204234,20644.67
204233,23086.29
204232,28417.85
204231,29944.75
204230,15902.97
204229,23526.51
204228,20287.35
204227,21644.37
204226,26273.92
204225,35743.27
204224,29930.71
204223,20216.02
204222,19644.76
204221,19283.5
204220,28683.58
204219,33084.03
204218,43274.29
204217,36290.75
204216,15677.5
204215,15986.42
204214,14617.48
204213,15246.09
204212,26224.18
204211,26534.18
204210,26642.83
204209,12547.11
204208,8169.58
204207,14824.72
204206,16954.04
204205,21737.13
204204,30359.77
204203,22166.36
204202,18687.25
