149988,22230.1
149987,48668.01
149986,37594.76
149985,14303.11
149984,15226.63
149983,13488.1
149982,13879.75
149981,990.86
149980,26089.45
149979,20944.68
149978,10444.14
149977,8441.85
149976,11096.15
149975,22300.65
149974,24461.94
149973,42569.94
149972,24787.94
149971,22891.47
149970,14670.06
149969,14126.41
149968,19210.79
149967,18869.54
149966,40183.58
149965,31265.22
149964,12412.35
149963,12155.48
149962,13065.89
149961,10478.92
149960,23138.14
149959,43840.08
149958,26069.41
149957,15933.81
149956,10806.36
149955,17942.46
149954,19310.77
149953,24706.01
149952,37010.66
149951,23606.75
149950,12856.0
149949,14507.56
149948,21115.05
149947,38230.75
149946,46130.54
149945,67686.91
149944,29032.63
149943,31125.38
149942,18758.94
149941,26729.14
149940,22805.38
149939,28739.67
149938,51942.0
149937,37258.46
149936,16144.41
149935,14990.27
149934,6488.76
149933,14312.42
149932,27387.33
149931,45342.57
149930,27591.54
149929,21204.82
149928,11024.34
149927,15438.97
149926,29796.71
149925,52189.47
149924,75317.23
149923,58697.74
149922,32273.44
149921,36605.04
149920,45532.56
149919,28546.91
149918,29793.18
149917,54195.79
149916,39298.24
149915,16045.94
149914,17852.94
149913,32916.18
149912,30922.78
149911,40148.61
149910,64615.41
149909,47396.89
149908,30263.01
149907,29586.31
149906,36123.95
149905,28912.3
149904,56643.51
149903,61887.09
149902,18626.71
149901,16541.48
149900,18393.03
149899,19279.27
149898,26522.28
149897,38767.21
149896,29164.48
149895,11913.72
149894,14636.82
149893,20012.14
149892,22973.21
149891,34006.53
149890,57856.14
149889,34002.77
149888,813.62
149887,14994.85
149886,19740.16
149885,20090.03
149884,27705.45
149883,40545.3
149882,37755.76
149881,21643.88
149880,19621.53
149879,22864.41
149878,44387.85
149877,48825.15
149876,64234.71
149875,43517.21
149874,24114.44
149873,26267.46
149872,30649.53
149871,29058.41
149870,991.58
149869,64577.0
149868,43063.91
149867,23599.31
149866,18763.08
149865,24284.46
149864,32729.75
149863,46806.59
149862,59758.26
149861,38699.88
149860,14602.65
149859,18982.67
149858,21830.16
149857,22118.56
149856,48422.05
149855,52651.38
149854,47138.92
149853,24047.57
149852,24121.38
149851,31799.76
149850,27367.14
149849,37558.91
149848,54709.33
149847,44115.72
149846,23097.72
149845,25214.6
149844,27969.21
149843,149.99
149842,46281.13
149841,56430.26
149840,35612.58
149839,42045.39
149838,22384.98
149837,24981.09
149836,33907.63
149835,32721.66
149834,44814.87
149833,34229.67
149832,19717.68
149831,33498.66
149830,39969.27
149829,42832.6
149828,48868.9
149827,49818.7
149826,45459.89
149825,25590.88
149824,33960.44
149823,37372.63
149822,44664.76
149821,58536.15
149820,53945.81
149819,40880.62
149818,19968.56
149817,22537.53
149816,20043.38
149815,24427.94
149814,39117.99
149813,34635.87
149812,39874.84
149811,18800.0
149810,11165.82
149809,21725.94
149808,21890.14
149807,32602.78
149806,33325.45
149805,24683.18
149804,16904.8
