213716,13566.58
213715,24032.34
213714,17632.3
213713,11052.0
213712,9239.16
213711,10242.04
213710,12319.84
213709,375.69
213708,17032.91
213707,15651.04
213706,11437.77
213705,9233.26
213704,13410.07
213703,19897.95
213702,12482.75
213701,19654.3
213700,16696.98
213699,21068.2
213698,15509.73
213697,16770.34
213696,16429.79
213695,15628.85
213694,25309.19
213693,18692.43
213692,9415.97
213691,11208.95
213690,11512.37
213689,12225.64
213688,16723.93
213687,22860.64
213686,17053.17
213685,13210.31
213684,14374.65
213683,12338.49
213682,16424.43
213681,18779.64
213680,22716.06
213679,17346.89
213678,17748.68
213677,14833.17
213676,20592.6
213675,30792.37
213674,21494.89
213673,35178.22
213672,23592.34
213671,26603.85
213670,17063.53
213669,21647.37
213668,12132.7
213667,21117.77
213666,23778.26
213665,23601.33
213664,12437.1
213663,13487.65
213662,12132.83
213661,17689.04
213660,18936.37
213659,21902.75
213658,17931.06
213657,17849.21
213656,9655.03
213655,10956.77
213654,27283.13
213653,24398.8
213652,32686.31
213651,22880.1
213650,25717.31
213649,29926.62
213648,33365.9
213647,21356.27
213646,23196.47
213645,22791.89
213644,22571.9
213643,16918.01
213642,16883.49
213641,28622.01
213640,23209.62
213639,24170.88
213638,31549.46
213637,26982.41
213636,25788.73
213635,22062.11
213634,21165.16
213633,22506.76
213632,26660.97
213631,29115.02
213630,14539.46
213629,13344.69
213628,14122.03
213627,15534.75
213626,12609.41
213625,23414.12
213624,19124.06
213623,10292.17
213622,11745.58
213621,22508.95
213620,20767.78
213619,23790.9
213618,31633.53
213617,27949.97
213616,899.22
213615,10108.6
213614,12044.03
213613,15188.41
213612,16311.11
213611,22611.72
213610,17127.65
213609,9251.69
213608,8864.83
213607,12165.9
213606,22992.29
213605,22005.74
213604,26885.9
213603,26825.24
213602,17036.91
213601,20078.07
213600,18153.67
213599,19284.13
213598,456.86
213597,26026.08
213596,18273.96
213595,16895.48
213594,13866.95
213593,13169.63
213592,17984.58
213591,20414.17
213590,28064.47
213589,18383.93
213588,11420.25
213587,11522.86
213586,12482.49
213585,11084.37
213584,25156.57
213583,25612.44
213582,20602.82
213581,15492.83
213580,16128.5
213579,18471.83
213578,15777.34
213577,16370.59
213576,24604.7
213575,20281.56
213574,13527.96
213573,11850.92
213572,10755.24
213571,13043.46
213570,17904.23
213569,24442.9
213568,21468.63
213567,23301.79
213566,11239.81
213565,12067.15
213564,14757.32
213563,12042.65
213562,14989.74
213561,16552.31
213560,6789.9
213559,15340.61
213558,18309.25
213557,16613.43
213556,18048.94
213555,24612.39
213554,23533.72
213553,13713.03
213552,14173.15
213551,12077.33
213550,16536.97
213549,16241.7
213548,22443.48
213547,17713.58
213546,6952.32
213545,7906.17
213544,9484.4
213543,10036.85
213542,16779.34
213541,16770.49
213540,17475.16
213539,8936.15
213538,6171.21
213537,10324.02
213536,12336.71
213535,15682.66
213534,16062.78
213533,13937.22
213532,11977.92
