64280,50284.41
64279,64883.47
64278,55720.46
64277,22567.84
64276,19795.59
64275,22312.3
64274,25245.6
64273,1854.49
64272,49209.89
64271,26873.81
64270,15163.46
64269,18543.37
64268,18387.24
64267,35457.52
64266,44372.04
64265,64479.93
64264,38036.73
64263,41499.32
64262,25736.52
64261,21559.86
64260,34792.35
64259,32535.27
64258,73687.24
64257,47700.3
64256,15710.5
64255,17830.32
64254,21531.15
64253,21179.84
64252,42157.3
64251,67880.56
64250,51221.33
64249,23371.14
64248,14979.8
64247,23107.51
64246,30708.17
64245,38786.29
64244,71413.57
64243,40467.26
64242,16952.6
64241,25261.85
64240,33635.45
64239,66797.01
64238,76558.33
64237,115664.41
64236,63252.25
64235,61727.15
64234,40239.62
64233,43620.43
64232,34963.34
64231,48758.49
64230,87462.31
64229,64942.38
64228,30223.1
64227,25568.02
64226,30191.9
64225,28918.8
64224,45382.94
64223,81634.19
64222,52497.14
64221,40070.36
64220,22768.23
64219,26486.94
64218,65387.43
64217,68608.97
64216,121223.51
64215,97487.74
64214,56528.48
64213,64782.73
64212,80587.86
64211,43958.72
64210,59845.0
64209,84059.96
64208,74540.66
64207,23087.29
64206,22831.94
64205,50504.81
64204,47056.54
64203,57599.54
64202,106736.34
64201,77443.75
64200,53029.93
64199,54118.1
64198,55098.99
64197,47059.68
64196,76700.04
64195,101776.02
64194,28791.77
64193,24264.01
64192,27199.07
64191,28100.95
64190,44182.91
64189,67684.32
64188,47736.91
64187,1273.31
64186,20598.29
64185,44812.14
64184,37974.26
64183,47484.19
64182,85937.08
64181,69415.24
64180,24957.16
64179,27295.13
64178,30148.64
64177,36073.6
64176,48679.51
64175,75909.13
64174,70828.89
64173,32330.68
64172,29406.59
64171,29528.16
64170,61164.69
64169,71398.68
64168,91942.35
64167,75260.3
64166,41989.3
64165,42292.45
64164,44454.14
64163,44067.64
64162,1967.3
64161,92435.76
64160,54848.19
64159,29835.37
64158,37806.25
64157,39787.4
64156,54293.78
64155,73983.99
64154,98467.81
64153,62862.72
64152,22619.54
64151,35179.94
64150,31566.6
64149,28781.15
64148,65097.61
64147,92232.07
64146,68418.33
64145,41729.08
64144,44715.53
64143,52029.59
64142,48844.78
64141,65931.64
64140,85372.22
64139,75874.55
64138,33398.37
64137,41794.59
64136,29706.52
64135,669.39
64134,57541.58
64133,79496.68
64132,54274.78
64131,60038.28
64130,33351.77
64129,32335.32
64128,37202.18
64127,50716.37
64126,67419.58
64125,50532.36
64124,34858.11
64123,57638.85
64122,65214.13
64121,59886.2
64120,69084.19
64119,95062.39
64118,77644.65
64117,53548.68
64116,51005.45
64115,52842.6
64114,57961.08
64113,78255.92
64112,83119.36
64111,62564.67
64110,30781.89
64109,37900.27
64108,33351.05
64107,39226.75
64106,62189.67
64105,53739.98
64104,68849.33
64103,28431.53
64102,24026.27
64101,35799.24
64100,40368.86
64099,46412.8
64098,52760.34
64097,35576.4
64096,28177.46
