94445,41230.21
94444,71539.87
94443,59480.25
94442,24398.31
94441,24416.11
94440,23321.61
94439,24107.03
94438,1979.04
94437,48782.6
94436,25548.2
94435,20046.44
94434,23646.02
94433,23577.66
94432,34959.84
94431,39891.25
94430,43541.28
94429,48924.69
94428,36995.47
94427,25041.81
94426,29840.28
94425,33802.77
94424,33235.23
94423,47545.49
94422,30643.84
94421,25052.32
94420,22305.14
94419,26615.64
94418,25821.73
94417,35587.01
94416,64371.65
94415,44877.91
94414,22093.59
94413,26480.41
94412,24806.91
94411,32297.27
94410,13144.02
94409,51484.64
94408,44905.93
94407,9650.02
94406,22307.35
94405,31449.03
94404,59102.34
94403,60224.34
94402,93830.53
94401,50337.16
94400,60476.91
94399,37440.95
94398,46162.83
94397,34080.27
94396,51442.05
94395,78848.49
94394,57883.85
94393,26517.06
94392,29387.31
94391,26985.84
94390,24508.66
94389,39373.41
94388,69276.22
94387,44699.46
94386,35462.4
94385,27066.69
94384,25534.08
94383,59145.38
94382,53522.07
94381,102601.13
94380,82245.67
94379,45592.77
94378,64592.64
94377,71535.89
94376,45072.2
94375,49930.36
94374,78673.56
94373,60845.48
94372,30539.17
94371,28406.72
94370,57055.82
94369,51222.83
94368,58557.88
94367,97593.03
94366,68441.69
94365,34080.03
94364,46613.85
94363,58315.71
94362,47197.44
94361,64261.67
94360,101818.08
94359,27590.08
94358,27722.32
94357,28190.92
94356,35516.2
94355,44819.16
94354,77048.76
94353,51612.87
94352,1365.88
94351,30260.3
94350,52166.57
94349,41934.71
94348,62207.9
94347,102067.64
94346,79621.14
94345,30660.34
94344,1957.1
94343,1184.65
94342,432.3
94341,42984.08
94340,67220.85
94339,50997.55
94338,1794.61
94337,29371.52
94336,36675.15
94335,65644.87
94334,73719.87
94333,100170.37
94332,74019.11
94331,44003.01
94330,42651.44
94329,55203.19
94328,47363.0
94327,61882.71
94326,97844.29
94325,59992.56
94324,32492.81
94323,42300.89
94322,38012.05
94321,54334.31
94320,68897.54
94319,106169.35
94318,56204.51
94317,35202.31
94316,32492.7
94315,44685.7
94314,41709.52
94313,87597.88
94312,93431.68
94311,82065.0
94310,55612.26
94309,54541.13
94308,61266.52
94307,52670.79
94306,69404.82
94305,80423.63
94304,92836.66
94303,39830.96
94302,48971.94
94301,45958.68
94300,60340.65
94299,75299.3
94298,95044.3
94297,71012.04
94296,91460.2
94295,43751.15
94294,45903.99
94293,49393.95
94292,58823.0
94291,75586.39
94290,68519.27
94289,39485.39
94288,67090.61
94287,72149.45
94286,63604.59
94285,68582.66
94284,95788.7
94283,78062.29
94282,48114.31
94281,55328.64
94280,56526.76
94279,67787.43
94278,79685.16
94277,89087.61
94276,68061.14
94275,42853.13
94274,48078.55
94273,48428.36
94272,46033.81
94271,56563.15
94270,64802.3
94269,62769.31
94268,35414.53
94267,33638.98
94266,46866.49
94265,46273.57
94264,48684.61
94263,64887.72
94262,43083.34
94261,33519.21
