184865,21731.74
184864,37141.23
184863,20041.91
184862,8549.59
184861,12844.05
184860,14592.41
184859,13498.42
184858,486.84
184857,26072.63
184856,14843.05
184855,10230.68
184854,9193.27
184853,8892.15
184852,13389.62
184851,17122.63
184850,28835.51
184849,16325.22
184848,22812.29
184847,11717.47
184846,14078.91
184845,12983.82
184844,1691.29
184843,21.36
184842,5320.09
184841,7501.93
184840,7857.44
184839,11215.49
184838,9973.85
184837,16398.9
184836,36143.58
184835,19307.64
184834,12616.15
184833,11025.74
184832,8701.53
184831,14122.0
184830,18577.37
184829,33394.08
184828,15821.07
184827,12022.97
184826,9351.63
184825,14451.38
184824,30197.45
184823,33410.27
184822,58477.53
184821,30132.29
184820,4673.17
184819,14428.58
184818,16943.86
184817,15884.89
184816,27491.26
184815,41149.49
184814,23803.61
184813,14254.88
184812,11838.76
184811,12856.24
184810,10492.91
184809,20636.58
184808,40051.22
184807,20619.2
184806,16819.33
184805,13597.51
184804,11325.17
184803,20561.2
184802,28990.55
184801,54120.22
184800,34607.9
184799,22732.3
184798,30586.7
184797,34881.73
184796,26988.1
184795,31811.26
184794,49510.18
184793,36939.02
184792,12882.33
184791,11838.72
184790,27994.26
184789,29694.32
184788,32719.37
184787,44734.0
184786,32968.61
184785,23554.38
184784,24706.07
184783,34102.41
184782,30437.36
184781,48178.15
184780,67155.79
184779,17571.82
184778,16241.51
184777,16803.79
184776,17536.57
184775,24275.33
184774,34513.67
184773,22239.44
184772,132.56
184771,13505.77
184770,26484.33
184769,21129.8
184768,30832.62
184767,45026.18
184766,33921.35
184765,10770.49
184764,13341.17
184763,12622.92
184762,16432.12
184761,19608.06
184760,36962.71
184759,25726.35
184758,15499.85
184757,13780.79
184756,14969.09
184755,26973.58
184754,33817.43
184753,46526.19
184752,30182.14
184751,19818.59
184750,18802.86
184749,18958.91
184748,21865.72
184747,1030.4
184746,49144.59
184745,31473.31
184744,18265.05
184743,20207.78
184742,19073.97
184741,26698.51
184740,39014.99
184739,63445.21
184738,27651.35
184737,15147.92
184736,15125.32
184735,13354.55
184734,14510.64
184733,35813.58
184732,45412.06
184731,28047.41
184730,17698.15
184729,19028.89
184728,21235.58
184727,18029.67
184726,28964.78
184725,42499.52
184724,33141.87
184723,14441.67
184722,15211.94
184721,17419.71
184720,268.33
184719,37304.45
184718,43534.59
184717,29998.55
184716,41454.49
184715,15557.78
184714,16562.4
184713,21013.86
184712,32625.28
184711,35887.24
184710,29411.21
184709,18678.65
184708,28537.19
184707,26442.22
184706,26576.71
184705,35131.92
184704,43431.21
184703,30334.57
184702,27183.06
184701,23286.29
184700,18980.79
184699,25454.29
184698,40755.53
184697,44460.35
184696,29311.02
184695,17877.48
184694,15545.38
184693,17241.44
184692,14430.85
184691,26636.26
184690,28657.1
184689,25453.97
184688,11660.54
184687,11081.52
184686,12837.87
184685,22983.05
184684,24156.59
184683,31007.6
184682,21970.57
184681,24475.26
