127186,30210.23
127185,50617.78
127184,45019.24
127183,19502.43
127182,17460.49
127181,17229.02
127180,16599.19
127179,1580.89
127178,29039.08
127177,29160.93
127176,13293.74
127175,17507.86
127174,16512.8
127173,22584.37
127172,35001.53
127171,35135.85
127170,31559.73
127169,28174.75
127168,20649.95
127167,17810.79
127166,21660.4
127165,19432.9
127164,36464.01
127163,31089.73
127162,14791.3
127161,14895.72
127160,15878.53
127159,13074.01
127158,33117.09
127157,42027.25
127156,28421.28
127155,17669.07
127154,18700.98
127153,18918.47
127152,22827.66
127151,32363.98
127150,37553.73
127149,23819.74
127148,18685.62
127147,16777.79
127146,20689.93
127145,38325.25
127144,47122.46
127143,62735.51
127142,38001.84
127141,41962.97
127140,22429.5
127139,27400.97
127138,19074.94
127137,35967.54
127136,46013.98
127135,42329.19
127134,19427.88
127133,22326.53
127132,21638.23
127131,19399.84
127130,26333.74
127129,47019.16
127128,31918.37
127127,31340.59
127126,22404.54
127125,21423.28
127124,43451.68
127123,45421.41
127122,55558.04
127121,50603.21
127120,31636.69
127119,34697.15
127118,47009.53
127117,32092.17
127116,34983.96
127115,50820.33
127114,46918.06
127113,21221.43
127112,19373.41
127111,35122.87
127110,35367.13
127109,45019.82
127108,53747.38
127107,46857.93
127106,28865.46
127105,34790.0
127104,50043.34
127103,39923.63
127102,51820.84
127101,73023.25
127100,27632.25
127099,22601.4
127098,21945.4
127097,29332.07
127096,37224.48
127095,41932.21
127094,45154.51
127093,16810.77
127092,23358.02
127091,37579.94
127090,33667.83
127089,40297.13
127088,55296.05
127087,58499.38
127086,1005.22
127085,22403.18
127084,25414.62
127083,25406.05
127082,35389.36
127081,47619.62
127080,44984.93
127079,22986.79
127078,23198.83
127077,26350.5
127076,42912.54
127075,45769.32
127074,59156.24
127073,46298.04
127072,31174.2
127071,26735.78
127070,29645.42
127069,32513.95
127068,1276.0
127067,61215.74
127066,47277.08
127065,23773.56
127064,30036.65
127063,34271.49
127062,38917.62
127061,51245.4
127060,83899.24
127059,55078.0
127058,24856.32
127057,24461.59
127056,28552.15
127055,27887.9
127054,54256.47
127053,63689.37
127052,56306.88
127051,34212.8
127050,30886.58
127049,38251.43
127048,35146.09
127047,48690.36
127046,57386.95
127045,50232.23
127044,27155.66
127043,24251.44
127042,30014.46
127041,694.62
127040,49867.99
127039,56119.89
127038,50642.48
127037,59264.47
127036,30441.57
127035,34042.41
127034,35831.23
127033,44187.67
127032,48777.28
127031,44415.47
127030,26782.53
127029,35805.08
127028,34666.36
127027,34386.21
127026,46000.75
127025,55691.44
127024,52260.9
127023,33731.35
127022,30852.56
127021,35841.44
127020,40321.6
127019,53113.13
127018,68265.75
127017,45852.38
127016,20917.48
127015,25544.15
127014,23417.85
127013,29764.7
127012,41822.96
127011,40219.56
127010,48954.68
127009,22845.91
127008,21067.38
127007,23109.45
127006,30755.35
127005,34143.8
127004,41572.42
127003,34700.17
127002,28459.95
