184673,19681.88
184672,36768.28
184671,31495.4
184670,10068.36
184669,12581.45
184668,14838.94
184667,11202.02
184666,2770.7
184665,28435.79
184664,17159.06
184663,9117.25
184662,8908.0
184661,6500.7
184660,16699.06
184659,17292.22
184658,33977.03
184657,24179.11
184656,19364.62
184655,14337.7
184654,14367.97
184653,14409.62
184652,15358.02
184651,36926.34
184650,29474.53
184649,7034.75
184648,10443.97
184647,12843.24
184646,10883.22
184645,18300.78
184644,35106.09
184643,19258.19
184642,13399.39
184641,13680.09
184640,13259.29
184639,18418.47
184638,18838.39
184637,32852.06
184636,19082.18
184635,13005.36
184634,13921.54
184633,14385.9
184632,28004.43
184631,33461.81
184630,48582.09
184629,38412.19
184628,19991.75
184627,19342.41
184626,22428.48
184625,18411.94
184624,28657.75
184623,49693.9
184622,37944.12
184621,12194.81
184620,13667.89
184619,8566.44
184618,10856.14
184617,23630.68
184616,36405.03
184615,24331.9
184614,21663.84
184613,9938.66
184612,13084.04
184611,24159.19
184610,33854.94
184609,48798.02
184608,43477.44
184607,27791.32
184606,27892.23
184605,46209.5
184604,19308.01
184603,28971.6
184602,49007.91
184601,34297.19
184600,13015.87
184599,13776.59
184598,28628.82
184597,26604.64
184596,39495.0
184595,59199.46
184594,44274.27
184593,24095.64
184592,28817.41
184591,32284.79
184590,23373.84
184589,41107.57
184588,60299.43
184587,16536.91
184586,15946.93
184585,13776.2
184584,13375.71
184583,25347.5
184582,33170.81
184581,27241.51
184580,9521.88
184579,15204.11
184578,25876.84
184577,23346.12
184576,30911.95
184575,45582.11
184574,35648.23
184573,1176.29
184572,14057.03
184571,13336.45
184570,18357.92
184569,26841.49
184568,37029.62
184567,35337.08
184566,20277.25
184565,15950.4
184564,16696.54
184563,31981.5
184562,38805.33
184561,54855.23
184560,39560.02
184559,21947.73
184558,25741.6
184557,26366.41
184556,21995.98
184555,500.77
184554,53831.4
184553,32012.26
184552,18883.06
184551,20338.72
184550,22150.92
184549,33262.43
184548,39546.45
184547,65742.2
184546,36208.83
184545,13772.49
184544,15510.56
184543,19214.93
184542,14336.22
184541,32565.81
184540,50857.89
184539,39988.84
184538,21964.09
184537,22072.87
184536,28033.97
184535,23684.07
184534,33562.86
184533,46635.64
184532,45313.63
184531,16274.36
184530,22032.44
184529,24695.21
184528,266.14
184527,41336.88
184526,47500.08
184525,38791.64
184524,42347.69
184523,22256.51
184522,20990.38
184521,25749.41
184520,31059.8
184519,44846.07
184518,37711.89
184517,15807.45
184516,30159.74
184515,30489.88
184514,27554.28
184513,40905.86
184512,53992.13
184511,45111.42
184510,24148.75
184509,26715.46
184508,26892.44
184507,26045.1
184506,44214.18
184505,52859.35
184504,42655.28
184503,18549.4
184502,18474.64
184501,23147.38
184500,20046.44
184499,31569.31
184498,39107.39
184497,39109.54
184496,17735.51
184495,12737.9
184494,17177.55
184493,21615.14
184492,27606.7
184491,35464.66
184490,22344.19
184489,19624.12
