143668,18370.53
143667,37561.87
143666,24175.23
143665,10348.72
143664,12855.09
143663,10454.61
143662,8250.78
143661,560.74
143660,26409.78
143659,14616.02
143658,7397.02
143657,8250.76
143656,8534.12
143655,17936.74
143654,20780.18
143653,35920.74
143652,17552.17
143651,14595.09
143650,12499.59
143649,9391.39
143648,12488.15
143647,15517.4
143646,33718.37
143645,18936.42
143644,9973.43
143643,10203.04
143642,8646.9
143641,12582.78
143640,21106.16
143639,31783.98
143638,20343.14
143637,12689.41
143636,11133.3
143635,11930.43
143634,10180.13
143633,22696.9
143632,37025.67
143631,19007.97
143630,12638.67
143629,9189.43
143628,16654.93
143627,26792.26
143626,41956.13
143625,60223.01
143624,36374.0
143623,21637.23
143622,21276.19
143621,20344.32
143620,18397.58
143619,27395.84
143618,45941.42
143617,29434.81
143616,14433.21
143615,10027.13
143614,3580.99
143613,7949.89
143612,20131.06
143611,37168.21
143610,19973.19
143609,16974.01
143608,9068.07
143607,14796.22
143606,21689.0
143605,34928.45
143604,50352.12
143603,40552.42
143602,18182.82
143601,24839.49
143600,30415.63
143599,14231.0
143598,29351.54
143597,39145.3
143596,28129.13
143595,10360.83
143594,14640.06
143593,24622.08
143592,23387.56
143591,31136.59
143590,55011.67
143589,36844.51
143588,22114.35
143587,22697.92
143586,25493.95
143585,21248.26
143584,40319.53
143583,52779.29
143582,15763.75
143581,17704.7
143580,18363.21
143579,15289.3
143578,22764.89
143577,30193.55
143576,23489.44
143575,567.03
143574,12146.1
143573,19688.16
143572,21607.53
143571,27358.27
143570,42148.24
143569,28347.83
143568,10275.09
143567,862.89
143566,512.7
143565,172.7
143564,18851.37
143563,30426.13
143562,21356.43
143561,566.58
143560,13329.88
143559,14689.46
143558,28501.44
143557,34656.48
143556,40836.84
143555,28739.71
143554,20146.64
143553,20638.41
143552,23263.03
143551,19511.84
143550,28982.43
143549,52751.12
143548,27326.98
143547,16413.83
143546,14950.72
143545,16481.46
143544,21152.84
143543,30473.92
143542,45583.51
143541,29185.12
143540,11880.89
143539,14137.37
143538,14344.22
143537,13597.11
143536,32038.0
143535,45823.74
143534,28867.25
143533,13251.11
143532,20716.79
143531,20563.12
143530,19491.51
143529,29697.9
143528,35967.19
143527,32404.12
143526,16303.37
143525,17023.1
143524,18219.98
143523,25794.1
143522,32815.41
143521,41757.4
143520,30966.29
143519,29597.31
143518,15963.81
143517,19943.61
143516,22953.89
143515,33498.11
143514,39536.98
143513,25329.8
143512,13993.44
143511,25107.35
143510,30321.22
143509,28056.56
143508,39341.98
143507,48183.49
143506,29059.44
143505,20882.85
143504,23056.25
143503,25420.72
143502,25803.63
143501,41740.94
143500,41663.23
143499,29226.88
143498,14291.25
143497,15225.54
143496,15983.15
143495,16729.34
143494,32558.04
143493,30666.04
143492,34944.64
143491,17236.31
143490,13801.57
143489,16559.36
143488,23068.57
143487,30751.69
143486,29268.07
143485,20960.6
143484,15569.31
