156707,27936.53
156706,43404.67
156705,30844.79
156704,11596.51
156703,15127.03
156702,15984.85
156701,17248.16
156700,475.84
156699,29391.55
156698,23962.72
156697,12899.93
156696,12645.54
156695,11638.81
156694,23541.86
156693,23689.35
156692,30450.38
156691,24550.58
156690,20041.19
156689,13300.98
156688,13129.38
156687,15463.89
156686,15365.34
156685,34522.66
156684,21683.83
156683,11368.29
156682,10339.79
156681,16802.5
156680,14934.36
156679,26620.4
156678,35513.28
156677,22761.56
156676,15741.61
156675,16460.19
156674,18955.5
156673,19721.41
156672,24505.98
156671,35151.18
156670,18695.75
156669,12687.95
156668,17127.88
156667,20475.17
156666,34720.73
156665,45438.22
156664,64928.33
156663,40728.44
156662,28248.53
156661,23358.51
156660,25402.92
156659,20302.85
156658,33000.71
156657,52646.48
156656,29993.73
156655,16667.01
156654,16230.67
156653,17431.69
156652,18841.17
156651,26591.81
156650,41705.48
156649,22996.06
156648,22239.03
156647,17499.79
156646,19891.43
156645,32726.86
156644,37809.19
156643,50040.38
156642,40123.95
156641,24269.82
156640,28986.7
156639,28068.71
156638,26860.71
156637,35658.49
156636,53186.03
156635,39233.5
156634,28267.43
156633,22518.18
156632,37187.43
156631,33759.22
156630,40743.79
156629,49720.27
156628,31163.53
156627,21301.18
156626,24554.78
156625,27596.45
156624,29698.88
156623,54537.86
156622,65669.17
156621,15739.17
156620,15311.23
156619,19907.87
156618,21785.88
156617,29321.17
156616,38922.88
156615,28028.58
156614,1251.24
156613,18793.48
156612,29375.99
156611,27933.57
156610,34836.77
156609,50942.1
156608,37689.16
156607,14181.14
156606,679.26
156605,229.54
156604,11.18
156603,28494.06
156602,40011.59
156601,26763.61
156600,520.48
156599,19727.48
156598,19112.92
156597,31527.87
156596,40408.19
156595,48974.67
156594,30440.24
156593,21774.37
156592,24286.97
156591,23154.61
156590,28354.03
156589,31382.28
156588,60370.87
156587,34484.17
156586,17204.73
156585,24740.13
156584,26271.55
156583,33442.21
156582,43119.86
156581,64771.3
156580,38157.43
156579,20439.56
156578,22886.38
156577,23346.7
156576,23192.85
156575,48572.35
156574,52957.57
156573,38275.99
156572,29124.62
156571,28475.15
156570,30509.79
156569,24632.68
156568,38927.04
156567,57234.96
156566,39427.99
156565,18830.17
156564,20579.55
156563,23016.76
156562,18194.12
156561,126.83
156560,50307.95
156559,37558.09
156558,40327.52
156557,19962.98
156556,18366.07
156555,24676.19
156554,30864.58
156553,43157.33
156552,30749.91
156551,21966.3
156550,29095.03
156549,30649.64
156548,29786.57
156547,33426.44
156546,45652.99
156545,29684.86
156544,26387.61
156543,29208.03
156542,25270.28
156541,33232.28
156540,42026.45
156539,50298.35
156538,34226.91
156537,17962.6
156536,22645.87
156535,22863.66
156534,25484.91
156533,26410.05
156532,37978.1
156531,34999.59
156530,16487.98
156529,11819.41
156528,20606.06
156527,24934.56
156526,29034.69
156525,38848.01
156524,23332.11
156523,20798.34
