124735,25117.27
124734,40100.75
124733,26785.96
124732,11092.01
124731,13695.44
124730,14407.2
124729,13691.99
124728,944.25
124727,26675.33
124726,17587.63
124725,11145.39
124724,9520.15
124723,12270.65
124722,21361.02
124721,31134.09
124720,35845.56
124719,23956.53
124718,27292.98
124717,18363.1
124716,16029.0
124715,17410.3
124714,17798.92
124713,40808.52
124712,25556.52
124711,12036.95
124710,12032.71
124709,13590.1
124708,13947.01
124707,24668.53
124706,36749.73
124705,28029.52
124704,16207.29
124703,7447.37
124702,9303.47
124701,14285.73
124700,21852.24
124699,38603.11
124698,16633.4
124697,12791.8
124696,12058.61
124695,19296.51
124694,39064.92
124693,37118.16
124692,62853.51
124691,41070.1
124690,32142.08
124689,20388.26
124688,24630.41
124687,17934.01
124686,30132.14
124685,53868.14
124684,34154.01
124683,17936.47
124682,15397.65
124681,19219.46
124680,13245.48
124679,27999.81
124678,37688.37
124677,29893.56
124676,21496.5
124675,14359.54
124674,16614.43
124673,35976.59
124672,38855.19
124671,61296.18
124670,44714.52
124669,31107.14
124668,34629.54
124667,42429.22
124666,20888.95
124665,29180.85
124664,44362.69
124663,41186.62
124662,15737.85
124661,12400.99
124660,31842.37
124659,28733.8
124658,30599.7
124657,60702.71
124656,47105.55
124655,27882.26
124654,29485.84
124653,30967.42
124652,26081.97
124651,45802.7
124650,54427.9
124649,16011.22
124648,10378.05
124647,17818.99
124646,16085.21
124645,24956.52
124644,39005.88
124643,31439.71
124642,11212.46
124641,15531.28
124640,24552.44
124639,23892.73
124638,28442.52
124637,45636.1
124636,39636.98
124635,851.34
124634,15740.7
124633,15941.93
124632,22074.82
124631,29362.59
124630,43475.13
124629,42239.34
124628,20428.28
124627,17724.32
124626,18876.49
124625,39865.47
124624,43920.67
124623,54037.9
124622,47296.47
124621,28623.21
124620,33044.2
124619,31649.49
124618,28993.84
124617,469.85
124616,56872.64
124615,26998.11
124614,19084.66
124613,23694.79
124612,27298.9
124611,28054.83
124610,37970.61
124609,51939.02
124608,31859.19
124607,17520.1
124606,19031.49
124605,20353.37
124604,17520.96
124603,43498.91
124602,53074.19
124601,38647.3
124600,25334.25
124599,24963.11
124598,35490.73
124597,32058.35
124596,40895.35
124595,44994.83
124594,43578.57
124593,21021.81
124592,19937.8
124591,25545.03
124590,445.8
124589,38095.32
124588,47017.06
124587,32350.34
124586,36138.17
124585,22523.19
124584,19187.15
124583,26130.55
124582,30629.07
124581,42290.82
124580,27457.2
124579,21933.78
124578,37150.85
124577,42362.1
124576,38419.22
124575,41286.13
124574,52242.93
124573,38228.33
124572,32095.47
124571,33559.79
124570,33654.46
124569,37418.0
124568,44153.97
124567,49695.42
124566,35192.42
124565,17847.18
124564,22886.27
124563,21325.17
124562,24898.98
124561,39181.28
124560,33784.55
124559,32940.74
124558,9447.52
124557,13149.77
124556,24650.95
124555,29285.74
124554,23871.17
124553,27366.87
124552,18085.06
124551,15171.22
