206280,21374.78
206279,30804.74
206278,27256.09
206277,16248.53
206276,13088.55
206275,12417.96
206274,16939.71
206273,453.6
206272,28610.3
206271,20122.09
206270,13030.1
206269,14912.17
206268,11693.2
206267,19753.3
206266,18273.55
206265,29190.9
206264,17818.31
206263,25499.31
206262,15778.26
206261,15262.51
206260,16424.4
206259,15054.34
206258,24466.37
206257,21614.11
206256,12669.06
206255,12652.97
206254,15847.65
206253,14489.01
206252,22461.53
206251,34241.38
206250,18786.5
206249,15967.13
206248,17145.53
206247,20074.58
206246,19214.31
206245,24637.16
206244,32526.2
206243,19140.54
206242,17725.14
206241,19471.9
206240,23328.59
206239,35532.27
206238,36982.73
206237,56663.26
206236,36274.04
206235,29936.09
206234,21488.38
206233,19593.19
206232,15273.71
206231,27097.41
206230,37549.38
206229,28095.5
206228,20047.47
206227,19140.91
206226,20601.54
206225,19841.99
206224,24240.75
206223,38799.72
206222,26387.44
206221,20555.16
206220,21247.99
206219,18045.73
206218,31816.88
206217,30155.03
206216,40448.35
206215,37097.0
206214,23742.17
206213,24069.42
206212,33806.35
206211,22222.96
206210,25934.45
206209,34516.83
206208,31606.7
206207,13932.57
206206,16229.69
206205,24025.11
206204,26427.94
206203,30925.46
206202,37957.73
206201,34776.47
206200,20847.35
206199,27573.06
206198,27817.65
206197,28707.4
206196,43153.37
206195,53262.57
206194,23766.43
206193,22962.39
206192,20624.66
206191,23557.2
206190,34957.79
206189,34392.14
206188,26464.98
206187,17673.95
206186,17380.65
206185,28777.9
206184,24289.42
206183,30048.15
206182,41346.16
206181,38233.82
206180,812.84
206179,18144.2
206178,20168.44
206177,24063.68
206176,29082.89
206175,33147.59
206174,28995.04
206173,16487.53
206172,21493.53
206171,20150.23
206170,29102.09
206169,30846.98
206168,40659.0
206167,32027.16
206166,19383.46
206165,19214.99
206164,21199.72
206163,25573.15
206162,626.22
206161,37794.55
206160,33428.59
206159,20254.93
206158,22889.19
206157,21834.53
206156,29069.81
206155,38555.94
206154,51648.08
206153,45638.04
206152,21527.15
206151,24802.82
206150,21059.72
206149,19294.05
206148,40315.66
206147,38751.12
206146,34331.09
206145,23656.24
206144,20088.87
206143,28632.71
206142,25947.15
206141,28261.52
206140,35878.13
206139,37255.18
206138,17084.26
206137,15439.11
206136,22385.87
206135,419.37
206134,32849.52
206133,27553.36
206132,29545.53
206131,32817.81
206130,21050.98
206129,21815.08
206128,28533.4
206127,31844.16
206126,33241.41
206125,32800.63
206124,23871.14
206123,31788.01
206122,31041.47
206121,30291.2
206120,32748.47
206119,37814.08
206118,35233.49
206117,24895.84
206116,26355.6
206115,23971.74
206114,26466.24
206113,37507.22
206112,40602.71
206111,34047.09
206110,19577.37
206109,23631.16
206108,18703.94
206107,21692.63
206106,29488.98
206105,25284.92
206104,28714.39
206103,16403.01
206102,13577.79
206101,21277.81
206100,25525.44
206099,28827.14
206098,31767.52
206097,26834.32
206096,20956.63
