96936,26570.47
96935,52183.96
96934,46366.9
96933,14792.48
96932,16050.82
96931,15859.34
96930,16246.24
96929,845.65
96928,34397.72
96927,27837.77
96926,9281.66
96925,13049.38
96924,12772.3
96923,23445.83
96922,27324.8
96921,45275.4
96920,31033.33
96919,25432.74
96918,17986.31
96917,16103.87
96916,17524.13
96915,17515.45
96914,39751.0
96913,31755.69
96912,12584.43
96911,11812.2
96910,14946.01
96909,14990.21
96908,23767.99
96907,28617.62
96906,27853.65
96905,13512.44
96904,20065.28
96903,17409.55
96902,22682.44
96901,26048.39
96900,37210.71
96899,23766.85
96898,18556.81
96897,19206.28
96896,14749.07
96895,38423.6
96894,50368.32
96893,70119.16
96892,45673.4
96891,33121.06
96890,25078.8
96889,19736.54
96888,18807.95
96887,36689.97
96886,47429.31
96885,44492.13
96884,16629.61
96883,14329.02
96882,17326.44
96881,16588.37
96880,29039.65
96879,38153.3
96878,30719.84
96877,23676.97
96876,18166.86
96875,15836.21
96874,37833.09
96873,43184.3
96872,60256.27
96871,56372.27
96870,28426.68
96869,34348.0
96868,47630.93
96867,26808.78
96866,28240.53
96865,52183.43
96864,45491.11
96863,17759.33
96862,19086.84
96861,37025.87
96860,29806.69
96859,39159.56
96858,54454.29
96857,46020.08
96856,28329.87
96855,31252.18
96854,42512.7
96853,35589.74
96852,45777.77
96851,69237.11
96850,19548.18
96849,19119.85
96848,18893.34
96847,24704.4
96846,31384.62
96845,38777.9
96844,34838.82
96843,17733.6
96842,13888.35
96841,30890.67
96840,30118.54
96839,41047.47
96838,60059.82
96837,56727.47
96836,1270.68
96835,18398.27
96834,16234.98
96833,22300.38
96832,31882.52
96831,43067.77
96830,36076.59
96829,21990.23
96828,19455.89
96827,18399.5
96826,39061.41
96825,44244.15
96824,62072.46
96823,45177.39
96822,25225.69
96821,26066.91
96820,28069.52
96819,31676.52
96818,65.19
96817,67301.85
96816,41888.33
96815,20782.0
96814,26916.14
96813,28039.46
96812,41729.81
96811,48304.81
96810,86211.61
96809,58945.13
96808,24662.69
96807,25157.19
96806,20193.19
96805,21587.47
96804,49535.65
96803,63210.62
96802,50927.61
96801,28599.5
96800,30874.1
96799,31502.82
96798,35005.51
96797,41488.33
96796,69128.38
96795,63142.56
96794,24053.17
96793,27558.89
96792,28662.35
96791,764.82
96790,39364.61
96789,49137.59
96788,41171.3
96787,52933.37
96786,15608.44
96785,19158.92
96784,26408.0
96783,35054.8
96782,50378.29
96781,42482.78
96780,19546.42
96779,42792.91
96778,31448.13
96777,35534.91
96776,44515.32
96775,58824.57
96774,52875.66
96773,25199.23
96772,34724.58
96771,35834.99
96770,38370.43
96769,60738.45
96768,78393.18
96767,64787.4
96766,24588.46
96765,26003.77
96764,28999.33
96763,31122.79
96762,42082.77
96761,50090.09
96760,53718.54
96759,22126.73
96758,19114.38
96757,24921.61
96756,31387.63
96755,38381.18
96754,47915.06
96753,43263.42
96752,31312.69
