190023,19228.28
190022,40571.21
190021,30675.48
190020,12498.09
190019,9338.12
190018,13061.99
190017,12225.46
190016,385.83
190015,26659.4
190014,23932.06
190013,7583.94
190012,10622.3
190011,10580.88
190010,16466.54
190009,19447.28
190008,29813.94
190007,25743.54
190006,22991.3
190005,11097.58
190004,10271.57
190003,12699.8
190002,16475.03
190001,34292.04
190000,26736.61
189999,8216.06
189998,10412.21
189997,12154.95
189996,14340.43
189995,20145.49
189994,35772.59
189993,24487.49
189992,12528.82
189991,14456.83
189990,15599.79
189989,17777.12
189988,23053.5
189987,35860.11
189986,18784.66
189985,15934.89
189984,16293.89
189983,16319.43
189982,25547.32
189981,35346.14
189980,61178.21
189979,37028.83
189978,26915.38
189977,19384.97
189976,21344.08
189975,14764.39
189974,27145.99
189973,41998.86
189972,31837.1
189971,15424.25
189970,13989.87
189969,14343.46
189968,13700.05
189967,22383.75
189966,40222.2
189965,22088.62
189964,19483.15
189963,14694.99
189962,16418.79
189961,28291.22
189960,33082.01
189959,54895.58
189958,49835.03
189957,25542.78
189956,29555.62
189955,27542.64
189954,24138.57
189953,38983.6
189952,48536.9
189951,35796.01
189950,18430.85
189949,21150.71
189948,32578.83
189947,29032.37
189946,34616.05
189945,43631.04
189944,31239.62
189943,15848.58
189942,24429.64
189941,26753.64
189940,23222.15
189939,45292.07
189938,61713.74
189937,14000.73
189936,11223.54
189935,12206.34
189934,17205.2
189933,21898.82
189932,38741.7
189931,28124.7
189930,8.48
189929,15072.68
189928,28015.31
189927,22493.81
189926,31144.93
189925,42722.16
189924,39415.84
189923,14352.57
189922,16297.4
189921,11044.32
189920,20420.73
189919,25858.44
189918,32104.6
189917,32668.42
189916,10691.48
189915,17691.58
189914,15457.64
189913,25856.96
189912,31788.07
189911,49233.29
189910,29449.49
189909,19943.05
189908,19136.24
189907,23691.88
189906,23036.6
189905,60373.7
189904,30557.71
189903,14502.23
189902,21395.53
189901,23358.62
189900,34252.74
189899,42059.85
189898,65838.1
189897,46842.41
189896,12853.39
189895,22003.11
189894,22414.16
189893,20712.86
189892,36708.56
189891,47657.53
189890,45978.2
189889,20916.82
189888,26202.53
189887,28010.98
189886,18057.52
189885,33620.35
189884,49511.22
189883,50364.12
189882,19483.61
189881,17987.86
189880,21784.92
189879,44.99
189878,31922.86
189877,54159.24
189876,40850.83
189875,51005.83
189874,20459.98
189873,19312.76
189872,23876.83
189871,27801.72
189870,42283.01
189869,37814.2
189868,15191.5
189867,27188.99
189866,27259.3
189865,28060.45
189864,34204.1
189863,53107.9
189862,36258.23
189861,27174.81
189860,22172.8
189859,23831.23
189858,32631.35
189857,44180.6
189856,57092.03
189855,42447.45
189854,14572.16
189853,19292.63
189852,19946.46
189851,22857.01
189850,30968.06
189849,36070.31
189848,35258.17
189847,17164.86
189846,10744.06
189845,20092.54
189844,23712.75
189843,29251.27
189842,36308.66
189841,29085.74
189840,24498.05
