99600,28533.07
99599,47212.68
99598,44844.88
99597,13558.91
99596,12422.47
99595,17655.14
99594,19487.26
99593,682.22
99592,33061.23
99591,24786.38
99590,13156.46
99589,14920.5
99588,12173.17
99587,26638.26
99586,29613.68
99585,35770.39
99584,31306.72
99583,35303.73
99582,15988.53
99581,19919.33
99580,21677.93
99579,25588.24
99578,38702.21
99577,37635.22
99576,15045.26
99575,13225.66
99574,16711.89
99573,14951.86
99572,29338.7
99571,38998.41
99570,31381.5
99569,21254.27
99568,17155.11
99567,19334.41
99566,20129.15
99565,22764.9
99564,38015.15
99563,22849.86
99562,20320.54
99561,19566.3
99560,17088.4
99559,41409.34
99558,46553.54
99557,64468.68
99556,39257.92
99555,38921.11
99554,24396.84
99553,25318.05
99552,23014.18
99551,31935.9
99550,57210.54
99549,40536.34
99548,19484.49
99547,18111.39
99546,23706.5
99545,19524.42
99544,26385.74
99543,41043.94
99542,27390.59
99541,27245.94
99540,16722.62
99539,17479.58
99538,44830.49
99537,48276.43
99536,64314.26
99535,61774.22
99534,30488.24
99533,38744.62
99532,54820.2
99531,23800.12
99530,26643.76
99529,49850.75
99528,45171.86
99527,16342.12
99526,21024.6
99525,39302.81
99524,33830.01
99523,41765.38
99522,61697.07
99521,51330.43
99520,30980.7
99519,39625.07
99518,45650.66
99517,31772.81
99516,53708.15
99515,72226.02
99514,-3.82
99513,20497.79
99512,19875.75
99511,21120.44
99510,27642.63
99509,30499.07
99508,37705.78
99507,32256.12
99506,741.63
99505,18722.75
99504,30507.33
99503,32012.59
99502,34887.44
99501,49964.55
99500,47381.64
99499,17217.71
99498,18996.83
99497,18527.7
99496,24973.54
99495,32061.26
99494,37968.44
99493,32508.31
99492,19605.43
99491,20830.81
99490,19972.17
99489,43311.89
99488,39866.39
99487,63179.61
99486,51160.08
99485,32632.13
99484,33258.76
99483,32763.75
99482,34312.18
99481,1149.87
99480,62789.01
99479,42270.22
99478,24161.52
99477,25964.56
99476,29542.35
99475,35759.28
99474,50768.25
99473,71900.94
99472,45644.24
99471,20845.68
99470,19183.5
99469,25062.3
99468,22711.51
99467,49608.62
99466,60263.25
99465,51944.92
99464,30718.73
99463,28251.92
99462,33960.34
99461,33958.05
99460,43798.87
99459,59462.21
99458,57170.54
99457,21612.11
99456,20199.22
99455,22177.72
99454,677.96
99453,36265.62
99452,56402.54
99451,50575.51
99450,57417.32
99449,24016.29
99448,23182.76
99447,29974.13
99446,37086.23
99445,49335.94
99444,47128.64
99443,22318.29
99442,38161.19
99441,39098.72
99440,40161.04
99439,46458.42
99438,65491.25
99437,57526.41
99436,34365.01
99435,38972.58
99434,36325.44
99433,41010.22
99432,57293.33
99431,68997.25
99430,54000.79
99429,26266.65
99428,29623.49
99427,30062.49
99426,29572.71
99425,41692.9
99424,44832.11
99423,46350.05
99422,22249.53
99421,19120.04
99420,23839.59
99419,30265.65
99418,30605.58
99417,48796.94
99416,38372.54
99415,22152.15
