154406,17593.99
154405,22001.47
154404,18641.18
154403,10969.62
154402,7547.96
154401,11093.93
154400,10884.98
154399,859.35
154398,15910.65
154397,10172.22
154396,6770.74
154395,6443.68
154394,7999.68
154393,11216.11
154392,13890.68
154391,21073.92
154390,13863.79
154389,13618.49
154388,9982.51
154387,9394.44
154386,10428.75
154385,14249.83
154384,19164.07
154383,15052.02
154382,3973.39
154381,7963.04
154380,6196.53
154379,9743.09
154378,17447.99
154377,19267.54
154376,15147.65
154375,8997.21
154374,11244.08
154373,12352.11
154372,12913.05
154371,16886.83
154370,22133.45
154369,11820.25
154368,11214.06
154367,10213.51
154366,12013.0
154365,25056.46
154364,30663.45
154363,35855.11
154362,21200.8
154361,15178.22
154360,13044.27
154359,14893.68
154358,13968.71
154357,22763.77
154356,27352.61
154355,16722.95
154354,10998.0
154353,9828.72
154352,11729.18
154351,10132.72
154350,16635.64
154349,22020.88
154348,13602.97
154347,14006.0
154346,11922.78
154345,12782.64
154344,19868.06
154343,26121.1
154342,26292.92
154341,19913.74
154340,16192.34
154339,15446.14
154338,17226.63
154337,20082.88
154336,22532.72
154335,21138.12
154334,19148.23
154333,11445.01
154332,12607.09
154331,21564.15
154330,19896.22
154329,25804.5
154328,28299.81
154327,21367.8
154326,12301.29
154325,15741.71
154324,22252.84
154323,23342.04
154322,34215.94
154321,35479.81
154320,8929.42
154319,7732.87
154318,9481.64
154317,12872.57
154316,18254.94
154315,23991.59
154314,18037.0
154313,646.99
154312,11413.7
154311,22605.48
154310,18814.05
154309,22937.18
154308,27063.01
154307,21048.58
154306,10561.53
154305,610.1
154304,398.21
154303,94.97
154302,16417.33
154301,22393.45
154300,15689.3
154299,567.16
154298,11292.76
154297,12228.78
154296,19534.02
154295,27133.57
154294,30081.29
154293,17706.76
154292,12054.61
154291,16191.76
154290,12113.92
154289,15912.67
154288,20303.28
154287,33534.63
154286,21887.37
154285,11350.05
154284,16639.32
154283,18131.54
154282,21879.42
154281,30143.54
154280,38445.52
154279,19302.69
154278,13166.15
154277,13965.45
154276,13982.78
154275,12574.98
154274,27953.64
154273,32379.66
154272,17711.36
154271,14212.98
154270,19079.86
154269,15276.21
154268,13820.14
154267,25444.47
154266,27616.17
154265,23369.08
154264,10145.65
154263,12352.81
154262,11214.26
154261,14403.79
154260,20856.26
154259,26579.11
154258,16702.13
154257,18799.92
154256,11278.95
154255,13797.61
154254,14524.05
154253,21133.13
154252,23422.73
154251,17684.07
154250,9968.99
154249,15413.73
154248,13174.37
154247,17999.24
154246,22189.97
154245,28633.1
154244,19650.44
154243,16936.75
154242,17860.37
154241,17351.48
154240,20197.39
154239,27370.85
154238,31400.82
154237,22581.84
154236,10151.01
154235,11356.4
154234,12678.69
154233,13683.04
154232,20617.48
154231,21099.58
154230,20999.36
154229,9000.24
154228,9469.35
154227,12907.64
154226,16640.1
154225,17853.11
154224,17374.22
154223,15178.7
154222,12918.01
