117816,27021.06
117815,35933.88
117814,39975.86
117813,10930.03
117812,12512.11
117811,15177.9
117810,12777.89
117809,827.53
117808,23295.8
117807,23459.23
117806,11658.4
117805,11373.29
117804,13209.06
117803,14767.79
117802,23781.1
117801,34253.37
117800,25298.34
117799,23737.36
117798,12978.85
117797,13516.55
117796,15593.23
117795,18576.93
117794,30370.39
117793,23354.51
117792,11651.43
117791,11483.75
117790,11329.73
117789,11881.78
117788,23008.53
117787,37945.45
117786,26874.64
117785,13408.96
117784,11445.4
117783,15897.33
117782,17269.98
117781,24795.52
117780,35305.95
117779,23282.18
117778,17646.97
117777,14716.68
117776,18499.97
117775,32569.47
117774,40742.62
117773,56874.49
117772,36126.44
117771,39274.11
117770,20800.63
117769,20596.95
117768,14591.92
117767,22713.77
117766,42915.72
117765,35848.22
117764,14430.45
117763,14254.55
117762,15807.85
117761,17483.21
117760,26280.6
117759,42125.76
117758,31594.47
117757,21598.53
117756,18280.18
117755,14510.38
117754,32450.75
117753,30663.04
117752,52714.06
117751,48284.63
117750,23250.61
117749,28428.51
117748,41001.7
117747,20726.27
117746,24531.74
117745,41962.31
117744,36421.24
117743,21646.03
117742,17688.63
117741,28575.76
117740,26174.93
117739,33648.93
117738,51079.61
117737,44223.51
117736,25968.05
117735,27593.82
117734,34473.21
117733,34269.0
117732,40030.2
117731,63071.68
117730,20487.66
117729,13824.16
117728,16554.85
117727,21650.0
117726,28219.99
117725,35211.88
117724,33347.42
117723,308.58
117722,15250.4
117721,32494.12
117720,28516.97
117719,30862.48
117718,51047.32
117717,55102.86
117716,13941.36
117715,612.98
117714,151.71
117713,53.46
117712,25028.22
117711,39141.22
117710,30244.16
117709,501.91
117708,16269.84
117707,17818.38
117706,32022.94
117705,28973.42
117704,51294.1
117703,40035.18
117702,21398.68
117701,20644.04
117700,20922.84
117699,24435.31
117698,39076.62
117697,55379.21
117696,43405.0
117695,20689.02
117694,23192.25
117693,21583.22
117692,30493.51
117691,39270.24
117690,69051.2
117689,40666.35
117688,16417.12
117687,20244.9
117686,18605.11
117685,20634.57
117684,45710.59
117683,48048.21
117682,43769.54
117681,21453.38
117680,24369.09
117679,26796.25
117678,22204.99
117677,34637.78
117676,47858.92
117675,43722.24
117674,16502.96
117673,21995.46
117672,19081.61
117671,33835.68
117670,38371.01
117669,47445.62
117668,44136.92
117667,53083.55
117666,22814.13
117665,25697.47
117664,28309.02
117663,33627.4
117662,41495.88
117661,42597.29
117660,17175.84
117659,32449.27
117658,26303.71
117657,31331.41
117656,33500.44
117655,44735.67
117654,40262.5
117653,25820.7
117652,26509.99
117651,22246.54
117650,26665.02
117649,39429.73
117648,50366.79
117647,39377.12
117646,13782.37
117645,18674.26
117644,17302.34
117643,18082.3
117642,33252.44
117641,34222.27
117640,38951.16
117639,18071.13
117638,11458.64
117637,15115.53
117636,26947.65
117635,30238.87
117634,35512.45
117633,32578.5
117632,25544.71
