5360,21723.74
5359,47529.35
5358,44851.65
5357,10264.53
5356,11421.11
5355,14456.43
5354,17879.42
5353,1094.8
5352,28739.5
5351,32163.92
5350,17832.11
5349,14839.78
5348,15148.86
5347,28641.69
5346,30370.06
5345,54705.25
5344,35233.74
5343,29500.5
5342,21836.16
5341,20885.38
5340,22702.71
5339,23660.92
5338,47857.44
5337,43954.28
5336,13170.86
5335,16186.71
5334,18245.88
5333,18876.55
5332,28794.43
5331,49704.26
5330,37207.05
5329,17468.57
5328,12830.27
5327,21615.54
5326,22354.36
5325,25119.79
5324,47755.16
5323,36048.32
5322,17153.54
5321,15509.54
5320,16728.54
5319,42849.15
5318,44212.75
5317,72665.16
5316,44827.88
5315,35049.86
5314,25819.12
5313,34750.87
5312,21552.0
5311,33744.75
5310,62825.01
5309,54981.18
5308,18840.91
5307,18759.31
5306,20027.5
5305,18721.66
5304,27043.17
5303,52118.91
5302,35658.35
5301,27212.16
5300,13451.12
5299,16084.03
5298,40771.55
5297,47918.0
5296,91531.38
5295,76140.22
5294,38572.4
5293,47718.37
5292,68456.23
5291,29585.46
5290,41627.72
5289,65007.84
5288,52673.7
5287,18482.69
5286,23920.24
5285,19285.86
5284,49379.07
5283,48792.99
5282,82045.74
5281,64403.65
5280,38389.46
5279,36361.13
5278,42704.92
5277,29576.56
5276,46172.32
5275,70615.39
5274,-13.99
5273,22008.14
5272,9352.11
5271,23669.79
5270,22373.04
5269,28602.63
5268,48455.44
5267,38740.28
5266,1280.95
5265,17130.1
5264,27159.54
5263,26844.46
5262,32728.36
5261,58053.73
5260,53083.96
5259,19432.4
5258,21587.94
5257,19065.03
5256,24858.54
5255,27473.63
5254,50355.86
5253,52638.98
5252,28636.28
5251,22234.72
5250,19901.48
5249,48695.28
5248,49992.29
5247,78672.47
5246,65215.74
5245,34412.16
5244,35452.7
5243,38380.62
5242,36474.48
5241,1430.93
5240,85286.01
5239,48998.9
5238,22206.89
5237,24221.8
5236,29047.3
5235,42236.19
5234,53621.9
5233,77627.04
5232,52105.98
5231,18845.22
5230,24216.97
5229,25249.57
5228,26230.21
5227,50703.36
5226,69105.61
5225,67837.0
5224,37785.09
5223,35200.92
5222,41877.65
5221,35955.41
5220,45686.59
5219,72323.94
5218,79712.84
5217,28299.69
5216,33337.01
5215,32181.25
5214,452.16
5213,51869.43
5212,69476.67
5211,59679.71
5210,68455.97
5209,29575.07
5208,26738.1
5207,37967.41
5206,44626.74
5205,64652.15
5204,51885.67
5203,26757.85
5202,52486.09
5201,45875.24
5200,40740.27
5199,55536.98
5198,77689.59
5197,67175.21
5196,37524.93
5195,42593.97
5194,42964.2
5193,47719.73
5192,62305.83
5191,78622.99
5190,65775.12
5189,23146.37
5188,23820.64
5187,20700.64
5186,27851.21
5185,38523.04
5184,56648.24
5183,49952.22
5182,23142.16
5181,16323.46
5180,25360.98
5179,32755.93
5178,32326.55
5177,39489.09
5176,35802.17
5175,23573.56
