209111,15646.09
209110,19249.9
209109,20032.93
209108,11955.25
209107,8492.73
209106,9770.77
209105,10637.49
209104,772.71
209103,14978.42
209102,18260.06
209101,8552.68
209100,7421.77
209099,6692.3
209098,13840.18
209097,17032.91
209096,20846.16
209095,15542.12
209094,12939.03
209093,9898.79
209092,11441.39
209091,10382.8
209090,12397.38
209089,17214.87
209088,13496.87
209087,7743.3
209086,5338.32
209085,7854.78
209084,7176.91
209083,17177.9
209082,19139.27
209081,11929.81
209080,10938.35
209079,13732.8
209078,16291.83
209077,14667.61
209076,18622.51
209075,23446.31
209074,12348.38
209073,11065.51
209072,10655.04
209071,11734.96
209070,24972.9
209069,25832.81
209068,38661.32
209067,25895.63
209066,23749.44
209065,12763.18
209064,14800.27
209063,13235.67
209062,23582.35
209061,29526.88
209060,20372.75
209059,12190.88
209058,10652.91
209057,11580.09
209056,12144.3
209055,17702.9
209054,27263.63
209053,15671.77
209052,17784.62
209051,13262.39
209050,13225.1
209049,23397.0
209048,24879.55
209047,30612.21
209046,28450.5
209045,19161.69
209044,16594.5
209043,26656.11
209042,16283.59
209041,18295.65
209040,27085.94
209039,22327.25
209038,11078.33
209037,16247.62
209036,22339.18
209035,20129.9
209034,22729.28
209033,30242.05
209032,24518.7
209031,17058.02
209030,21166.7
209029,20734.41
209028,23690.69
209027,28142.99
209026,44749.71
209025,12111.06
209024,10808.88
209023,12099.62
209022,14818.65
209021,19354.3
209020,24863.07
209019,22496.98
209018,11898.34
209017,15273.91
209016,24016.51
209015,19339.51
209014,25183.91
209013,34968.83
209012,31866.05
209011,846.94
209010,11152.28
209009,14104.61
209008,14162.57
209007,18694.44
209006,19447.68
209005,21116.36
209004,11907.14
209003,13259.08
209002,11648.29
209001,20509.34
209000,25956.62
208999,30656.24
208998,21240.38
208997,13903.1
208996,14964.63
208995,17298.17
208994,15771.23
208993,503.8
208992,33956.44
208991,26723.26
208990,19048.58
208989,21426.28
208988,17594.72
208987,23780.23
208986,32165.21
208985,41934.36
208984,29559.18
208983,13281.88
208982,15339.89
208981,15125.14
208980,17669.3
208979,35222.93
208978,33657.98
208977,30932.94
208976,18425.61
208975,17697.3
208974,23326.22
208973,19754.08
208972,22688.95
208971,31685.55
208970,29479.43
208969,12714.29
208968,12301.99
208967,18232.04
208966,142.93
208965,23781.84
208964,25452.15
208963,24906.65
208962,33608.15
208961,17052.05
208960,20682.11
208959,21318.29
208958,24940.81
208957,28008.05
208956,24770.58
208955,14225.71
208954,23665.78
208953,19024.52
208952,21521.84
208951,23103.25
208950,27385.46
208949,25004.72
208948,18945.79
208947,17375.17
208946,21064.43
208945,21409.86
208944,28495.47
208943,39757.54
208942,31275.78
208941,13607.47
208940,13930.85
208939,13997.25
208938,16835.43
208937,21611.0
208936,19400.61
208935,22151.42
208934,12376.24
208933,9566.96
208932,13773.7
208931,14924.18
208930,20437.19
208929,23166.58
208928,20697.81
208927,13531.61
