87155,35449.35
87154,69454.32
87153,60324.52
87152,24928.86
87151,24197.51
87150,26919.03
87149,25208.95
87148,2886.83
87147,49875.39
87146,29439.26
87145,20763.87
87144,19387.64
87143,23580.15
87142,41345.78
87141,45232.15
87140,57878.23
87139,50347.0
87138,50314.46
87137,24146.76
87136,30475.91
87135,35206.39
87134,31255.18
87133,42682.31
87132,31946.43
87131,18179.74
87130,22417.34
87129,25787.25
87128,25930.62
87127,43593.24
87126,63262.55
87125,43911.18
87124,24335.41
87123,24733.82
87122,24675.77
87121,27567.58
87120,13429.43
87119,62225.99
87118,44475.67
87117,8587.0
87116,26376.37
87115,30106.3
87114,57606.09
87113,60809.05
87112,90648.6
87111,45055.3
87110,55755.02
87109,31316.09
87108,42388.37
87107,26900.07
87106,45078.62
87105,67309.46
87104,51356.19
87103,27270.97
87102,25597.32
87101,26836.71
87100,25608.55
87099,36480.28
87098,69096.2
87097,42215.85
87096,33784.58
87095,25170.81
87094,24140.62
87093,56200.26
87092,61175.15
87091,107443.74
87090,86211.44
87089,46787.02
87088,54647.72
87087,68785.67
87086,42027.1
87085,57904.45
87084,73777.05
87083,64568.5
87082,27113.11
87081,27773.92
87080,60188.88
87079,47937.88
87078,51497.28
87077,100036.45
87076,69777.83
87075,30473.6
87074,47412.26
87073,58814.34
87072,42215.55
87071,71635.89
87070,111385.2
87069,21488.24
87068,28871.13
87067,30332.91
87066,37555.71
87065,36996.55
87064,71031.79
87063,47700.73
87062,1027.49
87061,27785.98
87060,35790.66
87059,36209.79
87058,55531.04
87057,81720.19
87056,81010.78
87055,31077.78
87054,34299.14
87053,37928.41
87052,39619.3
87051,43689.09
87050,56356.37
87049,51026.27
87048,34638.8
87047,29651.34
87046,35566.2
87045,62866.28
87044,70689.35
87043,93901.47
87042,69351.1
87041,42885.0
87040,44394.87
87039,50596.19
87038,50537.96
87037,1796.61
87036,88812.22
87035,56038.84
87034,34813.52
87033,38718.72
87032,44066.86
87031,50467.05
87030,66479.71
87029,104394.07
87028,65681.46
87027,28656.14
87026,31866.33
87025,38843.28
87024,36812.88
87023,68746.38
87022,91875.7
87021,82450.17
87020,51196.58
87019,48717.39
87018,59429.54
87017,50013.43
87016,73979.82
87015,87111.33
87014,95283.98
87013,39711.52
87012,38898.77
87011,52598.89
87010,1158.1
87009,71802.82
87008,93259.25
87007,62358.84
87006,82193.06
87005,41575.01
87004,41652.55
87003,50255.58
87002,51256.23
87001,68527.62
87000,69896.41
86999,33347.18
86998,62513.98
86997,61933.33
86996,57179.38
86995,64219.11
86994,84303.81
86993,69771.25
86992,41341.9
86991,53042.01
86990,52641.48
86989,60274.41
86988,69394.35
86987,88778.07
86986,68186.0
86985,37693.01
86984,36457.64
86983,41774.89
86982,46315.63
86981,60514.12
86980,60986.21
86979,65659.52
86978,33734.66
86977,24555.29
86976,40756.49
86975,45797.55
86974,48733.42
86973,55491.11
86972,40197.06
86971,35191.6
