40473,27695.28
40472,48286.13
40471,39098.88
40470,17424.71
40469,16229.38
40468,15068.83
40467,16054.82
40466,852.39
40465,28270.96
40464,25706.43
40463,16250.17
40462,15661.18
40461,16011.27
40460,34898.45
40459,33371.73
40458,48407.76
40457,33232.3
40456,36948.71
40455,22651.22
40454,27516.29
40453,29018.59
40452,25472.78
40451,248.82
40450,17690.61
40449,14807.83
40448,11723.39
40447,14329.23
40446,11779.49
40445,30545.52
40444,51756.62
40443,31755.64
40442,21165.55
40441,19604.53
40440,18075.57
40439,23216.79
40438,18762.61
40437,39873.9
40436,27586.76
40435,13475.32
40434,17281.26
40433,20161.94
40432,50175.57
40431,52049.66
40430,78671.21
40429,49829.59
40428,28394.85
40427,25582.75
40426,37181.39
40425,25269.13
40424,40892.33
40423,59355.02
40422,43475.14
40421,16873.61
40420,17059.85
40419,16929.64
40418,19013.84
40417,28738.35
40416,50548.39
40415,34444.45
40414,27288.11
40413,20601.6
40412,20651.02
40411,49657.7
40410,34897.53
40409,82653.58
40408,61887.08
40407,46826.89
40406,50057.97
40405,59969.03
40404,30430.47
40403,36674.65
40402,58887.13
40401,47804.95
40400,16805.09
40399,19151.95
40398,43491.07
40397,39742.99
40396,45863.5
40395,74306.38
40394,50430.63
40393,33182.04
40392,45588.88
40391,51046.69
40390,40128.31
40389,60393.97
40388,62096.42
40387,24062.01
40386,26052.93
40385,29753.1
40384,29671.71
40383,31367.1
40382,39307.13
40381,35701.5
40380,1123.28
40379,23235.71
40378,37615.17
40377,23855.04
40376,44553.04
40375,43083.22
40374,57747.35
40373,19373.83
40372,768.05
40371,606.01
40370,196.62
40369,28794.18
40368,38094.42
40367,35569.37
40366,663.32
40365,20945.29
40364,21872.5
40363,55059.25
40362,49811.23
40361,70622.86
40360,57473.95
40359,35947.34
40358,38150.83
40357,42619.7
40356,36450.22
40355,45788.14
40354,73515.0
40353,40326.99
40352,28542.52
40351,28474.66
40350,26910.31
40349,45977.36
40348,44249.58
40347,73561.86
40346,39690.06
40345,21441.88
40344,23323.63
40343,24462.64
40342,24515.83
40341,52997.64
40340,64524.39
40339,55044.86
40338,38993.91
40337,36206.42
40336,40588.94
40335,33075.99
40334,39778.12
40333,66832.77
40332,64176.75
40331,27044.82
40330,26230.33
40329,24970.79
40328,37721.58
40327,47518.75
40326,60333.86
40325,44136.82
40324,65068.88
40323,27990.57
40322,32042.48
40321,35840.5
40320,39617.08
40319,41322.39
40318,50662.6
40317,25528.99
40316,52434.42
40315,45733.27
40314,48381.48
40313,46009.92
40312,62937.48
40311,56897.74
40310,45268.68
40309,45212.78
40308,41452.19
40307,51477.55
40306,54521.26
40305,60073.13
40304,44180.14
40303,23199.53
40302,28105.96
40301,29631.33
40300,33304.78
40299,39915.56
40298,35050.08
40297,40808.69
40296,19416.51
40295,21207.03
40294,24069.15
40293,27327.68
40292,32114.93
40291,33344.18
40290,38630.31
40289,24893.26
