45635,35426.9
45634,57415.87
45633,35329.73
45632,10291.31
45631,11860.08
45630,12860.12
45629,12287.89
45628,977.42
45627,29749.85
45626,13244.79
45625,9956.22
45624,5713.53
45623,9987.19
45622,21265.91
45621,27789.69
45620,36371.79
45619,19792.91
45618,22507.58
45617,15529.64
45616,12038.92
45615,16337.33
45614,22879.67
45613,47002.6
45612,30195.18
45611,11771.95
45610,12239.72
45609,11457.9
45608,12789.06
45607,30457.36
45606,45556.25
45605,22417.59
45604,14743.22
45603,19915.88
45602,17117.98
45601,17465.56
45600,26482.64
45599,49937.05
45598,20049.43
45597,13056.69
45596,11420.17
45595,18130.42
45594,44670.55
45593,48230.51
45592,83342.83
45591,39815.31
45590,32935.42
45589,25662.46
45588,28435.62
45587,20857.16
45586,41329.99
45585,66786.73
45584,38073.83
45583,14453.78
45582,16229.9
45581,10527.58
45580,10560.84
45579,32728.47
45578,62518.72
45577,27223.98
45576,20365.07
45575,11646.2
45574,17650.79
45573,31225.43
45572,47202.35
45571,83687.11
45570,52250.79
45569,30346.34
45568,37408.22
45567,46605.56
45566,25282.33
45565,37198.47
45564,72808.69
45563,48796.36
45562,16762.89
45561,19038.0
45560,39984.02
45559,36714.81
45558,46844.83
45557,69955.0
45556,43003.7
45555,29934.08
45554,33736.75
45553,45010.46
45552,27858.3
45551,54684.73
45550,70072.81
45549,16012.36
45548,20180.84
45547,17873.16
45546,18943.77
45545,32822.39
45544,47124.69
45543,31829.69
45542,11788.84
45541,16378.33
45540,32534.8
45539,29191.55
45538,42138.74
45537,62705.12
45536,38427.13
45535,154.7
45534,12930.9
45533,11485.17
45532,18760.16
45531,28752.73
45530,37011.89
45529,29970.72
45528,18104.13
45527,14767.19
45526,18064.72
45525,37139.61
45524,52924.06
45523,68349.03
45522,41317.66
45521,27082.61
45520,25087.93
45519,27459.69
45518,26515.53
45517,70273.65
45516,33277.81
45515,18869.46
45514,23796.94
45513,23002.1
45512,30976.24
45511,42630.94
45510,62396.81
45509,31199.61
45508,16922.97
45507,18443.64
45506,19398.77
45505,19046.31
45504,40231.39
45503,61090.66
45502,39060.72
45501,26128.0
45500,27908.9
45499,33610.16
45498,26092.96
45497,39198.07
45496,59588.71
45495,39407.75
45494,15375.9
45493,18121.38
45492,23600.69
45491,45897.0
45490,47610.41
45489,30693.12
45488,36222.57
45487,23676.98
45486,22666.82
45485,31318.59
45484,34965.16
45483,49512.56
45482,32975.23
45481,22460.12
45480,42548.04
45479,37129.33
45478,31065.29
45477,46280.36
45476,55647.94
45475,40555.9
45474,29185.02
45473,34996.19
45472,31041.96
45471,35746.08
45470,47488.28
45469,52210.18
45468,29632.74
45467,15404.27
45466,17376.23
45465,19141.36
45464,24234.79
45463,36787.22
45462,35743.82
45461,36039.17
45460,17923.65
45459,15646.68
45458,17457.31
45457,24689.77
45456,26113.14
45455,33417.03
45454,25503.57
45453,23676.17
