87347,44645.31
87346,60431.08
87345,61642.61
87344,20523.94
87343,17472.83
87342,23423.81
87341,22526.51
87340,989.74
87339,44677.9
87338,28085.47
87337,14598.63
87336,14664.07
87335,17533.38
87334,34576.17
87333,40375.14
87332,42601.15
87331,48113.98
87330,40763.45
87329,23888.35
87328,30894.0
87327,29594.87
87326,31631.02
87325,57898.83
87324,40725.73
87323,16243.11
87322,16187.15
87321,20000.27
87320,26015.12
87319,39457.32
87318,69489.2
87317,41221.11
87316,18642.55
87315,23984.51
87314,24860.43
87313,25605.63
87312,16698.57
87311,54428.95
87310,37141.16
87309,12738.23
87308,23113.05
87307,22639.08
87306,50661.16
87305,71343.13
87304,106490.44
87303,60523.45
87302,62105.37
87301,28829.17
87300,49943.94
87299,36084.6
87298,57781.91
87297,76910.13
87296,54909.63
87295,31138.7
87294,27766.44
87293,19702.39
87292,27276.98
87291,39209.17
87290,60458.75
87289,48585.85
87288,37323.95
87287,23341.01
87286,19750.87
87285,58150.28
87284,56935.29
87283,94981.02
87282,77710.69
87281,42556.83
87280,49644.49
87279,66069.32
87278,34104.65
87277,46319.47
87276,75101.62
87275,63795.25
87274,22886.48
87273,23728.38
87272,52473.77
87271,40600.04
87270,52185.38
87269,100981.14
87268,72922.39
87267,30556.7
87266,41741.11
87265,53206.09
87264,37342.52
87263,59953.29
87262,100953.5
87261,22243.06
87260,27169.38
87259,28912.87
87258,32326.11
87257,44161.23
87256,64298.64
87255,53641.02
87254,846.1
87253,21084.28
87252,42170.55
87251,33207.77
87250,57785.15
87249,94894.73
87248,71693.47
87247,21731.49
87246,1322.93
87245,826.34
87244,195.6
87243,37440.58
87242,69495.84
87241,54821.9
87240,1307.4
87239,31166.7
87238,33670.89
87237,68604.25
87236,71250.51
87235,97101.61
87234,72596.36
87233,44716.64
87232,42700.52
87231,45487.91
87230,47322.21
87229,54193.27
87228,87822.45
87227,56057.85
87226,29016.9
87225,29781.99
87224,38953.39
87223,47985.95
87222,68228.68
87221,97988.34
87220,64211.68
87219,24150.14
87218,29758.31
87217,31659.07
87216,32452.52
87215,68761.9
87214,94132.68
87213,72056.79
87212,45050.07
87211,51828.3
87210,47517.8
87209,48450.19
87208,69359.37
87207,69654.55
87206,81325.33
87205,33754.54
87204,34149.52
87203,36279.49
87202,52442.52
87201,68193.21
87200,78353.36
87199,64826.25
87198,78821.74
87197,30346.14
87196,33226.97
87195,41477.98
87194,51810.9
87193,60028.05
87192,63399.55
87191,28210.14
87190,54557.46
87189,55823.67
87188,54407.24
87187,66886.27
87186,90597.05
87185,71529.32
87184,41566.96
87183,47555.22
87182,43945.1
87181,59099.55
87180,65900.94
87179,85134.9
87178,65683.65
87177,30077.49
87176,32989.5
87175,39650.84
87174,46893.2
87173,51557.09
87172,59430.79
87171,58038.39
87170,28236.45
87169,25960.14
87168,36434.4
87167,37897.74
87166,46002.29
87165,51189.13
87164,37248.78
87163,35676.91
