21283,42137.63
21282,71609.31
21281,57041.26
21280,23109.02
21279,22890.72
21278,25839.99
21277,26447.74
21276,2052.8
21275,43267.66
21274,29323.57
21273,17120.18
21272,16537.38
21271,19212.92
21270,45021.49
21269,56916.23
21268,68129.69
21267,42042.33
21266,33839.24
21265,30497.15
21264,30955.67
21263,32800.62
21262,37053.76
21261,70877.57
21260,53862.94
21259,19570.3
21258,17562.29
21257,25426.02
21256,23694.92
21255,37250.85
21254,61538.89
21253,44849.9
21252,26046.25
21251,21089.67
21250,31257.47
21249,33471.18
21248,41704.43
21247,64051.64
21246,40269.53
21245,24275.15
21244,25956.04
21243,30004.1
21242,61591.84
21241,79777.94
21240,111578.95
21239,65449.0
21238,40266.74
21237,37886.0
21236,49668.07
21235,37603.7
21234,55904.06
21233,99242.0
21232,66238.57
21231,26782.08
21230,27455.27
21229,23975.96
21228,28259.77
21227,44093.59
21226,73705.34
21225,47359.86
21224,44259.45
21223,14289.35
21222,27074.39
21221,58065.75
21220,79148.67
21219,101487.36
21218,90466.01
21217,57343.82
21216,70520.36
21215,88298.11
21214,43705.32
21213,53856.19
21212,77604.89
21211,64167.72
21210,26772.28
21209,28932.0
21208,49771.07
21207,46734.83
21206,57828.97
21205,95220.4
21204,74525.66
21203,46181.29
21202,48309.42
21201,53210.64
21200,38642.97
21199,75282.82
21198,100392.15
21197,29506.58
21196,24919.44
21195,27544.19
21194,29924.64
21193,41447.5
21192,45337.9
21191,47477.77
21190,19115.13
21189,25130.09
21188,42777.61
21187,44135.87
21186,56169.5
21185,92253.96
21184,66556.85
21183,2604.68
21182,25132.68
21181,22724.64
21180,37906.4
21179,45354.79
21178,57948.06
21177,48239.37
21176,26641.35
21175,24033.43
21174,26833.5
21173,60103.09
21172,72547.44
21171,94378.73
21170,66389.7
21169,44382.35
21168,43107.89
21167,48629.78
21166,44779.51
21165,1672.43
21164,97106.47
21163,52815.5
21162,31369.71
21161,31908.65
21160,30762.32
21159,58206.1
21158,65306.39
21157,106400.76
21156,58946.26
21155,24614.52
21154,25890.48
21153,27048.64
21152,34075.39
21151,65952.04
21150,90517.37
21149,67757.78
21148,46034.12
21147,48511.47
21146,52103.48
21145,44756.12
21144,66383.65
21143,80178.37
21142,83296.53
21141,37833.63
21140,34727.22
21139,48223.19
21138,643.4
21137,78858.31
21136,84192.87
21135,70401.83
21134,68931.08
21133,33063.42
21132,32951.43
21131,46065.95
21130,55056.21
21129,73623.69
21128,56210.94
21127,36518.15
21126,58290.81
21125,58588.77
21124,63211.02
21123,81106.95
21122,91159.51
21121,74744.03
21120,57111.69
21119,48639.75
21118,56142.74
21117,59595.43
21116,79402.16
21115,96657.38
21114,67392.81
21113,33328.82
21112,29781.63
21111,31627.69
21110,45488.01
21109,61755.0
21108,59922.38
21107,65993.88
21106,28524.19
21105,20308.6
21104,29219.94
21103,43682.24
21102,56944.49
21101,47527.89
21100,55926.94
21099,22465.47
