70468,23117.23
70467,46565.4
70466,34482.58
70465,17351.45
70464,15882.67
70463,17123.51
70462,11997.23
70461,1003.49
70460,31355.44
70459,22721.83
70458,11927.76
70457,8133.97
70456,14097.19
70455,18634.33
70454,17931.77
70453,37966.01
70452,25789.21
70451,26946.83
70450,16256.9
70449,15545.79
70448,14997.45
70447,11795.97
70446,23281.22
70445,28519.97
70444,10887.14
70443,13637.64
70442,12126.96
70441,13893.97
70440,24166.78
70439,37873.95
70438,22029.11
70437,15296.73
70436,13022.41
70435,14524.59
70434,19671.55
70433,27526.89
70432,41671.91
70431,26185.29
70430,13776.54
70429,15533.23
70428,21145.32
70427,38979.44
70426,44061.13
70425,73514.01
70424,38766.27
70423,24518.15
70422,19072.63
70421,26014.23
70420,18142.68
70419,31701.62
70418,44419.43
70417,31465.02
70416,13840.35
70415,12203.03
70414,13614.26
70413,15509.97
70412,22654.31
70411,43577.68
70410,32183.51
70409,24286.21
70408,17700.34
70407,15879.79
70406,29537.66
70405,41781.07
70404,63796.37
70403,44954.84
70402,25881.49
70401,30749.13
70400,39902.79
70399,27181.4
70398,38482.24
70397,55196.31
70396,48999.32
70395,21225.85
70394,23678.71
70393,34431.26
70392,31793.23
70391,40420.81
70390,68384.7
70389,46252.03
70388,23780.83
70387,28378.12
70386,34159.57
70385,28635.93
70384,52775.03
70383,85756.05
70382,18833.95
70381,18570.94
70380,19801.84
70379,21224.52
70378,27723.05
70377,47522.54
70376,28669.92
70375,376.56
70374,16851.31
70373,25269.45
70372,27399.92
70371,37620.36
70370,61486.92
70369,37007.47
70368,13108.5
70367,16826.57
70366,13843.63
70365,20197.54
70364,26422.78
70363,40763.74
70362,29997.92
70361,14841.68
70360,19859.05
70359,19516.39
70358,33709.17
70357,37344.46
70356,54740.16
70355,32264.55
70354,23223.31
70353,19834.59
70352,25007.14
70351,28906.06
70350,560.2
70349,65056.26
70348,32977.76
70347,24644.49
70346,24534.19
70345,26961.91
70344,38771.99
70343,46195.02
70342,76263.11
70341,49342.85
70340,21154.7
70339,19573.92
70338,20047.08
70337,19271.9
70336,39356.69
70335,56787.7
70334,38659.58
70333,23383.51
70332,27428.89
70331,30704.48
70330,28642.45
70329,39616.31
70328,60903.3
70327,52677.03
70326,25901.96
70325,26698.69
70324,20867.34
70323,198.44
70322,45171.25
70321,51058.79
70320,37092.15
70319,44646.24
70318,18331.65
70317,18591.4
70316,24601.05
70315,29351.61
70314,45899.65
70313,31910.21
70312,18666.43
70311,23785.47
70310,28826.48
70309,25526.89
70308,35241.19
70307,49753.96
70306,38522.64
70305,26132.41
70304,24893.92
70303,31330.89
70302,35620.93
70301,43444.49
70300,61376.63
70299,49721.91
70298,16364.49
70297,16113.92
70296,19573.78
70295,21124.45
70294,34661.35
70293,44022.08
70292,41326.78
70291,15837.62
70290,12549.73
70289,19691.15
70288,25593.7
70287,34054.99
70286,38130.88
70285,27888.77
70284,23015.97
