168406,17341.43
168405,33744.96
168404,20193.28
168403,10039.1
168402,10496.03
168401,9728.21
168400,11745.07
168399,543.05
168398,23802.65
168397,8936.68
168396,8635.15
168395,8965.6
168394,8837.84
168393,14852.02
168392,14668.95
168391,23773.76
168390,11766.28
168389,22864.72
168388,7424.01
168387,11635.46
168386,10226.61
168385,12593.98
168384,24554.39
168383,15470.25
168382,9131.48
168381,10047.36
168380,8791.95
168379,8352.64
168378,18478.17
168377,29329.37
168376,15313.21
168375,14053.03
168374,15056.15
168373,13592.02
168372,15509.13
168371,18545.69
168370,35258.99
168369,15449.67
168368,11629.23
168367,12092.17
168366,17065.74
168365,22445.72
168364,33921.16
168363,49427.55
168362,28402.29
168361,30818.43
168360,15437.39
168359,16564.92
168358,12531.47
168357,21608.2
168356,29610.15
168355,20271.3
168354,15403.42
168353,11890.4
168352,14211.22
168351,12641.1
168350,18798.32
168349,32496.34
168348,20512.06
168347,16241.54
168346,10830.38
168345,14948.22
168344,21927.68
168343,25931.56
168342,38116.2
168341,30742.38
168340,16921.71
168339,18999.57
168338,23307.59
168337,14058.87
168336,21562.09
168335,37308.73
168334,18432.97
168333,11231.25
168332,13996.55
168331,22661.05
168330,19246.95
168329,20889.53
168328,35968.11
168327,25841.44
168326,19318.9
168325,20851.52
168324,20927.07
168323,23758.37
168322,30041.22
168321,44445.38
168320,-39.98
168319,19112.94
168318,16471.4
168317,15450.66
168316,18356.94
168315,27948.87
168314,33139.78
168313,24650.46
168312,20222.29
168311,18503.42
168310,23367.21
168309,22458.58
168308,29300.82
168307,38377.18
168306,30910.77
168305,12378.94
168304,15849.17
168303,13759.74
168302,18824.78
168301,30206.71
168300,22277.46
168299,14645.59
168298,13698.87
168297,16910.3
168296,24864.72
168295,25358.52
168294,42548.5
168293,29324.92
168292,14972.48
168291,15756.8
168290,15850.36
168289,16742.74
168288,40762.48
168287,23519.93
168286,21304.42
168285,18280.91
168284,21523.7
168283,23409.01
168282,31181.34
168281,44359.03
168280,29584.36
168279,15128.53
168278,13816.93
168277,16533.27
168276,15670.27
168275,24966.7
168274,38762.04
168273,28006.21
168272,16899.0
168271,19037.91
168270,21053.74
168269,18172.89
168268,23206.81
168267,39311.06
168266,30573.61
168265,14061.11
168264,12140.53
168263,13026.59
168262,24151.7
168261,35511.08
168260,23263.75
168259,29288.48
168258,13324.06
168257,14911.4
168256,18874.51
168255,21533.09
168254,28620.98
168253,24818.8
168252,18094.66
168251,24285.05
168250,23679.79
168249,22377.49
168248,23850.98
168247,41326.94
168246,26490.97
168245,19518.44
168244,17054.85
168243,18759.47
168242,24908.65
168241,27907.07
168240,37221.63
168239,28064.39
168238,18651.19
168237,15588.5
168236,14515.8
168235,18357.81
168234,22111.41
168233,20753.56
168232,23146.26
168231,15782.92
168230,13913.54
168229,16283.39
168228,21189.25
168227,22158.13
168226,29216.63
168225,23026.07
168224,13683.17
