179321,22318.33
179320,45913.21
179319,34325.08
179318,11334.17
179317,11763.98
179316,14710.72
179315,13823.32
179314,749.45
179313,33582.7
179312,16125.84
179311,9680.81
179310,5595.42
179309,9220.64
179308,18906.44
179307,25119.54
179306,38297.02
179305,21933.32
179304,21484.51
179303,17993.24
179302,9329.12
179301,17677.22
179300,11549.5
179299,22804.97
179298,22362.3
179297,11740.84
179296,12175.8
179295,13724.24
179294,11463.58
179293,21953.21
179292,43589.18
179291,23192.1
179290,13800.59
179289,13397.35
179288,14300.19
179287,16719.03
179286,23461.25
179285,40672.38
179284,16562.98
179283,9242.53
179282,5825.48
179281,13741.41
179280,29624.93
179279,39361.4
179278,64740.62
179277,31778.67
179276,23537.23
179275,11242.39
179274,23152.14
179273,15766.95
179272,30783.59
179271,46873.31
179270,27575.19
179269,14364.62
179268,16018.22
179267,17050.0
179266,11695.32
179265,26798.61
179264,46302.87
179263,22361.31
179262,18089.42
179261,12106.85
179260,11592.77
179259,26896.98
179258,35372.59
179257,60367.49
179256,47195.39
179255,26301.56
179254,32626.98
179253,42760.29
179252,21730.45
179251,34180.58
179250,52444.73
179249,35285.86
179248,16303.65
179247,17976.63
179246,24605.09
179245,28504.77
179244,35751.3
179243,59943.36
179242,42220.14
179241,25208.06
179240,30401.21
179239,36211.58
179238,29015.42
179237,52980.41
179236,66181.0
179235,18330.1
179234,15551.1
179233,21437.05
179232,20652.5
179231,27415.05
179230,42663.2
179229,29744.31
179228,826.45
179227,13187.11
179226,28686.16
179225,20840.32
179224,34102.7
179223,49772.85
179222,35411.87
179221,11580.03
179220,475.06
179219,814.44
179218,96.31
179217,23994.26
179216,39062.06
179215,30289.85
179214,1439.26
179213,18830.96
179212,16804.46
179211,36267.53
179210,51604.49
179209,55656.11
179208,35415.57
179207,25491.75
179206,24433.23
179205,26627.54
179204,27179.53
179203,37090.51
179202,68895.07
179201,28246.59
179200,17217.67
179199,21774.37
179198,23154.41
179197,32853.49
179196,44735.31
179195,57104.67
179194,33979.98
179193,16271.61
179192,16362.95
179191,15944.32
179190,17587.08
179189,45086.39
179188,58739.51
179187,36648.39
179186,23190.1
179185,24991.8
179184,22025.15
179183,21348.18
179182,36856.4
179181,54885.03
179180,37540.93
179179,17718.44
179178,18002.5
179177,21379.6
179176,34914.26
179175,40320.06
179174,47480.32
179173,37356.31
179172,40749.35
179171,22949.37
179170,20044.39
179169,31620.83
179168,32308.73
179167,43846.91
179166,29327.0
179165,15524.72
179164,36319.23
179163,30342.29
179162,29866.86
179161,37380.29
179160,44718.24
179159,38040.47
179158,26553.53
179157,24324.71
179156,27622.76
179155,34361.46
179154,41862.88
179153,48861.01
179152,32803.3
179151,16668.81
179150,19602.73
179149,21976.56
179148,21781.01
179147,31235.08
179146,30916.52
179145,37128.72
179144,17630.11
179143,12207.87
179142,20757.23
179141,22525.08
179140,25910.33
179139,27658.59
179138,21127.7
179137,22138.93
