38361,42751.05
38360,73565.56
38359,65239.88
38358,24547.57
38357,29766.67
38356,30236.48
38355,32533.26
38354,1944.21
38353,52867.89
38352,43420.9
38351,20914.23
38350,21880.9
38349,22845.38
38348,35177.7
38347,36611.39
38346,63529.27
38345,51325.39
38344,61905.26
38343,35451.71
38342,41312.76
38341,44832.85
38340,24053.75
38339,34.98
38338,5773.16
38337,15309.94
38336,20838.48
38335,23629.34
38334,25535.17
38333,37347.8
38332,68645.35
38331,44881.96
38330,27185.02
38329,27356.87
38328,25437.94
38327,30550.34
38326,43942.99
38325,64044.76
38324,37817.35
38323,27684.62
38322,24515.69
38321,31504.16
38320,63732.57
38319,75116.18
38318,111293.54
38317,68529.1
38316,18331.83
38315,38113.18
38314,44758.5
38313,38870.53
38312,49902.08
38311,78698.96
38310,56817.63
38309,31411.83
38308,27100.61
38307,24516.03
38306,27422.14
38305,40760.28
38304,81439.09
38303,51455.22
38302,40509.06
38301,36135.08
38300,25638.28
38299,50137.07
38298,65849.55
38297,108969.53
38296,87314.18
38295,49141.34
38294,63390.44
38293,89560.78
38292,45287.95
38291,54150.91
38290,101722.11
38289,81593.91
38288,31605.39
38287,30983.79
38286,60221.1
38285,58323.27
38284,67206.0
38283,91379.83
38282,71748.77
38281,56420.48
38280,58688.03
38279,64559.38
38278,55413.02
38277,74068.49
38276,120200.01
38275,-36.4
38274,43604.1
38273,27942.51
38272,32962.99
38271,37427.97
38270,47135.19
38269,74420.31
38268,55696.39
38267,1605.04
38266,26034.6
38265,43852.47
38264,38425.44
38263,55699.05
38262,91634.19
38261,77237.15
38260,30129.66
38259,25299.99
38258,32445.34
38257,35752.12
38256,43067.95
38255,69338.4
38254,63340.41
38253,34811.64
38252,33731.86
38251,33998.13
38250,62433.51
38249,65115.12
38248,106869.92
38247,79898.69
38246,49763.25
38245,51138.6
38244,50916.27
38243,44572.26
38242,1446.4
38241,107550.16
38240,69813.24
38239,35085.03
38238,43952.09
38237,47408.01
38236,63234.66
38235,67294.1
38234,132583.26
38233,93925.11
38232,30518.44
38231,34510.33
38230,34052.68
38229,33634.52
38228,78655.91
38227,91492.55
38226,77266.53
38225,43501.53
38224,43946.34
38223,46542.2
38222,46380.0
38221,62155.1
38220,94571.33
38219,87961.97
38218,30965.31
38217,37350.37
38216,42745.28
38215,810.22
38214,75719.21
38213,100773.31
38212,76953.5
38211,96546.31
38210,40359.37
38209,37370.55
38208,48292.36
38207,61150.56
38206,85428.82
38205,81377.26
38204,38643.81
38203,68019.33
38202,68593.81
38201,70211.12
38200,87686.38
38199,108244.09
38198,91650.0
38197,52463.15
38196,58480.22
38195,54392.58
38194,61649.39
38193,86275.42
38192,120436.68
38191,94217.63
38190,43819.2
38189,61572.42
38188,22448.04
38187,45712.05
38186,67232.01
38185,69814.35
38184,79017.78
38183,38863.62
38182,28465.68
38181,36377.75
38180,47545.02
38179,50764.23
38178,70013.51
38177,53959.9
38176,53110.86
