217556,21705.14
217555,23082.66
217554,15405.79
217553,8280.97
217552,9032.74
217551,9775.94
217550,6447.7
217549,612.35
217548,17463.86
217547,13140.71
217546,7018.23
217545,6772.52
217544,5971.15
217543,10186.5
217542,12949.88
217541,19874.31
217540,10297.57
217539,12992.98
217538,8280.18
217537,5436.41
217536,9049.0
217535,10862.86
217534,20557.65
217533,14798.99
217532,6948.57
217531,6169.63
217530,8044.46
217529,8317.33
217528,13997.33
217527,23494.38
217526,12032.62
217525,9608.77
217524,11573.02
217523,9715.04
217522,12748.04
217521,14333.9
217520,24655.96
217519,12395.49
217518,8718.73
217517,9037.38
217516,11559.6
217515,13870.95
217514,19290.38
217513,33640.35
217512,22120.62
217511,19010.64
217510,9479.96
217509,11000.32
217508,8347.96
217507,18442.06
217506,25377.7
217505,20486.5
217504,8329.29
217503,8338.42
217502,9893.84
217501,10098.54
217500,13335.83
217499,24307.62
217498,13893.4
217497,12942.7
217496,8565.84
217495,10345.36
217494,15039.02
217493,19759.34
217492,32720.98
217491,26191.13
217490,13242.27
217489,13544.07
217488,17469.67
217487,12775.42
217486,15266.6
217485,27534.76
217484,20058.42
217483,9233.45
217482,8613.94
217481,14894.23
217480,15151.47
217479,19432.14
217478,29557.0
217477,25311.69
217476,13360.98
217475,13134.7
217474,13988.48
217473,15015.43
217472,19787.35
217471,37754.41
217470,10978.85
217469,10151.36
217468,8578.64
217467,12395.95
217466,17446.86
217465,27570.03
217464,18312.78
217463,13854.92
217462,11598.23
217461,16395.08
217460,16754.55
217459,24788.7
217458,31819.23
217457,26216.52
217456,424.74
217455,9754.06
217454,9855.96
217453,13356.58
217452,14281.4
217451,24665.05
217450,19628.57
217449,11654.2
217448,11315.74
217447,12471.35
217446,13518.92
217445,20852.42
217444,32282.59
217443,19870.38
217442,10733.21
217441,11217.73
217440,9353.34
217439,13166.78
217438,135.15
217437,29800.25
217436,18675.95
217435,4274.24
217434,14749.74
217433,12401.94
217432,18368.12
217431,25451.73
217430,37083.16
217429,26145.65
217428,11766.01
217427,10851.31
217426,12357.62
217425,13985.55
217424,21410.12
217423,30546.39
217422,21102.56
217421,11878.99
217420,11475.01
217419,13380.13
217418,12470.13
217417,16480.77
217416,30144.77
217415,23110.79
217414,9901.9
217413,12698.78
217412,10574.9
217411,14078.22
217410,15306.13
217409,21103.88
217408,24101.42
217407,23822.55
217406,11170.56
217405,8359.56
217404,11702.09
217403,16796.8
217402,28265.23
217401,20366.07
217400,10479.72
217399,13302.43
217398,15671.96
217397,17526.47
217396,20085.24
217395,32499.86
217394,22019.39
217393,15506.37
217392,13470.17
217391,12236.79
217390,16454.75
217389,20776.05
217388,32153.55
217387,18683.3
217386,10503.45
217385,13179.15
217384,11454.95
217383,12520.74
217382,17217.04
217381,20339.56
217380,18154.56
217379,12056.62
217378,8888.78
217377,11926.16
217376,14401.13
217375,14812.04
217374,21220.32
217373,18183.71
217372,16446.53
