57548,31632.42
57547,48463.34
57546,34818.46
57545,12335.54
57544,14256.64
57543,11790.69
57542,13117.92
57541,334.3
57540,31531.22
57539,21243.12
57538,11057.11
57537,11274.19
57536,13690.1
57535,18808.01
57534,15844.22
57533,39684.77
57532,22939.68
57531,23927.08
57530,12232.91
57529,14875.8
57528,12005.17
57527,19284.87
57526,38043.75
57525,25231.15
57524,12719.35
57523,10421.62
57522,14105.87
57521,12317.71
57520,22667.73
57519,35228.42
57518,25427.89
57517,15922.74
57516,14771.98
57515,14287.55
57514,16733.31
57513,18490.51
57512,36336.24
57511,19529.89
57510,15667.33
57509,14893.35
57508,14839.44
57507,30720.14
57506,36723.2
57505,64096.58
57504,35725.11
57503,23441.24
57502,18679.46
57501,22068.46
57500,21482.48
57499,26569.7
57498,49441.54
57497,30535.56
57496,16210.18
57495,10241.33
57494,16595.62
57493,18124.83
57492,25044.38
57491,48912.2
57490,27436.8
57489,18054.91
57488,18549.81
57487,17372.64
57486,34948.7
57485,37613.97
57484,51896.62
57483,35889.88
57482,24137.92
57481,20922.92
57480,28933.23
57479,21603.08
57478,30653.53
57477,49965.66
57476,38485.74
57475,19973.24
57474,17629.75
57473,33188.21
57472,22792.19
57471,35377.07
57470,55521.55
57469,38081.66
57468,18871.23
57467,22071.89
57466,27919.08
57465,23350.16
57464,54986.04
57463,60929.38
57462,14396.73
57461,12750.53
57460,12192.67
57459,21229.03
57458,21734.24
57457,41174.92
57456,31192.5
57455,14379.81
57454,19072.6
57453,26267.88
57452,28619.32
57451,37244.03
57450,54448.9
57449,45553.48
57448,55.07
57447,14148.46
57446,16201.17
57445,18894.4
57444,21066.02
57443,41269.47
57442,25948.22
57441,16862.29
57440,15405.29
57439,16565.65
57438,29732.68
57437,33180.2
57436,51386.17
57435,37049.49
57434,19370.44
57433,19220.76
57432,21647.62
57431,27310.48
57430,46.73
57429,71505.23
57428,34480.65
57427,14851.97
57426,21290.02
57425,22960.68
57424,27864.15
57423,43920.97
57422,67879.87
57421,37877.89
57420,16007.67
57419,16750.6
57418,22149.73
57417,20410.14
57416,38709.65
57415,60412.44
57414,39555.6
57413,25196.2
57412,23217.34
57411,27476.72
57410,24645.59
57409,34954.47
57408,61941.82
57407,46714.26
57406,16643.37
57405,21425.99
57404,18142.23
57403,38298.48
57402,53183.48
57401,31656.28
57400,46248.9
57399,17962.95
57398,23205.88
57397,24355.85
57396,31549.35
57395,52397.18
57394,33854.18
57393,21426.58
57392,38727.89
57391,35326.56
57390,28069.65
57389,40729.83
57388,52415.78
57387,29008.3
57386,23456.67
57385,25212.97
57384,26357.69
57383,32808.83
57382,45408.02
57381,59937.95
57380,36250.51
57379,18436.35
57378,19280.79
57377,20443.14
57376,21697.35
57375,35830.81
57374,41837.62
57373,41453.64
57372,17872.13
57371,15191.91
57370,21292.4
57369,27646.95
57368,29854.57
57367,40978.08
57366,28331.08
57365,21733.16
