17635,29220.38
17634,41837.74
17633,23336.39
17632,10943.99
17631,8801.19
17630,12680.26
17629,9538.85
17628,825.35
17627,21449.51
17626,15376.63
17625,6872.22
17624,10213.68
17623,12262.66
17622,19455.17
17621,23448.01
17620,43937.08
17619,19006.67
17618,23810.58
17617,14181.84
17616,8161.18
17615,11065.85
17614,12138.78
17613,38803.27
17612,20446.67
17611,9408.48
17610,9132.84
17609,11470.13
17608,10734.21
17607,26127.42
17606,33865.03
17605,20862.83
17604,13309.24
17603,10354.78
17602,8616.28
17601,12997.6
17600,20064.18
17599,30982.25
17598,13036.61
17597,9571.6
17596,7823.15
17595,11138.6
17594,30735.8
17593,46782.33
17592,65199.51
17591,8566.54
17590,27112.74
17589,15141.23
17588,28620.42
17587,17020.46
17586,31412.01
17585,44838.67
17584,28831.72
17583,11620.11
17582,8673.79
17581,7924.85
17580,12659.75
17579,20602.47
17578,44644.52
17577,20757.33
17576,19864.94
17575,13399.83
17574,14400.76
17573,38177.62
17572,48264.73
17571,82482.72
17570,42008.36
17569,32611.38
17568,31854.86
17567,36569.75
17566,22791.55
17565,35891.19
17564,60005.9
17563,34393.41
17562,15142.61
17561,19037.64
17560,33968.89
17559,34968.13
17558,36366.29
17557,63972.84
17556,33033.09
17555,23748.99
17554,24390.35
17553,33873.14
17552,27795.33
17551,51745.89
17550,57386.39
17549,12442.34
17548,15237.7
17547,11289.09
17546,16196.85
17545,24844.45
17544,35749.05
17543,19894.22
17542,0.0
17541,12065.24
17540,23815.28
17539,25287.61
17538,37172.32
17537,50158.18
17536,30201.8
17535,12084.78
17534,23299.74
17533,32490.42
17532,27970.78
17531,55.23
17530,17324.5
17529,14615.11
17528,39432.22
17527,46842.78
17526,53984.21
17525,32383.03
17524,25466.5
17523,19730.87
17522,27659.97
17521,27795.93
17520,36571.85
17519,64261.25
17518,27542.07
17517,15521.72
17516,16901.55
17515,23203.55
17514,28110.23
17513,36270.7
17512,52551.27
17511,28940.71
17510,16347.03
17509,14275.75
17508,17291.91
17507,21422.19
17506,44439.42
17505,57589.26
17504,30409.29
17503,22066.36
17502,21749.28
17501,29317.31
17500,22984.45
17499,37532.95
17498,49602.69
17497,29075.21
17496,14390.14
17495,13546.43
17494,16470.53
17493,21250.99
17492,31936.64
17491,48935.27
17490,27802.61
17489,37951.35
17488,18480.67
17487,15821.4
17486,20981.63
17485,29982.49
17484,38117.77
17483,22906.8
17482,15071.82
17481,24197.87
17480,31560.67
17479,29668.16
17478,42113.66
17477,52968.27
17476,31455.43
17475,22790.72
17474,23992.83
17473,25572.52
17472,36158.97
17471,41505.1
17470,43646.93
17469,24939.28
17468,17005.34
17467,18087.32
17466,15723.07
17465,21629.71
17464,32011.75
17463,29114.34
17462,29938.46
17461,14808.17
17460,12329.54
17459,15763.29
17458,19340.11
17457,23508.61
17456,29756.25
17455,18844.82
17454,17469.87
