61780,50034.82
61779,98154.04
61778,73184.24
61777,27293.02
61776,34747.97
61775,32052.81
61774,32679.79
61773,2048.99
61772,62849.69
61771,40863.44
61770,27608.82
61769,27209.09
61768,31569.82
61767,59536.67
61766,52077.76
61765,75762.65
61764,67700.24
61763,65687.91
61762,35211.43
61761,41081.08
61760,45092.27
61759,41161.93
61758,1156.57
61757,28241.53
61756,22570.47
61755,22452.12
61754,32285.15
61753,25594.46
61752,49961.15
61751,86663.08
61750,62829.62
61749,26846.23
61748,30545.48
61747,31158.31
61746,44899.87
61745,33246.2
61744,85798.57
61743,56429.39
61742,27857.27
61741,34890.28
61740,40558.21
61739,70453.8
61738,79184.82
61737,111286.62
61736,62667.21
61735,61203.94
61734,40031.2
61733,63420.36
61732,45563.84
61731,62736.33
61730,98354.37
61729,68963.61
61728,30588.68
61727,28411.42
61726,29019.87
61725,30892.27
61724,51492.47
61723,90454.93
61722,65397.83
61721,43507.08
61720,33585.43
61719,33520.48
61718,66360.26
61717,73580.89
61716,122149.04
61715,104057.73
61714,67713.28
61713,77006.15
61712,103668.06
61711,57343.21
61710,64437.79
61709,120524.76
61708,104831.8
61707,40036.12
61706,41133.37
61705,79711.32
61704,59871.94
61703,75944.97
61702,124497.4
61701,99651.19
61700,69653.19
61699,80813.93
61698,82376.15
61697,72838.91
61696,104397.11
61695,157339.97
61694,-68.33
61693,41694.32
61692,37392.74
61691,44762.04
61690,47642.19
61689,60200.53
61688,103421.22
61687,70471.43
61686,1368.44
61685,31714.07
61684,69939.28
61683,61535.78
61682,81317.73
61681,119517.61
61680,112070.62
61679,34840.42
61678,880.88
61677,1210.85
61676,431.05
61675,54574.33
61674,103542.36
61673,91520.11
61672,1242.48
61671,52557.55
61670,51380.41
61669,101099.52
61668,103018.81
61667,148193.25
61666,108073.74
61665,73666.17
61664,63852.09
61663,86490.76
61662,71056.24
61661,84661.62
61660,146146.16
61659,91312.96
61658,49660.99
61657,52261.86
61656,63638.59
61655,91990.21
61654,104983.75
61653,165536.16
61652,93552.14
61651,41638.72
61650,44841.11
61649,61763.17
61648,47142.61
61647,87669.42
61646,146720.83
61645,111603.89
61644,70575.47
61643,66002.41
61642,76140.65
61641,68044.39
61640,89423.28
61639,140230.94
61638,126892.6
61637,56496.72
61636,52767.47
61635,69094.54
61634,87667.01
61633,117568.04
61632,148939.28
61631,121603.99
61630,151208.98
61629,61093.67
61628,65969.69
61627,69074.52
61626,76433.72
61625,114008.04
61624,104731.3
61623,59641.21
61622,105547.68
61621,88767.44
61620,91729.92
61619,101167.44
61618,146566.79
61617,124048.55
61616,72589.81
61615,84831.99
61614,87852.55
61613,93696.62
61612,127903.05
61611,150682.95
61610,124523.32
61609,68098.81
61608,70160.54
61607,68215.72
61606,69918.59
61605,91732.83
61604,101462.95
61603,120604.1
61602,61547.62
61601,53624.95
61600,75487.5
61599,72766.32
61598,90786.92
61597,121697.92
61596,84421.22
61595,78520.91
