168024,31869.13
168023,53849.74
168022,49047.73
168021,18673.11
168020,15266.15
168019,19009.5
168018,24619.86
168017,901.62
168016,36133.9
168015,31146.38
168014,19512.71
168013,17724.23
168012,19796.9
168011,32650.43
168010,28423.52
168009,45971.05
168008,35747.26
168007,37205.44
168006,26725.74
168005,25149.28
168004,27708.25
168003,24898.71
168002,50652.68
168001,40189.81
168000,19002.88
167999,21873.94
167998,17131.07
167997,19827.83
167996,35981.06
167995,45856.46
167994,27619.47
167993,22021.87
167992,19393.45
167991,19515.81
167990,26141.48
167989,32654.48
167988,41637.51
167987,29022.99
167986,21856.71
167985,27858.22
167984,28955.57
167983,52381.77
167982,47249.67
167981,86095.33
167980,46327.34
167979,45440.0
167978,33468.14
167977,30552.18
167976,25783.11
167975,37862.32
167974,56258.79
167973,40509.01
167972,23863.73
167971,20074.62
167970,26062.81
167969,26895.47
167968,38943.16
167967,54903.96
167966,32267.09
167965,30207.3
167964,19820.54
167963,27385.41
167962,51950.66
167961,55189.67
167960,70878.01
167959,51798.25
167958,42571.83
167957,42657.51
167956,56050.92
167955,36964.91
167954,40501.8
167953,63703.17
167952,46984.35
167951,22845.43
167950,26419.07
167949,46341.1
167948,37408.82
167947,44537.57
167946,66601.75
167945,54245.92
167944,43492.7
167943,38112.04
167942,46136.59
167941,34895.32
167940,46099.89
167939,68131.23
167938,26864.11
167937,22811.17
167936,26042.6
167935,29607.33
167934,33950.44
167933,47497.81
167932,37755.88
167931,469.12
167930,24333.38
167929,40921.91
167928,38868.43
167927,50231.92
167926,64289.25
167925,50010.0
167924,21749.32
167923,18365.7
167922,22291.19
167921,28478.45
167920,34056.08
167919,43886.96
167918,35773.02
167917,18539.63
167916,21814.44
167915,22500.87
167914,44299.54
167913,47581.43
167912,62031.95
167911,45908.82
167910,30885.71
167909,38682.54
167908,35566.15
167907,38366.87
167906,1259.22
167905,69778.87
167904,43307.25
167903,26249.28
167902,25995.04
167901,22282.11
167900,39037.58
167899,46806.18
167898,63744.77
167897,39076.41
167896,20192.2
167895,22917.28
167894,23689.7
167893,23665.86
167892,51289.36
167891,63286.43
167890,52593.34
167889,33402.88
167888,32858.7
167887,30836.9
167886,27222.99
167885,43603.69
167884,59044.22
167883,47587.28
167882,20115.42
167881,23294.92
167880,23659.32
167879,297.07
167878,38263.09
167877,56949.95
167876,43399.6
167875,47211.27
167874,19100.16
167873,20686.17
167872,27027.18
167871,32962.9
167870,43091.33
167869,38332.41
167868,14846.24
167867,32148.33
167866,37352.95
167865,33446.92
167864,37531.72
167863,63245.47
167862,51468.05
167861,28842.86
167860,32342.26
167859,29059.93
167858,32528.67
167857,39938.55
167856,55170.27
167855,40243.33
167854,19367.42
167853,19748.07
167852,20842.89
167851,27538.9
167850,34716.77
167849,42661.65
167848,40672.02
167847,19948.79
167846,15631.35
167845,20125.47
167844,27188.08
167843,28596.02
167842,41112.27
167841,27756.64
167840,26718.1
