43912,31176.83
43911,46980.86
43910,46853.86
43909,18924.2
43908,20135.82
43907,14684.28
43906,15184.54
43905,613.84
43904,33890.15
43903,30175.76
43902,17139.43
43901,15762.99
43900,14011.13
43899,20303.52
43898,28432.0
43897,42669.08
43896,24003.45
43895,31056.79
43894,7923.98
43893,17901.18
43892,20718.09
43891,25420.42
43890,42741.6
43889,32941.36
43888,12262.07
43887,16113.63
43886,16038.03
43885,19070.97
43884,27728.73
43883,47494.22
43882,37058.7
43881,18785.15
43880,1052.34
43879,12025.28
43878,16499.56
43877,24577.95
43876,42279.09
43875,28124.76
43874,16927.94
43873,19069.38
43872,23425.53
43871,35296.06
43870,47668.81
43869,80830.54
43868,53451.94
43867,43243.65
43866,24307.82
43865,29146.39
43864,26778.31
43863,35237.13
43862,61935.5
43861,46452.17
43860,16538.92
43859,21521.02
43858,19249.17
43857,18581.35
43856,30209.6
43855,48852.18
43854,34052.95
43853,28999.16
43852,19331.44
43851,19309.44
43850,38207.27
43849,42117.52
43848,66126.64
43847,52558.3
43846,35421.84
43845,45272.7
43844,47110.79
43843,28981.42
43842,40397.22
43841,55507.98
43840,43556.31
43839,19410.01
43838,21868.91
43837,37259.31
43836,28647.95
43835,38886.08
43834,60529.07
43833,52142.46
43832,29741.43
43831,32257.14
43830,35074.43
43829,31211.16
43828,45671.78
43827,64888.72
43826,19532.33
43825,17827.95
43824,19715.0
43823,24148.55
43822,29216.61
43821,47323.42
43820,33169.26
43819,455.86
43818,18995.1
43817,31546.62
43816,31790.3
43815,40337.83
43814,55770.98
43813,44990.87
43812,18948.85
43811,19620.75
43810,21630.37
43809,28215.29
43808,33736.54
43807,47562.85
43806,37295.19
43805,18739.57
43804,20883.9
43803,17667.92
43802,35792.34
43801,43583.09
43800,52290.81
43799,47928.04
43798,28013.21
43797,25832.27
43796,26179.69
43795,29269.25
43794,873.69
43793,67381.84
43792,41997.4
43791,23308.34
43790,24399.36
43789,27300.53
43788,35927.07
43787,41519.01
43786,62300.11
43785,50831.91
43784,22323.89
43783,24730.98
43782,25264.88
43781,25761.92
43780,46797.12
43779,59211.51
43778,46961.31
43777,30736.67
43776,32566.47
43775,29942.5
43774,27283.09
43773,43507.15
43772,52688.18
43771,47861.49
43770,20913.63
43769,26068.84
43768,27390.39
43767,206.46
43766,44218.93
43765,53652.62
43764,42349.34
43763,37165.29
43762,23566.63
43761,23673.29
43760,27561.92
43759,34085.7
43758,47572.05
43757,41987.88
43756,25751.55
43755,38450.7
43754,43382.69
43753,42249.01
43752,47366.91
43751,62268.9
43750,53417.48
43749,31991.52
43748,33913.55
43747,38517.29
43746,44137.67
43745,51831.55
43744,59340.37
43743,46462.91
43742,15913.61
43741,25521.55
43740,26161.25
43739,26636.44
43738,38795.56
43737,36120.82
43736,38985.06
43735,23369.11
43734,20020.95
43733,24273.4
43732,30103.0
43731,28283.17
43730,39416.73
43729,31298.95
43728,16873.96
