26852,36633.45
26851,55773.63
26850,38132.76
26849,7668.21
26848,14271.42
26847,11285.16
26846,14778.57
26845,663.47
26844,37686.31
26843,21117.47
26842,11509.5
26841,9466.74
26840,12893.7
26839,22998.95
26838,28347.84
26837,49778.28
26836,30263.26
26835,30817.61
26834,19488.88
26833,10683.14
26832,22753.08
26831,14977.59
26830,41836.27
26829,30594.5
26828,14909.85
26827,12163.38
26826,13339.99
26825,16169.11
26824,27461.21
26823,51344.95
26822,27520.26
26821,14088.15
26820,17102.0
26819,18228.87
26818,19097.84
26817,27473.43
26816,51234.05
26815,25818.5
26814,12082.06
26813,13970.58
26812,19598.13
26811,41502.16
26810,51885.69
26809,92264.49
26808,39433.35
26807,33316.18
26806,27771.17
26805,32775.87
26804,22275.26
26803,37058.37
26802,65915.39
26801,46059.22
26800,17253.76
26799,18630.69
26798,17424.2
26797,19327.08
26796,35535.62
26795,64386.59
26794,32817.41
26793,28686.23
26792,17188.72
26791,21821.47
26790,35641.99
26789,55013.43
26788,96306.27
26787,68024.88
26786,35567.29
26785,42880.82
26784,61045.35
26783,31381.71
26782,42302.41
26781,79373.51
26780,52418.45
26779,19507.21
26778,23572.97
26777,45170.96
26776,42173.92
26775,52850.82
26774,94504.88
26773,65170.04
26772,34839.5
26771,36250.83
26770,46495.57
26769,36351.83
26768,67561.08
26767,81068.16
26766,-5.59
26765,26914.33
26764,23466.74
26763,24050.53
26762,25844.76
26761,33043.86
26760,53873.55
26759,38945.28
26758,31.09
26757,14350.22
26756,29837.53
26755,31986.34
26754,46517.25
26753,78005.14
26752,53654.46
26751,15564.56
26750,3.2
26749,30353.71
26748,46955.58
26747,39376.01
26746,133.5
26745,20807.1
26744,21766.82
26743,52361.77
26742,56645.33
26741,76789.25
26740,46016.41
26739,30515.84
26738,25145.16
26737,32881.92
26736,38451.99
26735,51270.35
26734,92048.82
26733,40264.09
26732,21522.96
26731,27182.42
26730,26224.54
26729,34917.39
26728,48231.58
26727,71173.14
26726,36151.35
26725,17598.99
26724,19334.28
26723,21696.17
26722,19370.96
26721,53980.17
26720,81065.16
26719,47805.98
26718,32748.06
26717,31823.3
26716,31522.16
26715,31055.34
26714,44479.83
26713,82100.24
26712,54288.92
26711,21832.7
26710,22841.41
26709,25028.93
26708,40033.24
26707,54876.69
26706,65924.62
26705,45291.54
26704,60189.74
26703,25131.38
26702,27794.97
26701,34447.47
26700,37048.65
26699,59364.7
26698,43012.12
26697,24451.11
26696,41068.25
26695,44983.19
26694,39050.88
26693,56707.4
26692,71281.49
26691,47014.22
26690,31865.83
26689,33280.32
26688,35522.36
26687,40403.07
26686,50146.71
26685,64129.37
26684,38113.7
26683,16849.34
26682,23118.79
26681,25092.35
26680,27562.73
26679,43149.62
26678,41382.85
26677,40858.86
26676,21685.86
26675,13596.28
26674,22350.47
26673,24771.06
26672,33405.68
26671,38869.89
26670,36007.89
26669,33548.99
