47174,21461.33
47173,48076.67
47172,47597.71
47171,14268.0
47170,12869.9
47169,15168.76
47168,17051.27
47167,836.45
47166,31600.39
47165,21839.96
47164,12049.83
47163,11195.36
47162,14732.13
47161,30479.44
47160,28999.36
47159,46027.6
47158,33653.59
47157,35111.8
47156,21175.69
47155,23079.98
47154,28084.09
47153,28781.34
47152,73.25
47151,10695.32
47150,13187.07
47149,2400.68
47148,11017.16
47147,18135.32
47146,29302.73
47145,47762.93
47144,36493.33
47143,15687.23
47142,18486.83
47141,13998.58
47140,19979.68
47139,20964.81
47138,41117.02
47137,24907.01
47136,15986.18
47135,13399.82
47134,18992.92
47133,43432.98
47132,51331.92
47131,71818.62
47130,47561.57
47129,26984.25
47128,24481.7
47127,33484.24
47126,24319.45
47125,34432.18
47124,59294.93
47123,38224.33
47122,18430.58
47121,13382.8
47120,17580.77
47119,17702.72
47118,30600.31
47117,47838.62
47116,36332.53
47115,26164.35
47114,18066.16
47113,19169.66
47112,36465.03
47111,37225.91
47110,77043.27
47109,58639.32
47108,33287.31
47107,41290.54
47106,54142.15
47105,36191.48
47104,38007.0
47103,64691.32
47102,49631.39
47101,18859.97
47100,24874.37
47099,44447.12
47098,35131.26
47097,45651.9
47096,71838.46
47095,47368.46
47094,31826.16
47093,36434.99
47092,46280.42
47091,38053.36
47090,62087.24
47089,81133.42
47088,22998.81
47087,21200.96
47086,23882.14
47085,24210.53
47084,33341.07
47083,40698.51
47082,34323.85
47081,370.17
47080,15917.5
47079,29949.61
47078,30243.49
47077,38823.3
47076,50647.78
47075,47394.08
47074,16990.1
47073,1220.36
47072,553.23
47071,204.86
47070,30462.96
47069,48678.42
47068,39328.09
47067,1068.24
47066,23142.77
47065,21231.36
47064,41704.7
47063,48255.43
47062,72189.78
47061,49170.12
47060,27259.35
47059,33738.77
47058,36296.11
47057,31596.23
47056,40380.03
47055,66369.08
47054,36109.65
47053,23921.13
47052,26556.83
47051,28570.3
47050,39976.92
47049,43616.17
47048,90420.97
47047,51213.26
47046,18522.57
47045,17010.51
47044,21769.72
47043,22738.87
47042,46998.45
47041,57182.75
47040,47123.81
47039,32464.64
47038,28169.56
47037,35018.36
47036,31343.13
47035,40850.23
47034,53588.19
47033,52337.67
47032,22222.85
47031,24898.05
47030,31013.34
47029,40955.24
47028,56141.27
47027,65680.48
47026,42174.57
47025,63340.49
47024,28887.36
47023,26889.89
47022,33833.32
47021,39829.67
47020,48643.53
47019,45680.13
47018,22589.98
47017,46419.02
47016,39178.79
47015,42732.9
47014,48564.19
47013,66819.55
47012,53929.24
47011,33195.31
47010,43480.78
47009,35889.13
47008,42052.61
47007,55736.79
47006,65718.63
47005,49228.54
47004,21241.73
47003,23966.2
47002,27331.22
47001,29277.7
47000,38665.38
46999,39852.31
46998,42505.53
46997,20079.04
46996,14749.69
46995,24394.34
46994,26543.49
46993,30445.17
46992,41643.53
46991,31438.43
46990,27109.57
