63704,31407.55
63703,43978.17
63702,47590.16
63701,19946.85
63700,20716.01
63699,21020.9
63698,23637.9
63697,1260.76
63696,44892.66
63695,27094.76
63694,16091.86
63693,16995.41
63692,16806.62
63691,32867.84
63690,43353.06
63689,51827.91
63688,41285.16
63687,38127.42
63686,29093.82
63685,30900.46
63684,29361.08
63683,31097.11
63682,10229.63
63681,36343.05
63680,20026.55
63679,17829.31
63678,20659.94
63677,19802.87
63676,30263.83
63675,53042.78
63674,39195.58
63673,22977.97
63672,19127.59
63671,18412.97
63670,22872.91
63669,14179.77
63668,46113.31
63667,32031.71
63666,10810.7
63665,20704.14
63664,24630.69
63663,43821.81
63662,58633.38
63661,80908.76
63660,44250.24
63659,32391.04
63658,22476.78
63657,32694.57
63656,24061.33
63655,38911.91
63654,60470.35
63653,45528.34
63652,20913.49
63651,17932.9
63650,18499.58
63649,23058.91
63648,31138.75
63647,51023.87
63646,37174.3
63645,30604.04
63644,20069.6
63643,22075.43
63642,50733.67
63641,48238.14
63640,89119.91
63639,59163.15
63638,40399.33
63637,48354.72
63636,64029.18
63635,33609.48
63634,40040.21
63633,62533.26
63632,51628.23
63631,20967.15
63630,21177.11
63629,46883.66
63628,41764.21
63627,48763.56
63626,71772.86
63625,54680.2
63624,34860.18
63623,39124.32
63622,50575.87
63621,40907.56
63620,68180.43
63619,87060.93
63618,-25.02
63617,20693.41
63616,24126.61
63615,22598.84
63614,32162.05
63613,38832.78
63612,55096.66
63611,45113.79
63610,1183.19
63609,22499.38
63608,38071.07
63607,30807.53
63606,44168.88
63605,61917.09
63604,62322.49
63603,28684.08
63602,22712.23
63601,30295.17
63600,34578.8
63599,34691.46
63598,54341.51
63597,42160.57
63596,23147.59
63595,25712.92
63594,25583.8
63593,58035.63
63592,57824.67
63591,81756.37
63590,56643.73
63589,42220.75
63588,39205.82
63587,43135.88
63586,39257.52
63585,1557.31
63584,81438.72
63583,44983.69
63582,30951.14
63581,34195.73
63580,35255.43
63579,43660.76
63578,53614.72
63577,93698.98
63576,57287.88
63575,25500.11
63574,25114.23
63573,29820.23
63572,29425.64
63571,58883.78
63570,71809.03
63569,57373.22
63568,37158.6
63567,35699.3
63566,44932.62
63565,45995.01
63564,49764.76
63563,68518.63
63562,77779.53
63561,31066.4
63560,31158.47
63559,34547.72
63558,1003.36
63557,59115.74
63556,72251.43
63555,61100.95
63554,72820.87
63553,37664.01
63552,35779.92
63551,44423.97
63550,45693.68
63549,64432.87
63548,54715.74
63547,31890.71
63546,40310.0
63545,51621.87
63544,55674.8
63543,55009.53
63542,66758.23
63541,59179.96
63540,39644.35
63539,43176.91
63538,42030.58
63537,53239.07
63536,63173.96
63535,86237.02
63534,60848.26
63533,31142.92
63532,31307.78
63531,31721.37
63530,33326.01
63529,48529.43
63528,44125.56
63527,55438.37
63526,29741.69
63525,19312.11
63524,37295.87
63523,34329.47
63522,42869.13
63521,51417.33
63520,34106.39
63519,32514.22
