200000,14790.21
199999,30704.66
199998,26905.04
199997,6513.11
199996,8249.11
199995,8332.18
199994,7627.08
199993,1753.16
199992,15222.82
199991,10688.59
199990,5941.17
199989,5994.22
199988,8898.57
199987,14643.44
199986,16863.19
199985,22643.38
199984,18076.88
199983,18861.53
199982,11979.94
199981,10560.21
199980,11117.75
199979,12517.69
199978,25177.34
199977,19140.01
199976,8152.65
199975,5987.06
199974,8782.03
199973,5991.8
199972,17135.42
199971,25937.73
199970,15221.42
199969,8978.48
199968,10831.04
199967,8853.6
199966,9791.21
199965,14663.17
199964,19321.84
199963,15317.19
199962,8259.03
199961,5629.6
199960,10394.89
199959,15847.54
199958,23251.69
199957,36435.59
199956,26259.58
199955,19135.75
199954,11150.29
199953,17959.86
199952,11706.75
199951,21485.06
199950,28053.05
199949,22755.85
199948,10297.29
199947,10834.29
199946,6328.98
199945,7666.03
199944,13980.04
199943,27991.28
199942,18435.36
199941,16438.24
199940,9236.91
199939,8804.17
199938,21542.32
199937,26247.28
199936,44078.56
199935,31579.43
199934,21511.14
199933,18274.41
199932,30997.69
199931,17148.94
199930,21729.98
199929,34553.08
199928,32492.18
199927,10660.39
199926,11683.03
199925,21902.6
199924,17790.77
199923,23328.37
199922,38497.08
199921,28322.93
199920,20080.44
199919,21453.83
199918,29245.35
199917,20478.41
199916,31220.47
199915,40027.07
199914,8921.97
199913,9279.95
199912,11341.53
199911,13135.67
199910,17402.13
199909,23554.96
199908,20851.17
199907,607.26
199906,10466.84
199905,21470.15
199904,17981.71
199903,21110.38
199902,30607.9
199901,29091.77
199900,10184.78
199899,12119.72
199898,10499.97
199897,14318.26
199896,17459.93
199895,26398.01
199894,23090.44
199893,12184.34
199892,13234.9
199891,12109.62
199890,25672.58
199889,28386.64
199888,38909.73
199887,26873.6
199886,15306.7
199885,18152.78
199884,20115.02
199883,21284.55
199882,1730.05
199881,41777.88
199880,24215.62
199879,13974.03
199878,15827.33
199877,15546.06
199876,24875.78
199875,29894.01
199874,47685.96
199873,28389.18
199872,9853.89
199871,11481.44
199870,12540.72
199869,16297.38
199868,28908.53
199867,37043.31
199866,32257.13
199865,21345.9
199864,20665.96
199863,21579.33
199862,19256.9
199861,25433.97
199860,33552.3
199859,30506.21
199858,13046.75
199857,13386.84
199856,18656.36
199855,587.81
199854,25994.82
199853,35614.73
199852,29916.1
199851,28390.94
199850,19179.37
199849,20728.85
199848,23522.17
199847,26506.68
199846,31473.99
199845,25457.27
199844,13473.7
199843,23045.41
199842,25328.3
199841,20118.03
199840,25348.03
199839,34808.29
199838,34360.76
199837,18271.51
199836,18847.44
199835,19849.65
199834,21350.65
199833,31828.14
199832,37555.53
199831,27347.23
199830,14093.6
199829,15819.39
199828,17711.27
199827,18527.09
199826,24197.15
199825,23248.3
199824,24820.89
199823,11541.14
199822,10717.11
199821,9918.95
199820,15051.55
199819,18436.04
199818,23122.3
199817,13258.38
199816,14299.78
