125504,40377.88
125503,54413.24
125502,34065.33
125501,15004.42
125500,11206.1
125499,15265.83
125498,17344.71
125497,249.8
125496,26577.77
125495,22968.11
125494,13309.57
125493,12012.11
125492,13259.11
125491,22723.75
125490,26356.63
125489,37262.84
125488,25732.18
125487,24389.13
125486,16397.17
125485,18497.41
125484,11222.03
125483,19101.07
125482,37277.22
125481,22477.31
125480,11747.06
125479,12300.25
125478,13573.04
125477,15738.22
125476,25947.65
125475,40754.41
125474,24979.81
125473,14659.28
125472,15242.87
125471,20771.52
125470,18808.58
125469,25114.13
125468,44792.34
125467,19196.11
125466,15222.61
125465,17891.43
125464,22969.19
125463,31323.78
125462,41866.67
125461,77828.15
125460,41813.26
125459,35086.01
125458,20216.35
125457,22630.11
125456,19845.34
125455,34803.63
125454,56147.4
125453,32668.99
125452,16837.07
125451,12368.29
125450,17534.81
125449,16989.87
125448,29256.09
125447,51579.72
125446,26477.43
125445,25731.19
125444,15012.86
125443,20324.07
125442,34450.54
125441,41621.98
125440,63157.42
125439,42247.31
125438,25154.76
125437,25771.72
125436,34801.7
125435,25516.09
125434,33047.12
125433,51028.39
125432,38569.12
125431,24217.16
125430,27807.15
125429,33847.08
125428,31163.7
125427,33988.95
125426,60191.74
125425,35421.14
125424,21770.66
125423,30403.11
125422,25538.13
125421,29551.43
125420,59524.81
125419,67684.33
125418,18662.69
125417,18202.65
125416,17075.68
125415,22457.44
125414,29060.24
125413,49349.56
125412,27418.32
125411,230.08
125410,18522.48
125409,32548.5
125408,28534.77
125407,37370.15
125406,54248.92
125405,34616.83
125404,19551.17
125403,15557.64
125402,16844.15
125401,20790.04
125400,27599.21
125399,42224.11
125398,30743.58
125397,17054.06
125396,16054.24
125395,16802.19
125394,33915.98
125393,38747.41
125392,58543.67
125391,34552.91
125390,23909.17
125389,25129.41
125388,29305.75
125387,27761.11
125386,1015.17
125385,57082.27
125384,29842.35
125383,19667.37
125382,23634.58
125381,24925.21
125380,36007.29
125379,38209.59
125378,64971.7
125377,39403.86
125376,22859.62
125375,21708.21
125374,21034.91
125373,23360.08
125372,45381.44
125371,68669.48
125370,39677.65
125369,26294.23
125368,22894.4
125367,30896.03
125366,28461.38
125365,41759.43
125364,57321.34
125363,40128.5
125362,27741.47
125361,27752.67
125360,29130.96
125359,518.23
125358,45652.11
125357,44053.25
125356,30845.1
125355,44845.41
125354,24680.91
125353,22993.61
125352,28367.29
125351,34056.97
125350,50028.01
125349,31239.66
125348,21502.86
125347,35363.82
125346,39471.07
125345,33497.17
125344,37485.89
125343,54620.25
125342,38914.05
125341,29316.89
125340,27777.72
125339,33347.34
125338,40781.57
125337,48053.13
125336,52696.61
125335,30095.33
125334,19232.16
125333,24144.6
125332,25341.93
125331,22416.11
125330,34304.85
125329,39955.7
125328,35816.26
125327,20196.64
125326,18643.94
125325,21458.65
125324,21806.5
125323,33867.55
125322,44207.04
125321,33371.45
125320,21111.06
