100751,33178.15
100750,53404.12
100749,43079.56
100748,14318.8
100747,14480.7
100746,11446.32
100745,17614.32
100744,694.46
100743,37704.33
100742,17179.59
100741,13204.37
100740,9358.41
100739,14499.64
100738,21331.6
100737,26517.66
100736,38801.95
100735,27942.53
100734,25349.64
100733,18287.27
100732,12677.91
100731,19233.34
100730,16538.14
100729,44424.45
100728,30491.26
100727,12832.56
100726,13365.27
100725,15610.13
100724,14398.06
100723,25427.86
100722,45339.77
100721,32264.27
100720,15306.23
100719,14777.91
100718,19422.01
100717,17998.71
100716,23555.2
100715,40367.66
100714,23710.47
100713,16311.98
100712,13317.39
100711,22395.23
100710,43420.45
100709,42481.58
100708,73714.81
100707,39113.94
100706,31583.8
100705,26709.3
100704,27390.19
100703,16928.75
100702,32341.69
100701,56904.45
100700,45557.49
100699,18284.79
100698,15368.16
100697,13065.04
100696,16506.62
100695,32324.99
100694,52827.94
100693,29237.59
100692,25813.72
100691,14900.86
100690,16974.55
100689,32881.06
100688,47580.13
100687,74075.03
100686,50640.43
100685,25316.57
100684,35963.43
100683,45549.84
100682,23445.97
100681,33752.33
100680,55770.35
100679,50463.74
100678,18714.15
100677,23205.29
100676,39892.56
100675,35264.33
100674,42106.75
100673,66726.74
100672,57885.3
100671,29442.93
100670,34435.94
100669,41838.21
100668,29738.58
100667,52553.28
100666,77369.37
100665,22730.41
100664,27094.79
100663,31858.75
100662,25997.76
100661,32384.68
100660,40630.49
100659,31479.83
100658,16100.19
100657,17710.59
100656,24741.08
100655,24166.64
100654,31782.78
100653,54273.75
100652,38884.96
100651,229.89
100650,15009.98
100649,19116.28
100648,22157.46
100647,26900.36
100646,42202.69
100645,36831.12
100644,23917.6
100643,21209.45
100642,22788.52
100641,37365.13
100640,46120.44
100639,69782.46
100638,51170.3
100637,26931.62
100636,28836.93
100635,29541.51
100634,25206.55
100633,340.08
100632,73052.33
100631,37703.06
100630,18333.91
100629,24931.69
100628,23498.49
100627,33168.6
100626,45234.4
100625,63016.39
100624,43178.16
100623,19300.91
100622,17178.45
100621,23719.35
100620,18933.99
100619,41108.16
100618,59602.01
100617,40231.67
100616,26202.59
100615,25997.64
100614,28366.84
100613,22867.67
100612,35460.21
100611,57052.36
100610,47981.95
100609,16805.96
100608,22778.37
100607,25161.9
100606,47088.77
100605,58801.06
100604,37905.2
100603,51364.01
100602,21875.78
100601,28285.41
100600,29694.24
100599,34819.13
100598,50315.8
100597,39388.34
100596,25265.19
100595,35720.43
100594,36943.74
100593,35910.52
100592,47148.1
100591,59041.0
100590,44877.15
100589,30906.73
100588,30683.91
100587,32624.29
100586,35237.14
100585,48861.1
100584,63728.72
100583,45195.84
100582,17398.47
100581,20316.22
100580,21319.7
100579,27631.87
100578,38424.44
100577,41349.18
100576,42663.64
100575,24893.33
100574,16945.83
100573,26120.94
100572,24529.39
100571,29864.77
100570,34119.72
100569,24560.34
100568,23016.4
