152101,28518.39
152100,54769.75
152099,37877.24
152098,15964.02
152097,15569.51
152096,14908.81
152095,16994.36
152094,1229.41
152093,32313.73
152092,27931.75
152091,14680.02
152090,17338.27
152089,18350.25
152088,26677.27
152087,25127.12
152086,41279.91
152085,33711.41
152084,31338.03
152083,16774.59
152082,17686.18
152081,16412.81
152080,19393.14
152079,38801.35
152078,31703.87
152077,13929.06
152076,15287.78
152075,17579.0
152074,14549.81
152073,27105.29
152072,40382.39
152071,32358.75
152070,16461.18
152069,16969.21
152068,21408.88
152067,21056.85
152066,27933.45
152065,48311.18
152064,22760.9
152063,16516.82
152062,20431.9
152061,21393.81
152060,41310.68
152059,45280.28
152058,72192.85
152057,43383.81
152056,36736.94
152055,24361.83
152054,26780.73
152053,22213.04
152052,34932.55
152051,52916.92
152050,41268.5
152049,22075.11
152048,16797.33
152047,20759.93
152046,17587.57
152045,30576.03
152044,50943.71
152043,29393.2
152042,28783.63
152041,18787.46
152040,20229.45
152039,35363.39
152038,46011.68
152037,60814.19
152036,54946.91
152035,32517.6
152034,35335.41
152033,45207.4
152032,30768.97
152031,36675.7
152030,52181.54
152029,45516.29
152028,21634.11
152027,23641.32
152026,37357.66
152025,32190.66
152024,43467.33
152023,68300.31
152022,54621.8
152021,30819.92
152020,22038.33
152019,41513.51
152018,33221.21
152017,48477.9
152016,62545.94
152015,25482.94
152014,18644.93
152013,21081.5
152012,25965.52
152011,30291.83
152010,44538.6
152009,32537.69
152008,19344.51
152007,20044.97
152006,30569.53
152005,28851.5
152004,35700.78
152003,53926.06
152002,52194.97
152001,516.28
152000,18918.83
151999,21343.53
151998,21864.87
151997,31356.33
151996,41564.35
151995,32085.39
151994,17095.99
151993,20271.0
151992,21164.07
151991,38948.79
151990,39611.82
151989,61111.21
151988,52433.19
151987,25741.12
151986,26333.94
151985,29525.08
151984,33267.02
151983,617.87
151982,64813.49
151981,39641.64
151980,23586.18
151979,29132.72
151978,29534.84
151977,40719.75
151976,48847.11
151975,78677.43
151974,48488.06
151973,18701.62
151972,25790.77
151971,26650.97
151970,29552.96
151969,55305.99
151968,65480.64
151967,57290.08
151966,30662.59
151965,27402.38
151964,32943.64
151963,37325.44
151962,43709.36
151961,60346.05
151960,58684.28
151959,30872.82
151958,33233.08
151957,26229.14
151956,248.26
151955,44295.83
151954,46849.19
151953,42875.89
151952,50061.22
151951,22181.9
151950,23761.1
151949,28554.94
151948,37211.85
151947,48299.83
151946,42991.57
151945,20646.93
151944,42552.39
151943,39816.98
151942,39323.13
151941,40150.26
151940,65965.31
151939,48337.43
151938,33468.04
151937,36973.22
151936,32859.46
151935,39628.76
151934,47357.98
151933,58131.26
151932,40735.48
151931,21962.89
151930,24176.85
151929,27103.41
151928,33038.79
151927,36380.55
151926,37305.46
151925,48179.46
151924,22219.21
151923,16557.19
151922,21645.85
151921,25088.1
151920,26772.2
151919,36277.0
151918,30824.04
151917,25609.31
