108785,19382.56
108784,36897.59
108783,24269.63
108782,15295.33
108781,13526.27
108780,12308.22
108779,12909.73
108778,26098.33
108777,22326.35
108776,10051.67
108775,11015.09
108774,10202.83
108773,17648.24
108772,18997.96
108771,32138.67
108770,18641.29
108769,23011.47
108768,9161.75
108767,13334.4
108766,14010.9
108765,9928.76
108764,29685.63
108763,23672.08
108762,10209.23
108761,11611.73
108760,12270.36
108759,14156.02
108758,19524.17
108757,31293.46
108756,16657.41
108755,12978.1
108754,10565.99
108753,17755.01
108752,22500.99
108751,22189.02
108750,31922.88
108749,14808.01
108748,10144.81
108747,12885.85
108746,18706.85
108745,30579.91
108744,35332.3
108743,61956.85
108742,26489.0
108741,17890.17
108740,19477.07
108739,22984.87
108738,14593.62
108737,28972.38
108736,40628.03
108735,20158.73
108734,14233.59
108733,10975.85
108732,14965.76
108731,16729.32
108730,24488.58
108729,37894.3
108728,20116.89
108727,20146.22
108726,14895.55
108725,16628.1
108724,21234.72
108723,34137.23
108722,54893.33
108721,36104.23
108720,28964.63
108719,32511.71
108718,37948.01
108717,20713.61
108716,31348.54
108715,49489.35
108714,40100.66
108713,18193.49
108712,20027.28
108711,31511.2
108710,30548.37
108709,37346.2
108708,55258.7
108707,34285.25
108706,24159.81
108705,25836.29
108704,28905.39
108703,26588.62
108702,46440.83
108701,59706.12
108700,16210.92
108699,19425.85
108698,18677.88
108697,15692.46
108696,25721.48
108695,33244.68
108694,23618.0
108693,10049.26
108692,14882.53
108691,25719.62
108690,25765.18
108689,31312.98
108688,43925.28
108687,30023.34
108686,212.74
108685,15653.77
108684,12668.51
108683,18412.48
108682,20467.55
108681,32634.22
108680,23034.04
108679,13548.22
108678,16859.84
108677,17826.9
108676,28563.17
108675,30176.4
108674,42679.88
108673,26445.21
108672,21202.41
108671,25556.18
108670,20117.33
108669,25537.17
108668,44.22
108667,54381.98
108666,27014.27
108665,19234.66
108664,24761.16
108663,20868.56
108662,26908.49
108661,37148.52
108660,60627.35
108659,28902.23
108658,15354.57
108657,18752.87
108656,19451.87
108655,21383.03
108654,39073.64
108653,49205.4
108652,33718.74
108651,21361.27
108650,22838.15
108649,22313.39
108648,22925.22
108647,31790.76
108646,44563.89
108645,34343.58
108644,23716.91
108643,23720.27
108642,25181.23
108641,16.98
108640,28445.07
108639,40062.78
108638,28385.3
108637,34322.51
108636,16965.81
108635,19988.71
108634,22731.72
108633,23424.36
108632,33714.55
108631,31103.86
108630,12311.74
108629,31043.5
108628,22085.43
108627,24619.65
108626,28400.52
108625,39547.76
108624,27759.25
108623,22129.24
108622,21482.83
108621,20742.6
108620,25973.82
108619,29947.73
108618,43580.94
108617,24739.81
108616,15921.34
108615,15255.22
108614,17521.9
108613,20484.31
108612,23533.8
108611,29268.42
108610,20460.42
108609,16285.37
108608,11170.05
108607,15833.88
108606,19391.7
108605,20884.9
108604,25636.43
108603,18563.48
108602,19032.84
