18975,21388.83
18974,42364.53
18973,33752.7
18972,11509.93
18971,11166.48
18970,12781.22
18969,13856.21
18968,1250.85
18967,30694.86
18966,21177.79
18965,8540.86
18964,7566.44
18963,9135.04
18962,20040.32
18961,24436.61
18960,43341.18
18959,29473.97
18958,24436.06
18957,15784.56
18956,17018.52
18955,22707.44
18954,25173.12
18953,192.79
18952,9077.01
18951,7729.06
18950,10817.69
18949,9496.53
18948,11530.72
18947,24434.17
18946,41352.04
18945,24336.69
18944,12319.48
18943,11880.28
18942,11585.61
18941,15880.93
18940,20497.79
18939,34106.34
18938,24843.42
18937,12709.66
18936,9054.12
18935,15681.29
18934,32614.8
18933,42111.27
18932,59939.26
18931,36898.23
18930,19952.34
18929,17992.55
18928,26561.54
18927,16468.21
18926,31651.53
18925,51883.08
18924,43472.71
18923,14189.94
18922,11261.92
18921,10870.57
18920,14938.85
18919,25343.83
18918,48766.58
18917,24811.58
18916,22017.21
18915,10387.45
18914,12291.27
18913,37016.29
18912,34247.43
18911,79354.99
18910,57048.62
18909,28207.18
18908,34876.51
18907,45357.69
18906,26613.6
18905,32808.7
18904,52623.1
18903,51892.77
18902,10329.17
18901,16774.68
18900,29238.11
18899,27657.98
18898,35657.17
18897,65145.13
18896,44395.68
18895,23683.44
18894,25996.38
18893,35138.68
18892,33202.76
18891,54719.79
18890,63219.85
18889,18029.57
18888,12378.45
18887,11347.25
18886,17076.7
18885,18867.72
18884,42490.89
18883,28270.72
18882,84.78
18881,10065.54
18880,22879.51
18879,20329.35
18878,27351.95
18877,39669.49
18876,37596.35
18875,11552.69
18874,13671.75
18873,11321.25
18872,16934.79
18871,21849.08
18870,30377.57
18869,27095.4
18868,13223.74
18867,15349.06
18866,16372.08
18865,34059.5
18864,40058.83
18863,65340.56
18862,42064.58
18861,24984.81
18860,22731.8
18859,28132.64
18858,25143.15
18857,152.02
18856,60581.08
18855,34885.44
18854,18670.71
18853,18122.19
18852,23069.15
18851,31896.72
18850,37146.54
18849,76105.98
18848,38544.25
18847,13597.27
18846,14054.15
18845,13934.34
18844,14892.56
18843,38567.22
18842,50412.84
18841,42614.92
18840,21532.28
18839,23353.59
18838,22766.65
18837,21381.88
18836,32074.81
18835,52325.83
18834,50921.55
18833,13905.65
18832,18534.18
18831,19281.46
18830,33.97
18829,39949.21
18828,51049.08
18827,38839.37
18826,53306.99
18825,18901.05
18824,18518.91
18823,27104.44
18822,32199.55
18821,39828.84
18820,36998.1
18819,18141.23
18818,35105.75
18817,32355.06
18816,33012.64
18815,39262.46
18814,53895.53
18813,44491.51
18812,27323.32
18811,22704.61
18810,26430.02
18809,34161.23
18808,44399.41
18807,47605.3
18806,36483.43
18805,17603.83
18804,18774.32
18803,20272.15
18802,23765.52
18801,37084.23
18800,33955.03
18799,36775.84
18798,15058.17
18797,13738.36
18796,17509.97
18795,16903.27
18794,27675.4
18793,31785.14
18792,20608.68
18791,20471.81
