190406,22462.23
190405,44202.38
190404,28393.05
190403,12521.0
190402,14128.79
190401,12812.62
190400,13430.45
190399,902.0
190398,28503.98
190397,13548.79
190396,9696.07
190395,10010.34
190394,8752.35
190393,21310.53
190392,23103.27
190391,41777.83
190390,29906.36
190389,24102.1
190388,18414.68
190387,22097.92
190386,20185.74
190385,15401.53
190384,220.96
190383,6364.23
190382,7340.12
190381,10303.49
190380,12034.11
190379,8849.09
190378,21402.35
190377,47514.6
190376,26063.74
190375,14590.11
190374,12477.66
190373,13033.5
190372,16374.12
190371,23028.88
190370,43829.85
190369,17938.45
190368,10241.03
190367,7050.28
190366,15010.05
190365,24625.94
190364,36683.53
190363,59798.0
190362,39301.39
190361,20605.66
190360,19323.86
190359,24091.78
190358,18487.78
190357,34216.47
190356,56520.27
190355,32712.85
190354,15785.36
190353,13095.87
190352,9190.67
190351,14160.2
190350,22734.07
190349,50205.49
190348,26717.18
190347,21111.08
190346,12661.39
190345,14104.27
190344,36692.89
190343,35237.72
190342,77887.34
190341,55925.77
190340,31304.72
190339,33022.75
190338,38643.67
190337,24364.28
190336,31917.54
190335,60884.27
190334,36667.9
190333,10862.67
190332,15503.32
190331,25487.93
190330,24955.76
190329,37715.9
190328,67279.15
190327,40083.91
190326,27767.11
190325,28193.57
190324,34436.09
190323,29222.29
190322,56949.78
190321,60343.9
190320,-13.99
190319,18400.18
190318,15935.18
190317,14121.31
190316,15810.86
190315,25859.91
190314,43873.97
190313,26404.73
190312,594.04
190311,12876.66
190310,23486.95
190309,19091.92
190308,32349.53
190307,46434.65
190306,40529.34
190305,13171.5
190304,14381.3
190303,13345.85
190302,12920.81
190301,19532.74
190300,38632.56
190299,26905.56
190298,17274.01
190297,14069.13
190296,16595.25
190295,29754.91
190294,38969.05
190293,64700.54
190292,41220.05
190291,19603.1
190290,23784.56
190289,25295.73
190288,23637.6
190287,1044.68
190286,58428.79
190285,31867.8
190284,19316.39
190283,19417.96
190282,19750.91
190281,31703.3
190280,36143.76
190279,55107.43
190278,32741.86
190277,13859.68
190276,15664.35
190275,17392.5
190274,14056.81
190273,38464.67
190272,48994.85
190271,37445.36
190270,20383.62
190269,22228.43
190268,25615.6
190267,20793.46
190266,27515.97
190265,63869.43
190264,40968.51
190263,14334.67
190262,18201.73
190261,17963.04
190260,477.97
190259,41474.25
190258,52503.86
190257,36551.06
190256,54216.78
190255,17595.26
190254,23493.63
190253,26058.21
190252,31679.25
190251,39420.05
190250,35313.09
190249,19956.21
190248,32625.62
190247,33623.62
190246,31318.2
190245,39571.41
190244,57689.62
190243,41915.4
190242,23324.72
190241,24544.15
190240,25220.76
190239,31393.07
190238,40590.53
190237,42143.38
190236,32117.34
190235,19401.51
190234,19692.8
190233,19641.17
190232,18924.1
190231,34420.03
190230,30826.18
190229,36901.68
190228,16945.25
190227,11258.35
190226,16903.86
190225,18266.99
190224,25546.16
190223,27942.41
190222,21177.86
190221,17465.91
