75627,40998.78
75626,70104.52
75625,62311.14
75624,26133.97
75623,23118.63
75622,28934.98
75621,25112.76
75620,3278.0
75619,52008.76
75618,40335.12
75617,20362.53
75616,20396.01
75615,23274.23
75614,42507.33
75613,46131.33
75612,68056.28
75611,52505.96
75610,51739.11
75609,32997.01
75608,38668.6
75607,40447.23
75606,39784.81
75605,238.66
75604,10726.24
75603,17781.04
75602,21852.42
75601,21883.88
75600,23768.83
75599,36225.78
75598,75355.92
75597,51499.11
75596,23863.07
75595,26778.17
75594,19883.22
75593,28381.88
75592,31940.6
75591,58135.88
75590,40563.89
75589,23074.32
75588,24935.98
75587,23886.73
75586,64298.02
75585,75045.92
75584,108179.02
75583,66038.64
75582,42694.83
75581,29249.33
75580,42821.59
75579,32625.7
75578,46652.92
75577,77460.9
75576,63684.48
75575,27780.25
75574,20892.93
75573,22179.78
75572,22732.5
75571,39903.57
75570,78394.72
75569,44924.49
75568,40399.31
75567,26351.87
75566,31870.61
75565,62729.9
75564,54954.58
75563,111602.4
75562,92467.52
75561,53498.8
75560,66684.02
75559,90371.55
75558,47022.62
75557,64183.3
75556,85769.39
75555,73608.72
75554,21058.18
75553,32907.68
75552,67653.52
75551,48303.1
75550,66415.44
75549,111673.12
75548,77006.82
75547,52020.41
75546,66604.78
75545,72181.37
75544,57623.03
75543,92223.1
75542,112323.72
75541,31663.99
75540,33800.3
75539,35346.74
75538,35788.94
75537,54078.17
75536,64536.85
75535,51736.8
75534,1981.3
75533,27351.12
75532,50715.9
75531,44873.55
75530,55357.36
75529,79664.92
75528,73412.61
75527,27943.19
75526,28430.06
75525,35470.19
75524,33902.83
75523,46522.16
75522,60468.58
75521,56948.78
75520,31263.74
75519,32522.26
75518,35260.41
75517,81217.2
75516,84192.09
75515,117061.77
75514,83933.82
75513,52674.53
75512,53273.26
75511,62970.01
75510,57862.12
75509,2226.53
75508,110658.91
75507,61481.53
75506,42790.18
75505,45708.1
75504,46211.74
75503,66488.8
75502,74069.31
75501,127825.38
75500,65288.51
75499,32322.17
75498,31468.62
75497,30686.38
75496,40755.12
75495,71162.62
75494,101717.64
75493,91460.29
75492,54108.73
75491,53097.51
75490,57381.3
75489,55798.42
75488,65393.35
75487,109381.88
75486,93756.53
75485,39071.11
75484,42690.72
75483,50179.0
75482,684.45
75481,94388.18
75480,98553.51
75479,74543.02
75478,99432.81
75477,41003.83
75476,42037.21
75475,59210.4
75474,64293.5
75473,83619.79
75472,73145.53
75471,43070.02
75470,74463.84
75469,68112.21
75468,63931.56
75467,76595.23
75466,112964.18
75465,95246.91
75464,52044.89
75463,62443.83
75462,66337.5
75461,76439.71
75460,98291.45
75459,122556.46
75458,83973.6
75457,41993.94
75456,45324.4
75455,52169.03
75454,48246.97
75453,76471.47
75452,71365.54
75451,79016.03
75450,43923.36
75449,28328.14
75448,41968.42
75447,47845.11
75446,50811.79
75445,60181.33
75444,55380.99
75443,46097.29
