21667,25189.69
21666,47479.9
21665,36438.06
21664,10662.22
21663,17289.88
21662,15025.09
21661,19302.6
21660,3406.95
21659,28689.22
21658,27952.5
21657,15097.04
21656,13233.68
21655,16689.02
21654,26340.33
21653,28845.96
21652,44833.0
21651,30427.02
21650,24764.53
21649,19348.16
21648,17772.9
21647,24336.38
21646,17437.33
21645,41461.41
21644,38845.44
21643,15746.18
21642,12924.03
21641,16092.14
21640,15156.88
21639,23094.42
21638,42324.5
21637,29283.02
21636,15613.81
21635,10938.01
21634,19257.91
21633,22419.84
21632,20920.44
21631,41152.09
21630,27268.63
21629,11566.86
21628,16787.93
21627,20642.65
21626,35127.32
21625,45763.44
21624,66258.43
21623,40556.62
21622,30264.57
21621,26041.35
21620,32027.85
21619,22630.38
21618,35116.92
21617,56187.16
21616,45493.59
21615,17109.82
21614,17016.31
21613,13840.12
21612,18383.02
21611,24014.82
21610,42625.95
21609,30441.89
21608,25654.07
21607,11395.56
21606,17208.36
21605,35279.2
21604,50232.15
21603,70140.88
21602,70061.12
21601,39102.35
21600,41928.6
21599,64718.15
21598,25437.19
21597,31123.26
21596,51289.87
21595,43273.73
21594,16703.43
21593,22851.64
21592,43602.61
21591,36691.14
21590,39673.18
21589,71109.79
21588,54583.41
21587,33305.17
21586,35856.44
21585,43034.0
21584,25565.31
21583,45611.28
21582,67181.22
21581,20796.26
21580,20634.99
21579,19700.86
21578,22089.37
21577,28022.49
21576,36860.24
21575,35006.84
21574,802.39
21573,15340.75
21572,26735.37
21571,26066.39
21570,33132.87
21569,54889.02
21568,46346.16
21567,16830.08
21566,939.56
21565,417.34
21564,157.08
21563,27171.48
21562,40176.94
21561,45977.44
21560,1060.87
21559,19592.49
21558,21946.98
21557,43340.87
21556,49620.11
21555,65909.73
21554,50823.2
21553,31731.03
21552,31345.99
21551,35039.16
21550,33420.36
21549,43358.08
21548,64597.18
21547,39150.69
21546,22243.79
21545,24448.09
21544,26801.55
21543,42421.47
21542,4503.72
21541,82297.6
21540,47086.91
21539,19816.41
21538,21048.58
21537,17313.95
21536,22273.47
21535,48790.5
21534,66822.36
21533,56373.66
21532,30348.06
21531,26628.36
21530,36444.95
21529,32118.52
21528,42495.32
21527,56721.32
21526,59737.5
21525,26690.54
21524,25429.36
21523,25572.14
21522,42362.52
21521,45044.01
21520,61758.5
21519,51515.04
21518,54017.79
21517,21678.19
21516,30324.66
21515,32673.29
21514,36940.11
21513,53957.24
21512,46612.86
21511,24565.03
21510,41771.75
21509,37798.08
21508,42838.89
21507,48958.38
21506,64672.4
21505,54830.85
21504,32630.66
21503,33062.82
21502,36872.74
21501,43257.06
21500,57507.52
21499,64418.31
21498,55979.6
21497,22647.28
21496,21883.51
21495,20266.81
21494,31322.23
21493,40356.79
21492,41090.09
21491,51780.57
21490,20081.72
21489,17157.7
21488,22149.52
21487,28634.2
21486,31001.9
21485,41241.01
21484,32437.03
21483,22430.26
