181793,28666.61
181792,44700.24
181791,38856.95
181790,19540.48
181789,20419.26
181788,19307.59
181787,18403.75
181786,813.78
181785,29623.87
181784,24029.24
181783,22182.18
181782,18289.48
181781,18337.57
181780,27082.88
181779,23388.43
181778,39489.48
181777,31702.28
181776,38404.66
181775,27595.91
181774,22978.28
181773,27171.99
181772,17874.26
181771,51209.57
181770,37534.81
181769,17646.95
181768,14278.96
181767,11083.53
181766,20203.3
181765,29985.79
181764,37790.71
181763,28244.0
181762,20380.56
181761,19389.04
181760,18010.7
181759,21915.96
181758,29152.78
181757,37721.07
181756,31491.09
181755,21605.98
181754,26684.65
181753,32426.74
181752,49794.41
181751,43988.14
181750,75331.45
181749,45860.3
181748,41816.63
181747,24505.98
181746,27770.64
181745,26255.73
181744,35807.85
181743,51293.65
181742,37551.26
181741,20267.79
181740,15735.7
181739,16757.15
181738,19873.42
181737,29379.73
181736,48326.25
181735,30256.69
181734,29571.6
181733,23110.34
181732,23487.49
181731,47130.66
181730,48369.1
181729,71369.84
181728,50239.7
181727,35474.41
181726,39457.35
181725,53542.73
181724,33062.28
181723,35868.08
181722,50371.03
181721,37299.97
181720,22067.88
181719,23837.31
181718,41423.16
181717,36539.7
181716,39509.72
181715,62509.4
181714,49138.3
181713,36170.17
181712,31742.97
181711,41503.07
181710,29065.91
181709,45873.78
181708,65875.45
181707,23369.2
181706,16996.95
181705,22144.53
181704,23549.23
181703,27046.58
181702,41794.55
181701,40590.24
181700,564.5
181699,17779.17
181698,38565.09
181697,34713.18
181696,45096.91
181695,64236.75
181694,52277.3
181693,20889.86
181692,421.34
181691,501.08
181690,174.16
181689,23762.07
181688,45462.63
181687,32599.21
181686,747.24
181685,16950.01
181684,20898.41
181683,40922.93
181682,38961.65
181681,53941.0
181680,49442.48
181679,27438.57
181678,34960.14
181677,30397.66
181676,31007.45
181675,36546.02
181674,55405.26
181673,38306.32
181672,27977.49
181671,24071.19
181670,26559.9
181669,38847.53
181668,42708.75
181667,69524.27
181666,39394.73
181665,17696.27
181664,20585.3
181663,19308.06
181662,22775.44
181661,46175.35
181660,59539.96
181659,50183.69
181658,29931.22
181657,23800.5
181656,27344.05
181655,28790.41
181654,36965.17
181653,57534.34
181652,55130.63
181651,18957.19
181650,24063.48
181649,23255.62
181648,29275.63
181647,33405.92
181646,52387.3
181645,38703.96
181644,47633.71
181643,22247.11
181642,20670.36
181641,22181.15
181640,26814.15
181639,42061.67
181638,36071.28
181637,18065.22
181636,30421.56
181635,24574.71
181634,27899.28
181633,35679.26
181632,55124.42
181631,46814.62
181630,27481.18
181629,26949.89
181628,26987.36
181627,27841.92
181626,39339.59
181625,52081.35
181624,43678.27
181623,15402.47
181622,20517.3
181621,20217.39
181620,21567.14
181619,32648.15
181618,35512.93
181617,35213.37
181616,17334.19
181615,11406.45
181614,17190.73
181613,26592.71
181612,27128.12
181611,39009.33
181610,30782.36
181609,26500.81
