188871,17676.3
188870,27239.32
188869,28380.12
188868,8583.85
188867,10676.18
188866,11600.25
188865,9837.77
188864,1000.85
188863,17217.41
188862,15521.68
188861,7746.9
188860,8660.52
188859,5489.1
188858,15960.86
188857,18146.85
188856,28921.43
188855,16658.56
188854,17762.56
188853,11651.49
188852,11511.48
188851,11790.47
188850,12909.12
188849,22839.14
188848,22141.23
188847,8034.57
188846,5629.44
188845,10839.2
188844,7994.32
188843,18447.38
188842,28552.81
188841,18352.44
188840,12035.26
188839,9781.19
188838,12670.19
188837,15568.82
188836,16035.98
188835,23431.47
188834,15990.14
188833,9817.49
188832,9931.93
188831,12008.88
188830,29349.83
188829,29769.38
188828,43745.27
188827,22978.76
188826,19596.67
188825,15070.3
188824,19718.92
188823,15239.4
188822,21940.03
188821,37221.44
188820,23430.71
188819,10389.94
188818,12191.34
188817,3057.13
188816,8310.35
188815,18412.1
188814,31742.6
188813,19384.02
188812,17386.84
188811,11259.96
188810,13199.27
188809,19634.55
188808,34180.43
188807,39143.35
188806,36111.01
188805,23899.34
188804,24037.4
188803,37388.26
188802,19493.64
188801,23996.82
188800,34091.48
188799,27550.96
188798,11635.68
188797,13004.04
188796,23753.23
188795,22790.84
188794,26538.76
188793,39762.0
188792,37588.38
188791,22307.47
188790,24396.61
188789,27904.39
188788,21730.99
188787,34867.64
188786,51527.19
188785,16620.28
188784,11382.91
188783,13647.19
188782,17236.09
188781,16949.81
188780,23544.93
188779,26149.0
188778,10348.39
188777,13806.37
188776,18772.72
188775,19799.19
188774,24873.27
188773,37358.61
188772,30410.29
188771,901.14
188770,11863.25
188769,14339.42
188768,15252.16
188767,19816.85
188766,27308.83
188765,23714.34
188764,16929.3
188763,11576.1
188762,12969.6
188761,29211.29
188760,30010.59
188759,36610.86
188758,32023.61
188757,24239.68
188756,21186.45
188755,20878.76
188754,21403.94
188753,949.0
188752,42291.07
188751,26949.04
188750,15133.91
188749,17890.41
188748,19562.04
188747,27202.08
188746,39437.91
188745,54465.87
188744,34643.01
188743,14265.36
188742,11785.51
188741,17049.05
188740,18374.21
188739,30489.99
188738,35910.09
188737,31039.52
188736,17693.65
188735,22542.57
188734,20054.18
188733,21527.47
188732,25767.31
188731,35821.92
188730,37986.69
188729,18784.23
188728,20757.78
188727,19807.49
188726,379.87
188725,31400.45
188724,40080.55
188723,30973.4
188722,32994.63
188721,16021.84
188720,20210.13
188719,22721.83
188718,28039.96
188717,34027.26
188716,26341.56
188715,12968.95
188714,25512.51
188713,23949.31
188712,21841.06
188711,30670.49
188710,37386.25
188709,33301.42
188708,20411.47
188707,22948.26
188706,25796.02
188705,27875.22
188704,34480.65
188703,44812.04
188702,34652.71
188701,14138.45
188700,12599.96
188699,12757.06
188698,19786.05
188697,23226.6
188696,27631.35
188695,30586.83
188694,12240.57
188693,10755.64
188692,15674.86
188691,18164.59
188690,19146.38
188689,28561.29
188688,21843.04
188687,13635.0
