123967,24891.09
123966,61032.0
123965,49202.7
123964,17163.58
123963,14884.43
123962,17460.56
123961,19524.93
123960,1915.21
123959,42456.63
123958,28047.46
123957,12485.76
123956,12085.85
123955,13536.28
123954,33601.3
123953,35552.55
123952,54092.57
123951,37988.45
123950,35686.56
123949,26255.17
123948,32326.9
123947,30619.26
123946,27873.02
123945,152.99
123944,4243.73
123943,14496.58
123942,10645.9
123941,18362.48
123940,18653.66
123939,31513.84
123938,56698.77
123937,33194.57
123936,20020.2
123935,18771.1
123934,15246.3
123933,23707.84
123932,32925.17
123931,54489.96
123930,29439.78
123929,19626.52
123928,7966.6
123927,22628.11
123926,48346.6
123925,61862.81
123924,81408.26
123923,54451.36
123922,27561.41
123921,24206.05
123920,36800.23
123919,25091.97
123918,41629.75
123917,68019.5
123916,42469.92
123915,22524.05
123914,17460.64
123913,14068.43
123912,16550.07
123911,34772.14
123910,61645.22
123909,34612.14
123908,30953.97
123907,16999.46
123906,18189.4
123905,53779.05
123904,54362.47
123903,91477.64
123902,71212.55
123901,43852.11
123900,48530.18
123899,63800.8
123898,33040.07
123897,42331.59
123896,71763.8
123895,47227.3
123894,18814.24
123893,18628.38
123892,42164.76
123891,37007.83
123890,49841.83
123889,88087.99
123888,48942.49
123887,37685.21
123886,41666.13
123885,52364.87
123884,42529.68
123883,72562.41
123882,91931.34
123881,-16.44
123880,23857.52
123879,22410.06
123878,21342.35
123877,26070.76
123876,32700.11
123875,51407.42
123874,30588.38
123873,1128.32
123872,19053.83
123871,30357.91
123870,28206.51
123869,40406.52
123868,52353.37
123867,51284.53
123866,20108.33
123865,772.11
123864,341.32
123863,171.21
123862,26671.13
123861,41483.15
123860,35251.77
123859,620.69
123858,14792.53
123857,21133.7
123856,46239.01
123855,62712.29
123854,83728.52
123853,55324.01
123852,33079.74
123851,36065.12
123850,36252.49
123849,34190.04
123848,56861.78
123847,79748.92
123846,39529.6
123845,27215.76
123844,32930.2
123843,28318.52
123842,44882.6
123841,53867.69
123840,90080.72
123839,53200.98
123838,19158.65
123837,19198.84
123836,21655.61
123835,24542.84
123834,59211.18
123833,64057.03
123832,52425.51
123831,32717.11
123830,36404.8
123829,42078.57
123828,39701.84
123827,47097.37
123826,73077.12
123825,61603.18
123824,23901.39
123823,27500.82
123822,26805.93
123821,41317.19
123820,64743.48
123819,68195.76
123818,53665.49
123817,72061.63
123816,32591.0
123815,34885.63
123814,44401.22
123813,48867.56
123812,53138.46
123811,46355.18
123810,25610.52
123809,49190.89
123808,43509.56
123807,45992.55
123806,54863.11
123805,72552.93
123804,53307.64
123803,35625.24
123802,35321.72
123801,34204.01
123800,40282.82
123799,56884.65
123798,62993.08
123797,54450.23
123796,24958.73
123795,23705.6
123794,27686.98
123793,27897.53
123792,44773.59
123791,43057.23
123790,46503.63
123789,20799.6
123788,20069.12
123787,26603.84
123786,29153.69
123785,34827.06
123784,37927.16
123783,26456.2
123782,25538.62
