4012,45333.15
4011,66689.43
4010,49325.51
4009,21359.62
4008,18410.89
4007,23579.09
4006,20685.53
4005,905.98
4004,45163.48
4003,21200.71
4002,14334.12
4001,16078.01
4000,14153.56
3999,38990.78
3998,40701.36
3997,71703.96
3996,34368.12
3995,39328.91
3994,28623.1
3993,29996.84
3992,33594.96
3991,36459.63
3990,69396.82
3989,50455.21
3988,12969.02
3987,13143.59
3986,19276.01
3985,16480.87
3984,35625.84
3983,68348.36
3982,31662.57
3981,20372.88
3980,3277.47
3979,13151.45
3978,27094.42
3977,32127.49
3976,58943.17
3975,32796.31
3974,16206.44
3973,16844.45
3972,27100.58
3971,60406.05
3970,68981.03
3969,110898.01
3968,47855.89
3967,43464.17
3966,31652.2
3965,41917.11
3964,33520.87
3963,53882.74
3962,87635.64
3961,58793.87
3960,22503.62
3959,28225.9
3958,26032.9
3957,26471.91
3956,41380.79
3955,73118.8
3954,42974.03
3953,34075.93
3952,16451.2
3951,25145.37
3950,56362.5
3949,66180.91
3948,120066.53
3947,91163.13
3946,52741.74
3945,52706.31
3944,76243.35
3943,34119.93
3942,51815.93
3941,78340.99
3940,61225.95
3939,18743.93
3938,23799.84
3937,51748.0
3936,46636.97
3935,63745.19
3934,100668.44
3933,72395.82
3932,45062.16
3931,54397.7
3930,28521.75
3929,30803.06
3928,74473.58
3927,91163.06
3926,36025.06
3925,26157.27
3924,20149.81
3923,26618.52
3922,37890.13
3921,64680.61
3920,40481.92
3919,934.84
3918,20719.65
3917,45751.12
3916,36360.48
3915,54692.57
3914,95504.64
3913,54866.83
3912,25275.59
3911,24158.69
3910,22701.68
3909,27421.66
3908,46724.32
3907,63895.29
3906,56355.73
3905,33798.42
3904,30021.79
3903,28260.64
3902,72012.76
3901,76838.16
3900,97238.33
3899,82229.18
3898,45980.11
3897,42097.7
3896,41962.75
3895,44369.78
3894,2096.98
3893,95588.43
3892,46489.04
3891,28474.96
3890,28712.02
3889,32841.92
3888,51321.69
3887,57602.85
3886,84901.97
3885,51260.83
3884,24002.52
3883,26225.37
3882,29667.0
3881,26487.57
3880,72980.16
3879,90128.38
3878,65582.51
3877,38092.24
3876,41224.63
3875,44680.49
3874,44255.64
3873,61644.26
3872,78313.28
3871,73003.6
3870,29667.52
3869,35579.97
3868,37823.76
3867,697.29
3866,64758.12
3865,79881.18
3864,58784.9
3863,58398.25
3862,26056.77
3861,32630.33
3860,37648.55
3859,50566.66
3858,60555.43
3857,54112.82
3856,37887.04
3855,67606.93
3854,59782.17
3853,64035.09
3852,69816.68
3851,87516.57
3850,62985.48
3849,46264.26
3848,47077.67
3847,53063.49
3846,52175.19
3845,69108.39
3844,67606.78
3843,53850.81
3842,26766.75
3841,31156.32
3840,31956.83
3839,36215.73
3838,52320.45
3837,53317.65
3836,51263.54
3835,29385.76
3834,22566.01
3833,31912.78
3832,34368.39
3831,43679.79
3830,44158.05
3829,34739.16
3828,22999.36
