181217,19261.01
181216,28776.43
181215,17825.57
181214,7361.3
181213,9131.66
181212,9573.58
181211,10926.89
181210,295.24
181209,19784.34
181208,12682.63
181207,6996.11
181206,7541.62
181205,8723.7
181204,14677.59
181203,15447.77
181202,22760.0
181201,16888.61
181200,17781.94
181199,9150.71
181198,10948.06
181197,10695.13
181196,11522.24
181195,23952.17
181194,21994.28
181193,6953.59
181192,6497.87
181191,8391.47
181190,7548.19
181189,15605.21
181188,29223.8
181187,15188.62
181186,10875.46
181185,12666.43
181184,11237.11
181183,13647.41
181182,16146.58
181181,24022.48
181180,14961.49
181179,11298.55
181178,12364.29
181177,13630.91
181176,22962.21
181175,29987.53
181174,49688.54
181173,29374.84
181172,25045.48
181171,15762.1
181170,17064.27
181169,12501.4
181168,19843.01
181167,35382.62
181166,23522.14
181165,12136.54
181164,13057.64
181163,13576.11
181162,12493.42
181161,17056.27
181160,29508.88
181159,19154.85
181158,13287.96
181157,12400.45
181156,11003.11
181155,21494.95
181154,26356.33
181153,46098.59
181152,31900.35
181151,17233.61
181150,21455.84
181149,27109.16
181148,16392.17
181147,18197.49
181146,37160.32
181145,28112.56
181144,10406.1
181143,12107.18
181142,21988.11
181141,17732.46
181140,22574.57
181139,40199.22
181138,30175.61
181137,21030.86
181136,20504.13
181135,25660.84
181134,22352.57
181133,25595.03
181132,48947.28
181131,16407.55
181130,13878.77
181129,15546.61
181128,15065.02
181127,18877.55
181126,31016.82
181125,29505.0
181124,13976.73
181123,15594.92
181122,29037.71
181121,24828.49
181120,33131.13
181119,45572.33
181118,38790.88
181117,759.54
181116,12651.94
181115,11590.34
181114,15525.22
181113,22174.14
181112,33463.68
181111,23349.9
181110,15809.2
181109,13651.55
181108,15481.01
181107,30416.25
181106,29102.57
181105,48037.84
181104,28534.15
181103,16882.64
181102,18192.26
181101,17886.6
181100,17153.2
181099,226.0
181098,41573.77
181097,25544.48
181096,17801.2
181095,18905.13
181094,15803.01
181093,26006.76
181092,32966.1
181091,45717.95
181090,27209.15
181089,13127.17
181088,15011.2
181087,15588.97
181086,16897.21
181085,29725.92
181084,38214.16
181083,33429.96
181082,15939.19
181081,21682.77
181080,18847.4
181079,19130.87
181078,24570.73
181077,37286.85
181076,30571.06
181075,14981.86
181074,11514.03
181073,17721.19
181072,563.09
181071,22387.82
181070,31080.36
181069,25412.3
181068,29645.15
181067,12309.08
181066,13845.53
181065,16519.69
181064,26466.68
181063,33152.83
181062,27764.14
181061,15376.44
181060,33630.41
181059,20945.39
181058,23291.09
181057,26539.67
181056,33811.3
181055,32760.02
181054,23263.08
181053,19587.2
181052,18759.72
181051,19340.09
181050,28215.4
181049,31159.19
181048,23549.94
181047,15367.45
181046,15716.9
181045,16949.81
181044,17216.39
181043,26441.21
181042,26792.68
181041,25693.93
181040,17766.27
181039,11237.51
181038,17587.5
181037,23249.06
181036,21101.77
181035,24374.75
181034,18425.11
181033,14210.58
