29157,45985.62
29156,66454.67
29155,52446.68
29154,22876.79
29153,21479.53
29152,16892.09
29151,18162.32
29150,942.25
29149,47469.98
29148,39779.31
29147,15447.03
29146,13583.32
29145,17382.89
29144,25540.44
29143,31634.45
29142,65319.25
29141,37126.02
29140,43994.9
29139,9105.96
29138,25483.49
29137,23328.57
29136,29010.01
29135,69688.75
29134,54360.37
29133,8542.87
29132,15468.12
29131,18026.15
29130,17496.8
29129,32063.0
29128,62254.79
29127,44482.84
29126,20597.28
29125,944.02
29124,16851.78
29123,18006.24
29122,29982.87
29121,55059.48
29120,30905.93
29119,17320.51
29118,24828.93
29117,22741.31
29116,49803.01
29115,67394.62
29114,109319.49
29113,70833.01
29112,57863.76
29111,30904.62
29110,36158.36
29109,24150.51
29108,49505.14
29107,86877.94
29106,66450.31
29105,21342.14
29104,20403.01
29103,23676.18
29102,20078.66
29101,39283.41
29100,71761.86
29099,48119.88
29098,34937.11
29097,20306.47
29096,25310.37
29095,56293.61
29094,68595.45
29093,112872.24
29092,82916.27
29091,48673.84
29090,56636.87
29089,74677.13
29088,42373.47
29087,53089.06
29086,82551.15
29085,60672.53
29084,26333.81
29083,26626.77
29082,43272.36
29081,42650.98
29080,48604.61
29079,88287.48
29078,72027.19
29077,41991.47
29076,41120.99
29075,49086.73
29074,35321.89
29073,68412.47
29072,98052.69
29071,27287.54
29070,21412.09
29069,25593.37
29068,28880.53
29067,32885.27
29066,58791.55
29065,38731.08
29064,18232.97
29063,22123.7
29062,37964.37
29061,34423.92
29060,47798.08
29059,83517.88
29058,59862.62
29057,93.29
29056,19880.64
29055,24677.3
29054,29249.2
29053,36938.26
29052,65397.22
29051,47471.86
29050,19966.82
29049,20953.05
29048,19098.74
29047,51175.09
29046,59890.54
29045,85012.0
29044,68028.35
29043,41015.48
29042,35400.76
29041,31000.95
29040,37463.76
29039,47.85
29038,109273.86
29037,48442.0
29036,22712.53
29035,23004.07
29034,29999.26
29033,46329.53
29032,54386.01
29031,82128.39
29030,59554.39
29029,19244.77
29028,24060.92
29027,27119.09
29026,31843.73
29025,59940.19
29024,90892.92
29023,66098.84
29022,39510.01
29021,39192.9
29020,41403.51
29019,37169.99
29018,52167.94
29017,77256.19
29016,68074.77
29015,30423.16
29014,34810.54
29013,32944.31
29012,6.49
29011,59519.37
29010,69335.97
29009,47952.69
29008,61340.8
29007,28342.88
29006,29288.08
29005,36464.69
29004,40255.53
29003,60847.94
29002,47594.0
29001,24007.13
29000,51577.11
28999,40891.56
28998,53384.05
28997,59986.22
28996,92795.81
28995,70834.35
28994,45228.37
28993,47063.67
28992,51534.23
28991,53706.89
28990,66193.31
28989,82970.66
28988,56273.59
28987,26343.58
28986,28875.88
28985,25636.03
28984,31269.77
28983,43843.37
28982,49065.53
28981,53942.42
28980,23637.44
28979,21438.31
28978,25910.68
28977,31936.44
28976,33165.41
28975,50315.37
28974,34442.91
28973,20844.01
