127378,16017.55
127377,28979.47
127376,30966.83
127375,5988.33
127374,7766.14
127373,10426.11
127372,8628.83
127371,303.58
127370,15728.09
127369,17601.26
127368,7203.95
127367,5860.34
127366,5066.9
127365,13757.01
127364,16011.82
127363,22619.76
127362,22240.03
127361,19432.94
127360,7975.06
127359,12689.52
127358,7892.37
127357,13864.73
127356,25538.61
127355,23333.13
127354,9368.04
127353,6879.43
127352,9394.15
127351,8637.68
127350,16545.32
127349,26925.98
127348,17216.26
127347,9354.26
127346,8767.1
127345,8817.42
127344,18273.3
127343,19509.48
127342,27284.99
127341,15655.55
127340,8660.14
127339,10853.16
127338,13757.34
127337,24417.6
127336,27299.01
127335,44179.0
127334,33607.35
127333,31563.99
127332,12855.47
127331,13808.6
127330,15577.15
127329,17078.0
127328,36213.68
127327,27763.39
127326,10613.8
127325,10676.38
127324,9930.39
127323,8541.97
127322,18201.47
127321,27081.88
127320,23752.7
127319,11116.83
127318,11527.05
127317,10443.22
127316,23646.55
127315,23058.87
127314,41690.34
127313,47898.79
127312,18828.57
127311,20527.28
127310,31649.58
127309,18194.19
127308,11906.87
127307,37409.75
127306,28435.61
127305,9238.3
127304,12646.57
127303,23898.74
127302,21366.55
127301,23013.57
127300,46053.41
127299,41360.89
127298,17838.84
127297,26264.57
127296,26240.85
127295,22920.88
127294,28071.74
127293,51467.62
127292,15174.74
127291,15454.34
127290,15175.69
127289,14896.14
127288,21208.19
127287,32451.63
127286,27331.52
127285,484.27
127284,10543.0
127283,19646.71
127282,18431.08
127281,26815.13
127280,43697.9
127279,37492.18
127278,10888.94
127277,1028.53
127276,455.83
127275,87.27
127274,18066.36
127273,33803.51
127272,24568.38
127271,860.86
127270,13773.07
127269,14806.21
127268,25272.4
127267,25210.21
127266,50957.18
127265,36333.83
127264,21174.72
127263,14583.32
127262,19090.59
127261,18307.16
127260,26603.95
127259,47074.27
127258,28400.06
127257,10567.62
127256,14337.29
127255,17055.75
127254,23543.07
127253,25687.75
127252,51804.11
127251,37326.15
127250,12002.89
127249,12314.81
127248,13087.28
127247,16762.11
127246,30335.76
127245,49066.31
127244,42166.86
127243,19028.66
127242,21898.23
127241,18405.87
127240,22225.42
127239,26987.06
127238,42221.72
127237,44364.01
127236,13507.66
127235,15875.85
127234,12686.78
127233,20230.73
127232,28907.02
127231,43249.58
127230,36398.54
127229,43546.65
127228,12632.74
127227,13675.54
127226,15667.02
127225,23427.77
127224,39454.81
127223,36181.75
127222,15391.49
127221,27626.56
127220,23613.16
127219,23893.71
127218,24398.46
127217,44311.5
127216,35030.26
127215,19700.72
127214,23208.46
127213,20509.19
127212,21462.12
127211,33420.01
127210,46393.9
127209,33232.85
127208,10961.96
127207,14166.75
127206,17376.63
127205,16316.22
127204,29931.45
127203,29425.9
127202,48982.65
127201,12347.95
127200,10873.87
127199,13819.99
127198,18333.72
127197,19630.53
127196,32770.32
127195,28176.67
127194,23899.98
