32815,46911.4
32814,90262.32
32813,64094.75
32812,19645.56
32811,24568.07
32810,23870.51
32809,28269.32
32808,1251.34
32807,57334.41
32806,42710.11
32805,26802.34
32804,21777.73
32803,20662.4
32802,45921.87
32801,58976.79
32800,84735.33
32799,55100.51
32798,56553.66
32797,30548.52
32796,32101.42
32795,32608.37
32794,44258.81
32793,75687.88
32792,57116.37
32791,21440.68
32790,18559.77
32789,23696.86
32788,22525.06
32787,51289.36
32786,77984.41
32785,51669.17
32784,27557.66
32783,29010.94
32782,31277.75
32781,32606.37
32780,47039.73
32779,73847.06
32778,39584.52
32777,20111.38
32776,25665.41
32775,27206.01
32774,70787.11
32773,89505.03
32772,119328.9
32771,85760.14
32770,72887.54
32769,25511.23
32768,43103.35
32767,39951.24
32766,67632.77
32765,105212.31
32764,75831.49
32763,29146.32
32762,28609.33
32761,34618.89
32760,26136.35
32759,50573.69
32758,100034.4
32757,53666.68
32756,53130.16
32755,33613.63
32754,27834.25
32753,84791.54
32752,92846.47
32751,150384.1
32750,110373.84
32749,75542.54
32748,76169.42
32747,115366.01
32746,48883.46
32745,77558.13
32744,112685.0
32743,91533.27
32742,31357.13
32741,32179.54
32740,74157.32
32739,63791.31
32738,85132.61
32737,136016.69
32736,86195.07
32735,68839.41
32734,70768.69
32733,96371.6
32732,67423.0
32731,103187.07
32730,126574.07
32729,-65.0
32728,35357.22
32727,31916.15
32726,37140.06
32725,39254.09
32724,57503.35
32723,78046.1
32722,62425.16
32721,2295.89
32720,29718.43
32719,51565.86
32718,50519.19
32717,73387.65
32716,100193.88
32715,83919.72
32714,27337.55
32713,1918.13
32712,2146.39
32711,489.35
32710,53138.53
32709,74354.41
32708,58794.69
32707,3345.13
32706,36797.49
32705,35459.55
32704,100007.36
32703,104823.3
32702,140158.72
32701,88769.27
32700,62221.51
32699,58703.05
32698,78849.87
32697,70362.25
32696,89637.08
32695,138523.33
32694,79522.72
32693,39864.32
32692,45420.69
32691,55499.88
32690,75653.78
32689,93079.1
32688,122390.76
32687,73290.33
32686,29564.34
32685,36753.83
32684,39068.51
32683,35063.84
32682,91282.78
32681,129351.07
32680,96135.23
32679,58172.57
32678,61706.0
32677,68983.95
32676,64244.81
32675,84479.54
32674,132291.06
32673,103725.76
32672,44385.94
32671,44912.23
32670,48186.78
32669,70919.57
32668,90680.5
32667,107893.42
32666,81502.35
32665,72429.89
32664,53637.89
32663,50453.72
32662,74041.89
32661,74156.26
32660,88611.3
32659,80503.01
32658,33632.33
32657,91277.96
32656,82188.62
32655,69978.66
32654,84998.56
32653,110677.45
32652,84041.32
32651,63911.97
32650,64097.85
32649,75127.45
32648,73098.54
32647,91917.94
32646,106580.34
32645,73418.19
32644,45436.48
32643,52131.88
32642,53893.6
32641,57888.78
32640,75783.95
32639,73248.25
32638,78824.0
32637,42452.11
32636,36220.61
32635,42636.54
32634,52415.29
32633,54789.34
32632,60474.05
32631,44994.85
32630,40868.69
