4782,44927.27
4781,68526.62
4780,51286.67
4779,18097.33
4778,20184.35
4777,20951.74
4776,21032.0
4775,1064.13
4774,51894.8
4773,25967.57
4772,17198.64
4771,19515.53
4770,19588.35
4769,35579.75
4768,38302.95
4767,61479.84
4766,37001.93
4765,42374.72
4764,23932.78
4763,24877.07
4762,28088.8
4761,32494.16
4760,68347.27
4759,46904.26
4758,17081.87
4757,18276.71
4756,21627.5
4755,21500.77
4754,39143.0
4753,63251.84
4752,46503.17
4751,26506.16
4750,9837.67
4749,20077.21
4748,26435.64
4747,39622.13
4746,57748.24
4745,37522.16
4744,21702.1
4743,25091.61
4742,27713.13
4741,61615.45
4740,71860.61
4739,115646.94
4738,69910.56
4737,55458.09
4736,41563.79
4735,43974.06
4734,31865.35
4733,52177.0
4732,91109.26
4731,61789.38
4730,27383.39
4729,21772.99
4728,25903.7
4727,24262.18
4726,40469.76
4725,70492.03
4724,45364.73
4723,33769.37
4722,22512.06
4721,28497.01
4720,58494.8
4719,63308.91
4718,114877.81
4717,80297.06
4716,49300.25
4715,63053.7
4714,72543.27
4713,34881.26
4712,49491.35
4711,79012.49
4710,72775.66
4709,24245.76
4708,27515.63
4707,57135.92
4706,48484.94
4705,60480.37
4704,111620.25
4703,83629.24
4702,50867.98
4701,51387.51
4700,37994.45
4699,39669.13
4698,69189.48
4697,94846.27
4696,-19.99
4695,25613.93
4694,21445.32
4693,27195.31
4692,26553.65
4691,39926.83
4690,64147.01
4689,48288.22
4688,26.67
4687,17202.75
4686,40264.46
4685,34177.28
4684,50693.17
4683,80200.18
4682,62732.82
4681,20202.51
4680,20159.43
4679,27188.44
4678,30270.14
4677,46879.12
4676,69890.1
4675,68199.36
4674,30186.81
4673,29027.39
4672,30582.6
4671,61501.78
4670,72333.09
4669,101928.12
4668,75354.8
4667,43003.93
4666,39613.55
4665,41683.08
4664,44738.76
4663,21.0
4662,101870.72
4661,49311.58
4660,30389.5
4659,31999.83
4658,36390.2
4657,54151.1
4656,63900.23
4655,92963.94
4654,60508.95
4653,28117.92
4652,25782.13
4651,29213.96
4650,25655.34
4649,70319.29
4648,96120.76
4647,67048.78
4646,50868.33
4645,41868.29
4644,47555.16
4643,43539.92
4642,62157.04
4641,83412.76
4640,76218.22
4639,28815.92
4638,32861.31
4637,34482.01
4636,56092.84
4635,79951.89
4634,54906.25
4633,63528.61
4632,29335.38
4631,26549.99
4630,41158.8
4629,45497.41
4628,74213.6
4627,48120.25
4626,32032.05
4625,57012.83
4624,54659.57
4623,58025.57
4622,68394.39
4621,100033.59
4620,69866.94
4619,49706.58
4618,43494.25
4617,49102.19
4616,61585.87
4615,76803.17
4614,80750.84
4613,67470.74
4612,33355.38
4611,33780.23
4610,36733.02
4609,34761.45
4608,54098.67
4607,54248.75
4606,63965.72
4605,29392.0
4604,22574.1
4603,34847.8
4602,39585.97
4601,45444.26
4600,43375.52
4599,33770.24
4598,30012.32
