131601,38107.89
131600,80935.88
131599,73500.7
131598,24512.43
131597,28171.31
131596,34821.49
131595,32314.88
131594,1633.99
131593,52837.45
131592,32879.23
131591,19524.91
131590,21373.73
131589,20719.25
131588,42592.66
131587,43238.41
131586,63131.46
131585,46068.91
131584,53176.11
131583,27578.15
131582,39695.61
131581,40614.96
131580,44552.95
131579,817.45
131578,14582.86
131577,20079.21
131576,22487.65
131575,19295.76
131574,20437.74
131573,41719.99
131572,65009.55
131571,47127.29
131570,22964.81
131569,21357.99
131568,26721.7
131567,35067.91
131566,30783.64
131565,61329.66
131564,36224.9
131563,22570.22
131562,25030.19
131561,28083.99
131560,68622.5
131559,70003.4
131558,95514.14
131557,51232.17
131556,51975.27
131555,35996.74
131554,45117.17
131553,33319.23
131552,53397.42
131551,73302.95
131550,61171.41
131549,26771.65
131548,23046.67
131547,23926.34
131546,28877.38
131545,42309.99
131544,67619.84
131543,45788.73
131542,37145.23
131541,30988.66
131540,34533.37
131539,70403.15
131538,59918.66
131537,104043.42
131536,79437.12
131535,55464.86
131534,67796.68
131533,96607.68
131532,44791.23
131531,60875.83
131530,85496.17
131529,73317.76
131528,29417.14
131527,26843.43
131526,74151.4
131525,55718.32
131524,69194.94
131523,117479.17
131522,76128.14
131521,47588.64
131520,58995.04
131519,80637.47
131518,63577.48
131517,91076.21
131516,126834.66
131515,-84.99
131514,29592.23
131513,35177.83
131512,36867.16
131511,42839.94
131510,47878.99
131509,80321.87
131508,56297.52
131507,1271.78
131506,30223.82
131505,62185.44
131504,57982.67
131503,68274.34
131502,102469.79
131501,89786.15
131500,32181.28
131499,29070.4
131498,38190.64
131497,40715.51
131496,53562.0
131495,83743.18
131494,75318.34
131493,39726.99
131492,37014.95
131491,42595.35
131490,86194.18
131489,91906.4
131488,120070.51
131487,88168.54
131486,66440.72
131485,60218.22
131484,69344.5
131483,61628.37
131482,1219.67
131481,114743.03
131480,53926.01
131479,40816.42
131478,37278.79
131477,50188.04
131476,70749.79
131475,93963.49
131474,140789.98
131473,73709.21
131472,33646.1
131471,34207.49
131470,35148.14
131469,31461.06
131468,77215.59
131467,106881.73
131466,81421.1
131465,54443.57
131464,56069.31
131463,62212.53
131462,56534.98
131461,71021.05
131460,106639.92
131459,108603.41
131458,37281.54
131457,43573.4
131456,53252.76
131455,750.21
131454,94316.9
131453,121352.14
131452,95334.2
131451,119874.05
131450,51965.84
131449,58487.81
131448,55073.49
131447,55541.49
131446,85951.46
131445,71378.96
131444,39273.4
131443,83979.0
131442,65214.09
131441,72397.7
131440,74617.88
131439,109490.81
131438,100709.06
131437,61876.55
131436,65442.92
131435,77972.49
131434,79079.33
131433,109405.17
131432,148684.82
131431,101523.84
131430,47136.09
131429,54423.81
131428,54746.29
131427,60690.59
131426,74042.54
131425,77164.18
131424,88584.49
131423,47406.29
131422,33774.92
131421,47762.63
131420,56762.39
131419,62374.36
131418,88997.23
131417,65902.7
131416,58313.71
