130257,31126.1
130256,46878.77
130255,28889.43
130254,10856.85
130253,9017.83
130252,13680.51
130251,13263.07
130250,879.26
130249,27323.42
130248,18914.63
130247,8660.34
130246,9292.89
130245,9282.68
130244,16593.45
130243,22104.81
130242,34063.93
130241,17015.92
130240,24677.02
130239,16574.31
130238,12268.59
130237,15677.9
130236,16277.03
130235,35673.2
130234,17188.49
130233,9699.13
130232,11326.92
130231,13573.41
130230,11702.56
130229,20855.75
130228,25960.2
130227,22857.12
130226,13182.74
130225,12525.65
130224,14447.69
130223,16453.14
130222,22270.65
130221,37483.76
130220,17027.96
130219,12408.43
130218,12900.13
130217,17730.08
130216,33555.06
130215,43128.37
130214,64351.14
130213,30561.28
130212,30272.46
130211,16836.13
130210,19498.1
130209,15728.51
130208,25698.38
130207,52560.7
130206,26871.19
130205,11792.87
130204,14361.7
130203,14468.87
130202,14425.96
130201,24253.89
130200,42299.04
130199,24003.31
130198,19288.88
130197,15739.29
130196,15036.12
130195,31705.9
130194,38322.95
130193,67113.06
130192,37979.39
130191,24882.92
130190,25348.66
130189,41165.22
130188,22774.73
130187,28094.79
130186,50693.84
130185,34237.5
130184,15462.74
130183,16812.67
130182,28895.13
130181,25015.29
130180,32134.93
130179,54274.69
130178,33782.81
130177,25746.48
130176,22213.44
130175,33054.35
130174,29368.99
130173,45413.84
130172,71880.94
130171,12888.48
130170,9798.2
130169,16105.89
130168,16074.27
130167,23910.67
130166,37303.24
130165,22230.77
130164,19735.48
130163,28537.21
130162,27415.55
130161,32162.32
130160,60363.83
130159,32653.53
130158,13722.36
130157,29.59
130156,23312.61
130155,39719.32
130154,25596.65
130153,140.61
130152,12651.3
130151,17540.1
130150,30253.39
130149,29009.35
130148,50203.35
130147,31805.14
130146,22921.25
130145,24142.42
130144,23912.86
130143,25629.01
130142,29778.39
130141,63963.66
130140,27808.77
130139,20782.25
130138,22526.41
130137,22420.14
130136,34966.86
130135,39070.88
130134,76886.61
130133,36908.78
130132,17885.37
130131,15234.1
130130,17733.78
130129,18145.21
130128,40716.75
130127,53695.6
130126,29590.18
130125,20196.57
130124,26267.31
130123,26287.91
130122,24612.25
130121,31644.06
130120,55209.68
130119,36312.23
130118,17491.26
130117,14290.65
130116,14492.17
130115,27259.43
130114,29967.03
130113,40737.2
130112,24855.78
130111,43911.03
130110,16233.61
130109,20429.96
130108,24303.69
130107,32285.77
130106,48764.8
130105,25465.66
130104,16318.95
130103,32929.83
130102,33371.69
130101,29130.55
130100,39487.35
130099,57369.85
130098,34981.76
130097,25174.25
130096,22725.25
130095,30328.94
130094,33229.86
130093,42633.65
130092,59842.54
130091,34386.97
130090,16727.56
130089,16458.45
130088,24253.62
130087,20097.71
130086,33969.15
130085,36261.04
130084,31725.69
130083,13179.1
130082,14806.67
130081,17567.79
130080,23457.89
130079,22987.24
130078,40547.66
130077,18765.9
130076,25138.87
