98089,29141.53
98088,50773.9
98087,52819.77
98086,17671.24
98085,15302.75
98084,21626.87
98083,15606.09
98082,609.9
98081,34312.88
98080,25405.28
98079,11495.17
98078,15130.53
98077,11533.17
98076,25378.98
98075,31721.15
98074,38891.4
98073,31102.54
98072,23076.28
98071,19321.93
98070,18970.26
98069,21719.81
98068,19959.08
98067,38894.5
98066,30904.18
98065,10257.83
98064,12965.84
98063,15489.35
98062,17831.79
98061,29749.18
98060,44292.69
98059,26637.88
98058,17139.57
98057,17704.51
98056,22166.37
98055,23377.12
98054,25697.77
98053,40748.47
98052,22542.82
98051,19861.36
98050,16240.75
98049,20666.02
98048,42932.14
98047,55641.19
98046,74022.85
98045,50173.27
98044,40722.03
98043,20626.64
98042,25077.01
98041,21472.03
98040,34205.08
98039,52969.18
98038,44307.43
98037,19082.25
98036,21725.85
98035,23035.11
98034,17876.09
98033,34065.05
98032,47524.91
98031,32376.78
98030,27163.91
98029,22021.02
98028,16638.08
98027,47280.64
98026,49163.28
98025,63262.52
98024,59714.02
98023,27944.7
98022,40807.55
98021,54455.2
98020,28710.73
98019,35000.78
98018,63065.19
98017,46753.56
98016,17015.6
98015,20884.11
98014,45042.12
98013,37563.11
98012,42988.15
98011,68044.54
98010,56260.28
98009,36613.84
98008,40800.36
98007,48476.87
98006,40143.35
98005,58253.94
98004,78739.85
98003,21468.68
98002,20506.3
98001,20661.83
98000,27670.88
97999,30030.48
97998,45696.83
97997,34232.91
97996,841.21
97995,17764.19
97994,38064.89
97993,28984.63
97992,43550.79
97991,55447.49
97990,52329.35
97989,18709.67
97988,20086.45
97987,21257.29
97986,24313.49
97985,35893.59
97984,45820.08
97983,35616.57
97982,19586.15
97981,18309.03
97980,22933.52
97979,38773.67
97978,48853.6
97977,65421.82
97976,51472.41
97975,31422.67
97974,27222.74
97973,29838.39
97972,35455.88
97971,959.11
97970,69647.69
97969,42227.49
97968,22019.82
97967,26774.23
97966,30876.98
97965,46302.27
97964,59125.77
97963,100401.12
97962,50707.8
97961,23353.24
97960,21249.16
97959,31969.45
97958,22777.4
97957,55306.6
97956,60536.03
97955,51466.12
97954,27467.32
97953,34050.46
97952,34253.14
97951,33282.46
97950,46252.18
97949,64703.4
97948,58848.71
97947,24274.23
97946,24040.57
97945,27874.39
97944,433.93
97943,46374.6
97942,57447.38
97941,44263.47
97940,61736.21
97939,19773.16
97938,24393.85
97937,32416.48
97936,38307.01
97935,52886.56
97934,45635.06
97933,20744.75
97932,39544.29
97931,33480.77
97930,33788.06
97929,46926.93
97928,64963.58
97927,59471.41
97926,30395.04
97925,36748.6
97924,36025.39
97923,43840.64
97922,59852.28
97921,76971.5
97920,54788.85
97919,21145.39
97918,26423.38
97917,27518.85
97916,32657.69
97915,50556.65
97914,51636.15
97913,53486.13
97912,21166.42
97911,18742.49
97910,26460.12
97909,27046.87
97908,36131.54
97907,49289.89
97906,35471.08
97905,27742.06
