30121,32503.92
30120,49226.5
30119,52640.97
30118,18383.0
30117,14728.87
30116,18242.63
30115,20176.72
30114,964.93
30113,37868.92
30112,24359.51
30111,15575.29
30110,15302.06
30109,15640.57
30108,25142.09
30107,28212.66
30106,51855.11
30105,39998.82
30104,36168.05
30103,21655.7
30102,16476.21
30101,24199.96
30100,24270.39
30099,52255.78
30098,40559.64
30097,14202.78
30096,15467.1
30095,15129.13
30094,18038.94
30093,31799.21
30092,52584.21
30091,37130.05
30090,19934.45
30089,17746.35
30088,20812.33
30087,26214.43
30086,28288.2
30085,49584.38
30084,30105.23
30083,14168.41
30082,15667.14
30081,19544.21
30080,48119.68
30079,55918.59
30078,87489.34
30077,40614.86
30076,38849.59
30075,30079.22
30074,37012.26
30073,27597.09
30072,40791.38
30071,61443.48
30070,59567.39
30069,18030.95
30068,23683.64
30067,19183.88
30066,16057.57
30065,29029.44
30064,55842.16
30063,34961.17
30062,28629.65
30061,18934.13
30060,19864.0
30059,44143.36
30058,64331.99
30057,92973.71
30056,77764.87
30055,44539.75
30054,45779.69
30053,68594.78
30052,31233.4
30051,41848.12
30050,64371.65
30049,54601.5
30048,24748.3
30047,27098.56
30046,46545.82
30045,40755.62
30044,55486.58
30043,93161.49
30042,77328.75
30041,46061.67
30040,48339.89
30039,65378.49
30038,37991.29
30037,73501.22
30036,86450.9
30035,-24.49
30034,26183.11
30033,25505.59
30032,11984.3
30031,36139.46
30030,35779.57
30029,48586.95
30028,46312.78
30027,19757.95
30026,19507.15
30025,40620.39
30024,31181.38
30023,44027.31
30022,69980.11
30021,57904.57
30020,1706.6
30019,22284.09
30018,20894.63
30017,29785.18
30016,31506.52
30015,55022.91
30014,52211.93
30013,30416.4
30012,31184.75
30011,28571.6
30010,61168.93
30009,72500.39
30008,88873.33
30007,63891.76
30006,50463.15
30005,40176.54
30004,47936.93
30003,36786.28
30002,1191.53
30001,81081.16
30000,49526.12
29999,28689.58
29998,37673.65
29997,34311.48
29996,47318.17
29995,56321.02
29994,93504.91
29993,60394.93
29992,24186.98
29991,23821.8
29990,27945.37
29989,26610.39
29988,57111.98
29987,83182.63
29986,64643.8
29985,40876.39
29984,46087.0
29983,52214.41
29982,43620.37
29981,54736.51
29980,80912.98
29979,68282.59
29978,29529.31
29977,28046.99
29976,32998.51
29975,492.12
29974,55429.14
29973,70248.21
29972,56537.74
29971,67677.6
29970,31516.43
29969,32384.31
29968,39560.01
29967,40430.1
29966,52131.34
29965,56814.14
29964,28335.96
29963,49641.21
29962,51058.36
29961,46523.81
29960,54062.97
29959,79308.81
29958,69184.13
29957,40650.09
29956,40857.85
29955,38966.52
29954,54520.59
29953,62523.1
29952,80754.69
29951,61950.53
29950,23420.0
29949,26755.39
29948,26283.92
29947,30597.48
29946,43605.13
29945,48092.38
29944,57304.29
29943,26383.38
29942,21047.58
29941,26565.5
29940,33989.28
29939,33695.51
29938,38089.52
29937,36085.07
29936,38171.6
