33778,29106.9
33777,65591.18
33776,45748.04
33775,12740.81
33774,16521.61
33773,18970.03
33772,17995.8
33771,1374.31
33770,34680.5
33769,26299.59
33768,12655.4
33767,9502.4
33766,13994.53
33765,24784.84
33764,39009.81
33763,53278.91
33762,28786.49
33761,31467.59
33760,19871.03
33759,20020.18
33758,21673.13
33757,29054.79
33756,52484.33
33755,40513.58
33754,13350.08
33753,13798.39
33752,12925.46
33751,12338.27
33750,28955.93
33749,54546.03
33748,28611.63
33747,18876.49
33746,19462.24
33745,18978.98
33744,21550.24
33743,35153.92
33742,51034.09
33741,25362.95
33740,16380.59
33739,17422.41
33738,15810.69
33737,36533.07
33736,57020.98
33735,63014.87
33734,55180.89
33733,48097.51
33732,13108.03
33731,33527.41
33730,23584.56
33729,43315.53
33728,73068.82
33727,48758.53
33726,20283.51
33725,19496.79
33724,18957.43
33723,17519.86
33722,34838.87
33721,55523.91
33720,27596.65
33719,28903.63
33718,17186.57
33717,15566.47
33716,62271.2
33715,64371.98
33714,93350.21
33713,74057.72
33712,45454.9
33711,59903.63
33710,66676.2
33709,35258.88
33708,42128.44
33707,72235.62
33706,51496.12
33705,21102.39
33704,19008.52
33703,44835.01
33702,32525.44
33701,58499.83
33700,95527.04
33699,62578.99
33698,49576.5
33697,51201.92
33696,61957.93
33695,42647.31
33694,71642.46
33693,85074.09
33692,22569.5
33691,19696.32
33690,21355.03
33689,27123.32
33688,33490.95
33687,55292.35
33686,37433.41
33685,16320.41
33684,20818.18
33683,46316.69
33682,38393.53
33681,48911.94
33680,61715.63
33679,59523.37
33678,1848.81
33677,17199.87
33676,22960.49
33675,28449.43
33674,37664.8
33673,44302.77
33672,38604.47
33671,24878.51
33670,20625.55
33669,26250.99
33668,66952.35
33667,71321.25
33666,90097.19
33665,60688.9
33664,41299.19
33663,44185.78
33662,42329.1
33661,41473.51
33660,1519.32
33659,90957.23
33658,44690.43
33657,27677.67
33656,32431.96
33655,34791.87
33654,49766.5
33653,55579.76
33652,80507.15
33651,49744.05
33650,22208.35
33649,22496.84
33648,25018.47
33647,22489.81
33646,65442.06
33645,84669.17
33644,59688.74
33643,50631.4
33642,40372.98
33641,42073.92
33640,37319.73
33639,48246.41
33638,80767.14
33637,65056.2
33636,24584.67
33635,27149.48
33634,32145.98
33633,671.56
33632,60956.72
33631,66648.1
33630,52251.12
33629,52094.84
33628,28155.36
33627,28590.03
33626,41781.87
33625,48337.05
33624,56390.89
33623,47818.09
33622,25072.38
33621,57223.98
33620,57495.61
33619,48848.21
33618,50110.54
33617,81059.34
33616,58629.87
33615,45156.96
33614,43721.93
33613,49763.57
33612,48227.19
33611,69551.82
33610,69129.03
33609,52888.74
33608,20599.82
33607,25203.76
33606,27254.6
33605,37935.33
33604,52491.7
33603,49052.83
33602,49740.63
33601,20251.05
33600,22471.31
33599,24736.8
33598,33071.24
33597,34199.66
33596,41589.44
33595,29824.84
33594,24274.0
