22627,35124.42
22626,59869.67
22625,37643.76
22624,17203.73
22623,15700.84
22622,17610.48
22621,17848.13
22620,960.91
22619,36017.62
22618,22616.52
22617,12405.79
22616,11558.87
22615,12801.86
22614,21628.7
22613,25826.62
22612,39841.25
22611,25580.26
22610,29265.98
22609,17467.51
22608,14369.33
22607,17595.38
22606,2761.5
22605,22933.68
22604,30892.15
22603,12433.43
22602,15449.0
22601,12335.34
22600,14546.86
22599,26726.48
22598,47974.43
22597,30536.58
22596,17093.77
22595,16626.61
22594,16487.1
22593,20641.1
22592,26280.52
22591,52961.09
22590,18518.58
22589,14939.63
22588,17729.68
22587,27246.48
22586,43928.59
22585,45373.38
22584,89274.6
22583,49625.09
22582,31311.39
22581,24333.22
22580,28030.61
22579,20581.7
22578,35622.39
22577,55699.62
22576,39638.13
22575,15942.31
22574,18616.21
22573,16378.65
22572,19433.82
22571,34660.57
22570,58910.35
22569,29498.25
22568,27760.88
22567,23496.31
22566,25210.52
22565,35982.03
22564,49438.19
22563,75283.48
22562,52918.03
22561,32813.42
22560,39877.41
22559,45227.83
22558,32089.86
22557,41043.73
22556,78582.44
22555,54577.73
22554,23434.8
22553,25293.21
22552,48849.35
22551,35333.23
22550,42590.92
22549,85349.86
22548,46467.66
22547,28764.85
22546,29551.06
22545,38625.75
22544,35239.28
22543,68928.52
22542,79756.61
22541,27153.04
22540,24118.19
22539,19815.13
22538,26698.96
22537,33489.76
22536,50183.78
22535,30425.48
22534,595.25
22533,16726.02
22532,28423.38
22531,27283.05
22530,44256.13
22529,61177.63
22528,44911.4
22527,16679.22
22526,15467.83
22525,18662.26
22524,24511.82
22523,29177.89
22522,38090.28
22521,32837.8
22520,15488.1
22519,16665.17
22518,19355.8
22517,29809.82
22516,33757.44
22515,56184.19
22514,35831.36
22513,26070.55
22512,26815.69
22511,27276.23
22510,32676.33
22509,370.08
22508,68268.1
22507,41325.65
22506,22636.12
22505,25397.88
22504,32312.24
22503,38019.36
22502,41959.73
22501,74528.19
22500,44716.58
22499,20945.3
22498,26227.16
22497,22294.62
22496,22380.36
22495,51013.61
22494,62940.02
22493,38688.55
22492,25696.84
22491,24967.74
22490,32338.14
22489,26189.05
22488,41264.26
22487,57918.04
22486,43566.18
22485,20921.49
22484,23139.29
22483,20438.2
22482,509.16
22481,49187.85
22480,50945.15
22479,41319.06
22478,47448.37
22477,20062.49
22476,22026.94
22475,28271.74
22474,34380.31
22473,54703.64
22472,38760.59
22471,21200.39
22470,41490.48
22469,30840.17
22468,34965.18
22467,40281.01
22466,57564.66
22465,41906.98
22464,26238.69
22463,28018.33
22462,33139.82
22461,34584.29
22460,50827.59
22459,55386.4
22458,40534.86
22457,18181.64
22456,21328.63
22455,21922.87
22454,23381.11
22453,34569.04
22452,38649.53
22451,39674.85
22450,19309.0
22449,14596.87
22448,20685.65
22447,25604.08
22446,32717.18
22445,38936.8
22444,30479.69
22443,25666.98
