185249,36331.28
185248,61112.04
185247,48069.3
185246,22855.41
185245,19636.02
185244,26338.93
185243,21191.91
185242,560.19
185241,44473.43
185240,37548.75
185239,14868.07
185238,23355.99
185237,22040.42
185236,32504.19
185235,32067.53
185234,55571.28
185233,34798.1
185232,35663.34
185231,23829.38
185230,23988.88
185229,23479.78
185228,27931.42
185227,55657.87
185226,31952.69
185225,21109.26
185224,21778.42
185223,23772.81
185222,20900.74
185221,36534.82
185220,54094.73
185219,39042.76
185218,17993.67
185217,14722.41
185216,27271.21
185215,33022.39
185214,34885.02
185213,54284.69
185212,31199.11
185211,32780.42
185210,32252.34
185209,31335.77
185208,45834.26
185207,61156.61
185206,93372.91
185205,57413.68
185204,47695.89
185203,33776.11
185202,33323.02
185201,29373.55
185200,39113.1
185199,68564.32
185198,58610.15
185197,25440.95
185196,21927.36
185195,25735.89
185194,23710.39
185193,35730.12
185192,59765.15
185191,42555.25
185190,33051.72
185189,27646.11
185188,28664.56
185187,37204.7
185186,45082.64
185185,82587.21
185184,65330.94
185183,38883.51
185182,50278.21
185181,60036.75
185180,34803.92
185179,40419.97
185178,67148.48
185177,56243.14
185176,29972.51
185175,27000.5
185174,47157.98
185173,34004.76
185172,37962.55
185171,83532.73
185170,75875.61
185169,37296.13
185168,45806.37
185167,2745.16
185166,33169.77
185165,44885.81
185164,73446.07
185163,35288.47
185162,27410.45
185161,24203.36
185160,28360.02
185159,37563.33
185158,53545.08
185157,49634.3
185156,769.19
185155,24598.55
185154,42601.8
185153,43113.47
185152,54339.43
185151,78638.69
185150,67019.41
185149,27807.81
185148,1224.19
185147,435.54
185146,142.53
185145,33956.52
185144,27361.2
185143,33311.09
185142,906.88
185141,27764.62
185140,30298.34
185139,48402.19
185138,56837.43
185137,77809.6
185136,63252.24
185135,31222.38
185134,33444.6
185133,42639.36
185132,31813.44
185131,37854.21
185130,76581.51
185129,48124.82
185128,34669.18
185127,38220.29
185126,37158.68
185125,49419.63
185124,55211.06
185123,89423.66
185122,65849.45
185121,29694.64
185120,28480.84
185119,33729.38
185118,32457.55
185117,57960.55
185116,70516.44
185115,60918.02
185114,32830.0
185113,36040.41
185112,42424.54
185111,36881.25
185110,55706.75
185109,75845.6
185108,74265.62
185107,34069.38
185106,32035.58
185105,41228.57
185104,34176.11
185103,53643.36
185102,74514.97
185101,54375.63
185100,60344.24
185099,32127.21
185098,36175.45
185097,34356.6
185096,40731.23
185095,62538.73
185094,52876.71
185093,31152.72
185092,43173.64
185091,44493.49
185090,45404.95
185089,52711.89
185088,79571.77
185087,59068.02
185086,37894.29
185085,45970.82
185084,48147.09
185083,49467.83
185082,62404.18
185081,77172.46
185080,68772.85
185079,29502.56
185078,28262.14
185077,31789.09
185076,36103.29
185075,42633.15
185074,54160.14
185073,58535.01
185072,30642.45
185071,22950.89
185070,29910.45
185069,35995.07
185068,36120.16
185067,56390.03
185066,41755.25
185065,36016.79
