58893,32751.93
58892,67854.95
58891,60742.27
58890,22132.33
58889,24873.49
58888,25943.27
58887,22928.65
58886,1692.04
58885,47906.8
58884,37135.82
58883,22252.63
58882,18877.74
58881,19327.66
58880,45496.94
58879,48314.6
58878,65468.01
58877,53763.77
58876,49424.4
58875,31952.97
58874,36230.5
58873,45004.46
58872,44063.54
58871,721.59
58870,18802.95
58869,18546.68
58868,24253.03
58867,32410.55
58866,24704.81
58865,39416.91
58864,67693.98
58863,44556.68
58862,23120.53
58861,23106.44
58860,27032.0
58859,31444.05
58858,16305.52
58857,51392.86
58856,51232.52
58855,11829.91
58854,30360.47
58853,28914.83
58852,63766.44
58851,69852.72
58850,97151.37
58849,53989.21
58848,47547.21
58847,38148.82
58846,47373.77
58845,34205.22
58844,53079.4
58843,68709.44
58842,62683.28
58841,26575.06
58840,26904.87
58839,20193.48
58838,28706.66
58837,38790.18
58836,67468.7
58835,46272.65
58834,38938.59
58833,30239.02
58832,34075.29
58831,65416.04
58830,57885.0
58829,108051.7
58828,95482.21
58827,58471.51
58826,63030.95
58825,87953.5
58824,46543.89
58823,61153.78
58822,89827.71
58821,61143.5
58820,28565.04
58819,34284.41
58818,65878.73
58817,55451.59
58816,71233.58
58815,100866.27
58814,72993.07
58813,50044.33
58812,60389.56
58811,76535.75
58810,61417.45
58809,83686.92
58808,114010.95
58807,-36.86
58806,32201.2
58805,32050.63
58804,36659.85
58803,37323.24
58802,50251.35
58801,70082.35
58800,54364.81
58799,2253.3
58798,31865.81
58797,54690.94
58796,41449.56
58795,63946.72
58794,87591.5
58793,83355.77
58792,35009.37
58791,2603.52
58790,1666.76
58789,447.6
58788,53055.75
58787,73637.72
58786,64477.39
58785,1523.84
58784,36112.85
58783,41033.05
58782,74547.0
58781,83651.53
58780,112756.38
58779,86110.25
58778,59013.9
58777,57611.32
58776,64552.17
58775,61739.87
58774,74543.06
58773,98018.47
58772,61729.36
58771,39415.18
58770,39184.37
58769,47906.63
58768,64630.92
58767,79934.3
58766,126120.56
58765,72940.23
58764,33133.15
58763,38020.52
58762,43990.49
58761,44537.71
58760,82327.87
58759,98009.2
58758,80139.94
58757,55625.09
58756,52921.73
58755,63211.72
58754,58473.37
58753,66468.46
58752,95891.55
58751,108563.38
58750,40656.99
58749,42277.7
58748,49501.86
58747,67872.72
58746,85777.47
58745,95004.58
58744,77740.04
58743,97462.86
58742,45355.12
58741,44255.46
58740,51719.31
58739,57604.08
58738,74517.18
58737,68965.93
58736,41520.86
58735,75377.51
58734,66057.71
58733,61665.02
58732,78280.89
58731,102409.88
58730,84171.84
58729,57713.41
58728,61608.41
58727,59132.46
58726,72497.52
58725,94785.51
58724,123073.35
58723,78722.17
58722,40819.86
58721,46253.21
58720,46322.86
58719,50690.04
58718,72871.15
58717,69083.0
58716,71493.34
58715,38105.94
58714,31095.33
58713,49673.16
58712,49560.16
58711,56314.09
58710,67881.25
58709,51061.77
58708,36592.07
