172415,17685.08
172414,26653.36
172413,13114.67
172412,4898.16
172411,9283.2
172410,7335.91
172409,7549.57
172408,1323.92
172407,16458.58
172406,8297.98
172405,6728.3
172404,8060.42
172403,7179.14
172402,11021.39
172401,12686.13
172400,19480.35
172399,8313.77
172398,16234.73
172397,8470.13
172396,7301.57
172395,4772.58
172394,11439.09
172393,20232.33
172392,12063.0
172391,5343.53
172390,5041.16
172389,5082.26
172388,7595.66
172387,12469.96
172386,18351.83
172385,11585.27
172384,6920.69
172383,9192.38
172382,8744.83
172381,13126.17
172380,13777.83
172379,19480.8
172378,7275.11
172377,10232.6
172376,7627.21
172375,10678.64
172374,16688.08
172373,22591.22
172372,40538.48
172371,19432.37
172370,12894.29
172369,11748.44
172368,10858.52
172367,9224.32
172366,17337.79
172365,27514.89
172364,13159.42
172363,7885.69
172362,6576.37
172361,8195.89
172360,9145.03
172359,19881.15
172358,27025.24
172357,10990.6
172356,9907.19
172355,8790.86
172354,12732.92
172353,17024.27
172352,23744.94
172351,37882.38
172350,16472.44
172349,15236.3
172348,12089.17
172347,4114.36
172346,476.56
172345,8397.72
172344,20887.84
172343,13312.71
172342,9099.77
172341,9680.52
172340,15592.69
172339,15371.45
172338,19134.92
172337,41808.06
172336,17358.78
172335,12491.89
172334,13940.12
172333,18376.35
172332,20867.48
172331,40864.37
172330,40502.9
172329,9549.01
172328,7437.19
172327,7910.49
172326,8896.49
172325,20201.73
172324,24326.66
172323,12641.95
172322,979.16
172321,8316.8
172320,18975.64
172319,19330.93
172318,22885.24
172317,31829.57
172316,22775.98
172315,8084.59
172314,9556.42
172313,9068.41
172312,9554.45
172311,13875.59
172310,27680.96
172309,15913.73
172308,8569.18
172307,9827.73
172306,9084.42
172305,14069.05
172304,21841.86
172303,29761.06
172302,19553.23
172301,11779.16
172300,14376.29
172299,12839.35
172298,13661.04
172297,344.75
172296,33489.84
172295,17746.51
172294,10623.79
172293,14704.91
172292,15062.26
172291,21826.44
172290,28642.87
172289,41372.44
172288,15163.58
172287,10116.72
172286,14359.43
172285,12430.93
172284,12958.18
172283,25740.15
172282,28507.61
172281,17071.97
172280,13649.95
172279,15299.42
172278,16462.27
172277,15858.43
172276,21003.25
172275,27457.05
172274,21999.85
172273,10165.08
172272,9016.2
172271,13097.8
172270,161.99
172269,14764.29
172268,29061.03
172267,15491.84
172266,21166.05
172265,11932.88
172264,12910.69
172263,13844.31
172262,16428.52
172261,26324.15
172260,14278.7
172259,11106.89
172258,14955.75
172257,15288.65
172256,15547.98
172255,18245.38
172254,27372.43
172253,14618.25
172252,15104.38
172251,12897.09
172250,12605.97
172249,18264.85
172248,22654.6
172247,30880.58
172246,13672.99
172245,9797.33
172244,10369.51
172243,10711.52
172242,11129.56
172241,18725.63
172240,18551.08
172239,13548.71
172238,8979.34
172237,6556.17
172236,10299.22
172235,13917.56
172234,13906.12
172233,21078.82
172232,11939.51
172231,8910.83
