18398,26645.3
18397,55256.84
18396,48225.79
18395,10982.37
18394,13380.17
18393,15761.1
18392,17378.75
18391,2058.23
18390,33048.2
18389,26392.75
18388,9104.53
18387,12568.52
18386,14392.38
18385,23087.46
18384,30545.11
18383,44060.22
18382,32443.52
18381,24867.97
18380,18140.61
18379,21316.95
18378,20819.2
18377,24352.44
18376,43177.71
18375,37634.79
18374,14012.73
18373,12455.19
18372,14153.06
18371,14853.96
18370,28746.19
18369,44165.17
18368,30437.31
18367,17669.25
18366,15860.45
18365,15710.01
18364,20222.46
18363,24523.01
18362,42219.41
18361,28884.86
18360,10171.81
18359,12504.4
18358,14227.2
18357,37711.65
18356,57817.03
18355,63749.7
18354,48876.81
18353,38292.37
18352,19183.71
18351,28570.81
18350,22035.55
18349,36745.32
18348,52252.64
18347,47242.29
18346,19223.48
18345,18555.15
18344,17527.47
18343,13566.35
18342,33115.65
18341,54756.83
18340,35732.5
18339,33374.4
18338,17241.08
18337,17811.31
18336,45854.25
18335,59196.89
18334,86027.59
18333,72392.09
18332,39507.56
18331,50155.94
18330,66673.61
18329,27412.86
18328,41413.33
18327,59982.27
18326,53657.67
18325,17416.09
18324,18616.19
18323,46438.18
18322,32718.25
18321,45734.98
18320,72030.22
18319,53066.8
18318,35714.4
18317,38038.98
18316,49093.91
18315,37375.23
18314,52753.63
18313,83214.71
18312,21054.89
18311,22168.32
18310,20120.42
18309,27025.72
18308,32248.13
18307,45758.92
18306,33252.47
18305,640.85
18304,16041.99
18303,28459.39
18302,29896.46
18301,39659.01
18300,42668.03
18299,46363.3
18298,14262.08
18297,903.21
18296,514.41
18295,163.87
18294,31296.13
18293,45538.75
18292,40462.97
18291,541.04
18290,18682.86
18289,19877.06
18288,54326.87
18287,56013.69
18286,70331.44
18285,53989.53
18284,32390.64
18283,38154.81
18282,40361.01
18281,31696.59
18280,47932.16
18279,72051.25
18278,44005.82
18277,23167.46
18276,24677.02
18275,32412.88
18274,40415.95
18273,51456.59
18272,76320.45
18271,47663.26
18270,19476.13
18269,18337.57
18268,24038.1
18267,22671.95
18266,56885.93
18265,71103.99
18264,58075.28
18263,33426.93
18262,35446.57
18261,35706.06
18260,34240.89
18259,40573.25
18258,73588.43
18257,60407.21
18256,20583.11
18255,27523.29
18254,26784.2
18253,45244.54
18252,58591.79
18251,65073.0
18250,50856.01
18249,54464.48
18248,26737.08
18247,25627.88
18246,37498.06
18245,43673.42
18244,49203.37
18243,48418.45
18242,17134.42
18241,46987.3
18240,39047.18
18239,37221.37
18238,41656.97
18237,61151.55
18236,49439.93
18235,34517.11
18234,34589.13
18233,39139.73
18232,42354.76
18231,50438.15
18230,62215.95
18229,50456.84
18228,31192.07
18227,42212.1
18226,22527.51
18225,29346.62
18224,41822.69
18223,47004.38
18222,48503.53
18221,21031.25
18220,15601.95
18219,23943.31
18218,30662.72
18217,32858.6
18216,33566.59
18215,28085.29
18214,25088.73
