104760,31598.8
104759,57817.2
104758,63228.32
104757,19627.54
104756,20200.0
104755,18973.43
104754,21790.01
104753,931.61
104752,42627.28
104751,39608.43
104750,11627.8
104749,16499.54
104748,16405.51
104747,27873.2
104746,34186.49
104745,46125.94
104744,35224.72
104743,31143.26
104742,21557.48
104741,18111.38
104740,19721.85
104739,26733.29
104738,44114.57
104737,38171.95
104736,11704.54
104735,12695.04
104734,13633.95
104733,17914.36
104732,30777.0
104731,40981.61
104730,30338.11
104729,18899.06
104728,21396.67
104727,22374.88
104726,29551.46
104725,34071.95
104724,46623.04
104723,32496.63
104722,22675.36
104721,22353.84
104720,25211.39
104719,50068.86
104718,59470.45
104717,79775.61
104716,58023.21
104715,45701.89
104714,27758.58
104713,27862.52
104712,23700.91
104711,43770.75
104710,64152.88
104709,49923.93
104708,21336.66
104707,19179.08
104706,25600.76
104705,19558.8
104704,37197.49
104703,51948.09
104702,39457.02
104701,34501.45
104700,22439.15
104699,24874.52
104698,48631.91
104697,54413.98
104696,73811.01
104695,65033.5
104694,36238.24
104693,39678.22
104692,55868.54
104691,34830.63
104690,40704.18
104689,69280.07
104688,60957.87
104687,24164.65
104686,25643.4
104685,48948.87
104684,45396.2
104683,53190.22
104682,75966.76
104681,63174.99
104680,37019.06
104679,39039.42
104678,46497.16
104677,43793.41
104676,68184.1
104675,86270.59
104674,-51.49
104673,27134.99
104672,22820.55
104671,26325.34
104670,32106.97
104669,35765.54
104668,54783.22
104667,44601.77
104666,626.5
104665,24915.65
104664,42519.21
104663,35618.26
104662,50840.81
104661,76372.4
104660,70424.55
104659,21698.72
104658,24871.13
104657,21412.1
104656,29029.88
104655,42050.43
104654,47889.61
104653,46193.08
104652,23264.02
104651,22653.25
104650,29381.36
104649,51967.92
104648,53003.93
104647,69916.87
104646,57607.59
104645,26503.93
104644,32790.57
104643,32599.43
104642,35162.42
104641,835.96
104640,78357.6
104639,50085.69
104638,25565.25
104637,32014.19
104636,33765.34
104635,50635.68
104634,64996.11
104633,100605.09
104632,65437.46
104631,24173.36
104630,25182.09
104629,30821.26
104628,27198.2
104627,55433.78
104626,69414.63
104625,56454.41
104624,30502.31
104623,34718.72
104622,39656.47
104621,34947.64
104620,46953.79
104619,70744.13
104618,63642.77
104617,23918.26
104616,24069.02
104615,25997.99
104614,627.79
104613,48990.32
104612,69393.23
104611,51848.86
104610,61530.85
104609,22980.6
104608,23448.67
104607,36466.25
104606,36706.54
104605,60310.66
104604,55945.11
104603,26102.66
104602,45354.56
104601,44602.65
104600,43810.73
104599,51204.24
104598,81896.33
104597,67660.18
104596,36964.09
104595,46870.95
104594,46408.61
104593,46698.89
104592,61700.58
104591,76373.6
104590,61532.53
104589,30454.48
104588,35645.85
104587,34753.01
104586,32439.61
104585,59847.36
104584,62431.6
104583,69032.74
104582,27065.32
104581,23007.94
104580,31126.17
104579,32456.35
104578,41627.38
104577,58538.07
104576,48359.22
104575,32188.65
