182754,21853.16
182753,33472.25
182752,15159.72
182751,6698.15
182750,9531.23
182749,13088.83
182748,6723.94
182747,552.31
182746,25324.74
182745,9261.79
182744,6097.62
182743,8464.92
182742,7907.36
182741,17550.17
182740,16874.21
182739,25528.17
182738,11721.47
182737,18888.64
182736,16303.53
182735,14091.72
182734,16510.99
182733,11626.87
182732,33114.0
182731,10223.55
182730,6506.38
182729,10968.53
182728,10316.03
182727,8764.06
182726,19970.63
182725,25011.2
182724,11890.11
182723,11796.64
182722,13829.48
182721,11952.31
182720,14199.06
182719,18039.8
182718,30868.8
182717,8898.19
182716,14741.18
182715,18123.87
182714,15125.11
182713,29735.89
182712,34147.22
182711,48715.21
182710,15906.48
182709,34599.84
182708,18245.62
182707,20642.1
182706,10182.49
182705,22865.5
182704,38885.15
182703,14971.27
182702,15784.27
182701,12290.74
182700,12739.12
182699,15347.36
182698,18238.96
182697,33951.22
182696,11365.68
182695,17645.54
182694,13670.2
182693,13628.07
182692,30424.06
182691,33436.53
182690,53477.91
182689,19927.3
182688,24980.24
182687,34186.76
182686,42773.55
182685,20845.87
182684,25342.99
182683,37579.79
182682,11712.24
182681,10450.18
182680,12028.38
182679,28837.69
182678,23144.19
182677,35682.66
182676,50360.11
182675,18013.65
182674,24605.99
182673,26147.27
182672,33648.01
182671,30492.74
182670,39492.06
182669,59378.85
182668,12049.6
182667,12549.58
182666,15616.07
182665,19920.39
182664,21478.75
182663,27851.0
182662,15175.09
182661,545.34
182660,12865.79
182659,24470.97
182658,21246.38
182657,31782.56
182656,45417.97
182655,21398.95
182654,13413.84
182653,680.81
182652,750.13
182651,121.56
182650,18021.47
182649,36894.5
182648,13759.41
182647,608.79
182646,14133.7
182645,16842.73
182644,34916.27
182643,31886.5
182642,44139.86
182641,21312.36
182640,21223.33
182639,26745.55
182638,22703.3
182637,21730.07
182636,28857.55
182635,37382.44
182634,14355.53
182633,17548.53
182632,17572.67
182631,18724.62
182630,31008.5
182629,37348.38
182628,58198.11
182627,17861.25
182626,15715.65
182625,13195.26
182624,13897.62
182623,16819.08
182622,38749.21
182621,42922.7
182620,18346.14
182619,24597.02
182618,25293.92
182617,27215.03
182616,21891.66
182615,33585.36
182614,50822.12
182613,21464.99
182612,14826.06
182611,19710.36
182610,17439.56
182609,28399.01
182608,24263.07
182607,34643.96
182606,14000.89
182605,40041.48
182604,19376.91
182603,16499.08
182602,23736.86
182601,26828.08
182600,39118.58
182599,16939.48
182598,20559.5
182597,31077.27
182596,28546.37
182595,27969.28
182594,32850.86
182593,48037.37
182592,18570.64
182591,20492.86
182590,27229.53
182589,30774.76
182588,28879.99
182587,44948.09
182586,58323.53
182585,20844.0
182584,17339.79
182583,20266.22
182582,18159.09
182581,20970.68
182580,29979.55
182579,33282.16
182578,18461.54
182577,14936.01
182576,12319.06
182575,17202.18
182574,19698.08
182573,22901.73
182572,29084.28
182571,14330.04
182570,17664.7
