210067,14863.67
210066,24511.68
210065,18019.2
210064,12215.61
210063,10010.3
210062,8377.45
210061,8967.69
210060,470.16
210059,17836.1
210058,13429.44
210057,9803.43
210056,7641.08
210055,6133.55
210054,11601.85
210053,13573.57
210052,20216.69
210051,12925.02
210050,19676.14
210049,9293.81
210048,11636.15
210047,12574.22
210046,11388.08
210045,24481.58
210044,15094.2
210043,10002.19
210042,8680.54
210041,8238.73
210040,9812.69
210039,11702.88
210038,18264.74
210037,8559.96
210036,8904.27
210035,11976.65
210034,10740.82
210033,15380.59
210032,15207.26
210031,19664.69
210030,11103.12
210029,9050.15
210028,9725.26
210027,13876.61
210026,23311.51
210025,25172.43
210024,37329.24
210023,24335.47
210022,21902.1
210021,13115.6
210020,10230.95
210019,7472.31
210018,15876.31
210017,23814.88
210016,17432.35
210015,12094.56
210014,11072.02
210013,12807.73
210012,10866.17
210011,17129.07
210010,28215.95
210009,14568.55
210008,14159.92
210007,11561.44
210006,14672.9
210005,24011.5
210004,22032.26
210003,32374.35
210002,22771.13
210001,13718.32
210000,17242.52
209999,21397.91
209998,15288.25
209997,19341.71
209996,28041.52
209995,23202.93
209994,9960.76
209993,12567.13
209992,19761.62
209991,18273.65
209990,22375.81
209989,30257.08
209988,22763.85
209987,16101.23
209986,18489.98
209985,19773.0
209984,16398.02
209983,25550.44
209982,29809.33
209981,9796.21
209980,11541.21
209979,10542.14
209978,16038.54
209977,16929.27
209976,22739.8
209975,20480.13
209974,11501.5
209973,11451.39
209972,17609.4
209971,18145.09
209970,22489.27
209969,30585.57
209968,27975.58
209967,12457.32
209966,11485.18
209965,12419.4
209964,14601.2
209963,22520.98
209962,18888.6
209961,10343.78
209960,9423.69
209959,11957.89
209958,19943.31
209957,18440.69
209956,34497.12
209955,24364.39
209954,15264.53
209953,14652.94
209952,15879.09
209951,14887.14
209950,30014.55
209949,19792.76
209948,14863.2
209947,13514.42
209946,14828.4
209945,15062.23
209944,25696.38
209943,35403.53
209942,23004.17
209941,9624.8
209940,11492.85
209939,15320.62
209938,14468.37
209937,25441.64
209936,32383.83
209935,23203.78
209934,18055.73
209933,15403.77
209932,17882.64
209931,14071.28
209930,21039.94
209929,28799.35
209928,25064.69
209927,11511.94
209926,14638.25
209925,16204.14
209924,21726.25
209923,26340.58
209922,21589.64
209921,28353.04
209920,14650.86
209919,17930.02
209918,14904.01
209917,22367.09
209916,25314.23
209915,20899.21
209914,17101.94
209913,21700.13
209912,20374.95
209911,20507.18
209910,23089.81
209909,28825.85
209908,22300.77
209907,16544.69
209906,15655.49
209905,19150.8
209904,19943.91
209903,23042.53
209902,28024.18
209901,19533.23
209900,9893.44
209899,11718.12
209898,16160.13
209897,16792.24
209896,19741.03
209895,17815.38
209894,25221.34
209893,12758.89
209892,12260.43
209891,13895.4
209890,14285.63
209889,15278.68
209888,21735.47
209887,18055.09
209886,11926.98
