176442,34636.65
176441,47155.35
176440,32055.17
176439,19985.19
176438,16366.41
176437,14735.31
176436,17930.69
176435,921.33
176434,37957.69
176433,21519.78
176432,10991.27
176431,11934.79
176430,12052.1
176429,25959.0
176428,27551.26
176427,45043.19
176426,23853.77
176425,25766.33
176424,17878.69
176423,11157.5
176422,14709.2
176421,19923.23
176420,41419.01
176419,26560.74
176418,13770.89
176417,13088.54
176416,11490.35
176415,12052.61
176414,25302.42
176413,39213.09
176412,26810.27
176411,14232.94
176410,15320.98
176409,16158.62
176408,19704.92
176407,28007.1
176406,38919.69
176405,23036.02
176404,10886.73
176403,11438.66
176402,18380.28
176401,36057.2
176400,48188.73
176399,68817.63
176398,20133.52
176397,33392.17
176396,18818.5
176395,27044.01
176394,21562.41
176393,33574.57
176392,49791.16
176391,39917.05
176390,16020.48
176389,19162.51
176388,3901.46
176387,13324.57
176386,29739.9
176385,48447.18
176384,25419.55
176383,23159.58
176382,11350.34
176381,15063.61
176380,33848.69
176379,50291.84
176378,73243.04
176377,53434.75
176376,34743.48
176375,37482.16
176374,45631.26
176373,26996.34
176372,34818.58
176371,57528.7
176370,40267.76
176369,18412.47
176368,16468.52
176367,36245.12
176366,35412.87
176365,41678.48
176364,70623.04
176363,50902.95
176362,28100.52
176361,29758.9
176360,40946.31
176359,40416.51
176358,64024.85
176357,63516.66
176356,-24.09
176355,22819.75
176354,17857.13
176353,16932.98
176352,20891.7
176351,31270.65
176350,44981.49
176349,29393.3
176348,393.08
176347,14891.24
176346,29088.85
176345,31136.91
176344,39157.8
176343,58301.38
176342,38207.78
176341,14316.11
176340,17265.14
176339,15629.22
176338,22693.49
176337,28175.52
176336,42078.04
176335,34608.39
176334,22319.9
176333,24066.08
176332,19246.3
176331,40367.64
176330,49222.88
176329,58025.09
176328,34726.75
176327,28975.23
176326,23356.73
176325,22246.43
176324,32803.04
176323,294.51
176322,70530.8
176321,43159.25
176320,19963.09
176319,19886.38
176318,28229.05
176317,32775.13
176316,44894.82
176315,57212.5
176314,46661.59
176313,15643.07
176312,19420.04
176311,17616.64
176310,24547.07
176309,48480.33
176308,67266.72
176307,40455.62
176306,29400.32
176305,29981.32
176304,37510.88
176303,32231.63
176302,45388.28
176301,49500.26
176300,40621.48
176299,18742.31
176298,20650.6
176297,21450.66
176296,890.28
176295,37402.04
176294,50360.31
176293,33189.39
176292,37393.05
176291,22209.35
176290,25219.7
176289,25524.19
176288,33303.21
176287,55370.25
176286,27140.39
176285,20090.98
176284,35230.38
176283,36101.21
176282,35854.0
176281,47307.3
176280,57515.84
176279,35060.54
176278,32457.26
176277,29011.47
176276,35306.96
176275,39899.55
176274,45856.61
176273,48809.13
176272,34477.7
176271,18395.1
176270,20022.13
176269,22219.66
176268,24437.78
176267,41411.99
176266,33176.74
176265,33073.14
176264,17678.28
176263,15994.3
176262,17094.41
176261,22939.91
176260,29205.89
176259,32950.76
176258,26086.0
176257,16846.92
