42589,12718.0
42588,29867.23
42587,24704.77
42586,12787.54
42585,11335.97
42584,12623.79
42583,11948.28
42582,1508.01
42581,18026.17
42580,20002.51
42579,12384.58
42578,11609.01
42577,11927.95
42576,19356.22
42575,25990.68
42574,30065.57
42573,21516.97
42572,17747.58
42571,19238.18
42570,18459.4
42569,15447.89
42568,14354.36
42567,29804.97
42566,27766.48
42565,12121.9
42564,10999.37
42563,13798.89
42562,11314.27
42561,19863.88
42560,28794.48
42559,24586.79
42558,9570.72
42557,12472.91
42556,16757.11
42555,16872.62
42554,21772.4
42553,28266.04
42552,18666.09
42551,7212.32
42550,9508.28
42549,11823.25
42548,23212.92
42547,28456.47
42546,40438.62
42545,21174.27
42544,24057.54
42543,18418.43
42542,21598.77
42541,13640.75
42540,9539.32
42539,35387.13
42538,31329.18
42537,13450.46
42536,13252.14
42535,9930.92
42534,12864.91
42533,17236.8
42532,27288.01
42531,18819.84
42530,18872.16
42529,9522.98
42528,13925.06
42527,25868.12
42526,33699.73
42525,53452.23
42524,51540.51
42523,32285.69
42522,34298.81
42521,43995.51
42520,23387.63
42519,27910.29
42518,35753.04
42517,34169.14
42516,15040.53
42515,16823.5
42514,31887.66
42513,29093.39
42512,33030.46
42511,53574.51
42510,45953.46
42509,28584.74
42508,28654.55
42507,33675.43
42506,19823.91
42505,33010.05
42504,46869.98
42503,-16.8
42502,15914.85
42501,15695.35
42500,11207.77
42499,15404.34
42498,18315.36
42497,21304.79
42496,22203.35
42495,13013.01
42494,11043.28
42493,17222.13
42492,17268.27
42491,23599.12
42490,34821.09
42489,27451.24
42488,1358.11
42487,14917.17
42486,13984.74
42485,18879.14
42484,16272.32
42483,27329.73
42482,27526.67
42481,20288.11
42480,16747.4
42479,18098.62
42478,34067.88
42477,30591.47
42476,46070.21
42475,40202.56
42474,26669.6
42473,25210.58
42472,28876.31
42471,26293.22
42470,620.84
42469,46534.76
42468,28750.83
42467,20236.13
42466,21530.47
42465,25413.39
42464,29842.44
42463,35399.57
42462,48624.89
42461,29656.59
42460,14459.26
42459,16890.47
42458,16229.1
42457,18953.98
42456,37095.54
42455,46448.1
42454,45133.46
42453,27262.67
42452,30453.0
42451,34205.68
42450,21616.54
42449,32070.15
42448,41176.8
42447,42183.14
42446,20367.26
42445,21117.53
42444,21973.67
42443,350.73
42442,32484.99
42441,50543.95
42440,34243.62
42439,40026.79
42438,31729.86
42437,24280.68
42436,30778.38
42435,42164.63
42434,41920.03
42433,35014.59
42432,21651.31
42431,37641.61
42430,41161.6
42429,30182.3
42428,39449.68
42427,47130.8
42426,53287.8
42425,36991.98
42424,32909.91
42423,32667.15
42422,32713.15
42421,41184.34
42420,47986.02
42419,38925.99
42418,22922.27
42417,21908.75
42416,15880.92
42415,21326.49
42414,26651.22
42413,30930.37
42412,33832.78
42411,21048.34
42410,14306.51
42409,17838.09
42408,23970.74
42407,20509.77
42406,29395.48
42405,26261.52
42404,11839.49
