136965,30007.98
136964,47666.03
136963,27359.76
136962,15050.27
136961,15716.72
136960,15258.84
136959,14510.01
136958,1169.03
136957,29675.78
136956,19766.01
136955,11683.74
136954,9186.25
136953,10838.82
136952,18245.19
136951,19983.26
136950,30090.56
136949,28037.7
136948,27175.99
136947,14651.25
136946,15805.42
136945,16756.97
136944,19392.59
136943,42519.15
136942,21281.04
136941,9746.42
136940,13296.52
136939,10342.42
136938,13599.93
136937,17608.03
136936,39476.96
136935,29670.54
136934,15628.03
136933,8276.36
136932,14096.33
136931,16863.51
136930,20379.47
136929,35689.08
136928,16042.17
136927,11794.34
136926,14002.4
136925,18315.59
136924,29205.57
136923,35266.57
136922,79211.85
136921,48727.64
136920,34888.55
136919,22518.52
136918,22672.16
136917,17916.26
136916,30460.12
136915,59313.49
136914,36433.37
136913,15537.0
136912,12615.26
136911,14678.97
136910,15241.9
136909,26905.8
136908,48896.6
136907,29206.5
136906,18869.56
136905,16818.17
136904,16146.2
136903,33430.71
136902,43373.39
136901,69385.07
136900,48999.11
136899,25268.69
136898,30182.78
136897,38808.66
136896,25041.51
136895,31948.17
136894,48155.42
136893,31778.54
136892,9511.86
136891,13395.64
136890,26480.78
136889,21997.34
136888,35689.88
136887,58732.9
136886,46159.3
136885,21297.72
136884,20912.5
136883,17262.7
136882,23731.93
136881,36064.7
136880,53798.35
136879,19200.08
136878,13508.89
136877,10624.34
136876,15386.51
136875,24463.89
136874,43778.93
136873,26443.84
136872,12200.21
136871,12358.86
136870,23899.92
136869,21391.33
136868,33712.46
136867,52141.64
136866,42302.55
136865,1211.85
136864,11517.86
136863,15626.73
136862,21357.32
136861,23218.22
136860,44107.76
136859,23734.96
136858,11463.23
136857,13913.6
136856,14344.58
136855,31158.83
136854,38994.79
136853,56926.7
136852,41973.52
136851,23743.55
136850,14893.88
136849,20810.84
136848,17416.81
136847,894.95
136846,57016.45
136845,34340.58
136844,19710.28
136843,18255.95
136842,20099.73
136841,26247.17
136840,33679.52
136839,53942.2
136838,39285.54
136837,16648.83
136836,17919.57
136835,15597.69
136834,21756.94
136833,38575.77
136832,55533.65
136831,40068.23
136830,25831.27
136829,27922.32
136828,27624.51
136827,27247.88
136826,37166.27
136825,55086.03
136824,40995.92
136823,18161.66
136822,20689.1
136821,23593.79
136820,256.8
136819,33082.65
136818,47282.23
136817,38333.44
136816,37737.73
136815,18697.86
136814,21986.03
136813,22351.12
136812,30472.64
136811,38217.21
136810,34582.6
136809,22530.63
136808,32880.72
136807,34561.38
136806,33205.54
136805,45458.44
136804,56549.23
136803,42716.71
136802,29544.23
136801,31718.67
136800,27144.52
136799,35094.83
136798,38496.08
136797,43007.29
136796,35716.57
136795,19142.85
136794,23798.31
136793,23002.85
136792,25671.0
136791,32827.27
136790,34660.85
136789,30247.03
136788,21294.64
136787,14128.64
136786,20179.5
136785,24517.68
136784,26925.79
136783,26884.17
136782,20710.26
136781,16290.22
