73705,32653.69
73704,69721.51
73703,50395.06
73702,12265.46
73701,16021.29
73700,16447.21
73699,18615.98
73698,991.33
73697,29266.02
73696,25797.92
73695,8989.07
73694,7993.66
73693,12673.36
73692,42317.52
73691,45627.94
73690,60672.26
73689,37804.65
73688,39653.38
73687,26501.65
73686,25142.78
73685,27931.2
73684,24555.46
73683,13057.48
73682,50005.49
73681,13324.68
73680,15872.57
73679,17134.43
73678,16555.25
73677,33758.46
73676,58424.14
73675,35815.95
73674,20478.01
73673,21812.12
73672,21721.74
73671,25083.88
73670,31775.44
73669,50694.13
73668,36246.66
73667,16192.18
73666,11778.35
73665,19974.59
73664,55016.7
73663,54148.87
73662,79351.01
73661,57176.9
73660,41006.11
73659,24288.89
73658,37256.55
73657,32121.78
73656,57166.53
73655,82852.34
73654,67451.73
73653,19829.57
73652,22504.36
73651,24125.81
73650,16814.04
73649,33383.93
73648,56863.2
73647,43720.42
73646,38671.29
73645,20780.62
73644,14321.72
73643,59536.89
73642,63939.68
73641,117132.82
73640,91647.75
73639,56078.93
73638,67959.02
73637,86653.01
73636,39037.08
73635,48690.6
73634,72511.06
73633,59358.49
73632,18526.15
73631,16120.67
73630,62940.86
73629,47549.63
73628,62059.22
73627,96843.35
73626,70933.03
73625,48996.47
73624,53552.28
73623,73551.14
73622,53135.17
73621,77440.46
73620,101254.65
73619,24254.71
73618,21215.97
73617,24731.66
73616,28686.2
73615,36692.84
73614,56838.71
73613,38455.91
73612,961.36
73611,19895.13
73610,43897.06
73609,37084.31
73608,53761.71
73607,72362.62
73606,71363.51
73605,17828.7
73604,25238.09
73603,19472.62
73602,28495.49
73601,41340.65
73600,55348.53
73599,48023.51
73598,26539.11
73597,28566.97
73596,23667.38
73595,81360.56
73594,83421.13
73593,104295.75
73592,72892.65
73591,50474.29
73590,53065.8
73589,50297.33
73588,48581.97
73587,2094.59
73586,105871.94
73585,49247.9
73584,32278.59
73583,34743.51
73582,31204.57
73581,59850.62
73580,70056.86
73579,98297.76
73578,61300.96
73577,22921.89
73576,27243.22
73575,21567.88
73574,24255.46
73573,77716.69
73572,101611.05
73571,71796.62
73570,43433.57
73569,47605.72
73568,47618.47
73567,46611.37
73566,61213.17
73565,88952.55
73564,87504.19
73563,23374.56
73562,29584.53
73561,32519.72
73560,725.28
73559,64866.06
73558,71337.23
73557,55280.48
73556,62600.5
73555,24414.78
73554,27848.96
73553,46119.6
73552,47579.64
73551,51410.14
73550,59496.75
73549,20645.54
73548,71822.31
73547,65454.36
73546,51027.12
73545,64900.68
73544,89832.47
73543,65900.35
73542,43360.22
73541,55245.98
73540,48834.01
73539,55841.45
73538,68299.73
73537,78308.62
73536,55452.91
73535,19987.08
73534,25191.01
73533,30726.56
73532,40562.52
73531,54857.26
73530,49688.26
73529,56633.66
73528,22450.9
73527,19259.81
73526,28452.74
73525,36156.88
73524,42112.05
73523,45028.19
73522,35098.28
73521,30676.15
