223122,20641.93
223121,28288.58
223120,22123.26
223119,7935.14
223118,12515.4
223117,12041.96
223116,8353.01
223115,1544.41
223114,19685.44
223113,12856.83
223112,6831.69
223111,7389.88
223110,7002.44
223109,12108.01
223108,15343.62
223107,16390.56
223106,19099.56
223105,15371.62
223104,16392.06
223103,8916.95
223102,9551.75
223101,10395.2
223100,20687.51
223099,15549.11
223098,10006.24
223097,10183.37
223096,7965.91
223095,8767.95
223094,13160.61
223093,24312.77
223092,16956.69
223091,7668.3
223090,9941.51
223089,9163.18
223088,11754.83
223087,9896.45
223086,26207.49
223085,15454.9
223084,8906.19
223083,6918.02
223082,13833.45
223081,18316.46
223080,24077.68
223079,40354.37
223078,21773.1
223077,12837.31
223076,9766.59
223075,17361.65
223074,11543.76
223073,19556.9
223072,32491.45
223071,24503.91
223070,12101.26
223069,12346.98
223068,7237.65
223067,11629.62
223066,17866.41
223065,27560.32
223064,14943.55
223063,12356.47
223062,9913.11
223061,11325.41
223060,17717.73
223059,22753.5
223058,39384.48
223057,26901.39
223056,14090.98
223055,15671.52
223054,22250.14
223053,14239.51
223052,21517.64
223051,32960.67
223050,23858.34
223049,8977.15
223048,12989.59
223047,18533.96
223046,14552.44
223045,20881.37
223044,36655.6
223043,26451.67
223042,10944.43
223041,15675.24
223040,18796.81
223039,16361.8
223038,24098.59
223037,37310.66
223036,12035.89
223035,10332.87
223034,11870.28
223033,11140.94
223032,17866.27
223031,30156.58
223030,19438.62
223029,6502.7
223028,10711.66
223027,15983.08
223026,13828.32
223025,17588.89
223024,40344.95
223023,27660.61
223022,1840.45
223021,11347.87
223020,12986.5
223019,14028.57
223018,14000.97
223017,23704.97
223016,16005.72
223015,14937.62
223014,12690.99
223013,14133.82
223012,17754.75
223011,26600.36
223010,33894.26
223009,24576.88
223008,12418.76
223007,13063.04
223006,15312.6
223005,13666.94
223004,981.4
223003,30269.8
223002,26985.67
223001,14323.82
223000,13820.33
222999,13900.11
222998,16180.75
222997,22594.29
222996,37606.49
222995,23383.53
222994,11174.56
222993,11982.37
222992,11545.47
222991,12696.79
222990,26244.78
222989,35347.75
222988,30229.47
222987,17038.01
222986,14160.42
222985,14307.45
222984,14658.55
222983,22016.44
222982,28853.09
222981,28346.41
222980,11878.03
222979,11706.87
222978,16290.71
222977,19559.23
222976,26302.7
222975,30929.77
222974,23988.32
222973,28502.08
222972,13113.09
222971,17941.93
222970,17961.34
222969,20230.86
222968,24959.41
222967,26961.9
222966,13434.84
222965,20263.74
222964,16590.57
222963,18183.71
222962,20474.7
222961,26226.21
222960,26828.16
222959,15974.59
222958,13518.87
222957,14608.24
222956,15809.85
222955,24006.18
222954,26232.95
222953,19131.46
222952,12015.33
222951,15294.01
222950,13956.15
222949,17020.99
222948,21187.52
222947,20290.22
222946,20508.3
222945,13856.2
222944,12869.12
222943,13655.45
222942,15985.84
222941,19677.04
222940,22682.23
222939,14437.87
222938,10057.6
