173948,27552.23
173947,33973.5
173946,21109.11
173945,11281.01
173944,9027.33
173943,9250.21
173942,12830.53
173941,1399.98
173940,26279.48
173939,11998.78
173938,9673.23
173937,7248.04
173936,8411.81
173935,12992.46
173934,18500.78
173933,29258.71
173932,16716.05
173931,16934.6
173930,13978.05
173929,9575.38
173928,12545.29
173927,13259.6
173926,28625.58
173925,12896.39
173924,7277.07
173923,6734.52
173922,8563.71
173921,8035.41
173920,19643.2
173919,31538.48
173918,19194.81
173917,11150.82
173916,13988.47
173915,12091.45
173914,13870.99
173913,14745.99
173912,32160.59
173911,14280.05
173910,9871.14
173909,13928.92
173908,15141.84
173907,28114.49
173906,31497.45
173905,55085.21
173904,26631.66
173903,21777.44
173902,17094.65
173901,17133.69
173900,14074.48
173899,22718.13
173898,40622.73
173897,22255.42
173896,12457.46
173895,11306.07
173894,12926.75
173893,13427.68
173892,17916.0
173891,34243.14
173890,18429.79
173889,14499.56
173888,14104.52
173887,15335.26
173886,22612.54
173885,29282.82
173884,46118.74
173883,28038.2
173882,16834.53
173881,20429.92
173880,23980.34
173879,17445.5
173878,20789.8
173877,39431.96
173876,19995.38
173875,18769.73
173874,16849.39
173873,34562.27
173872,27283.89
173871,28018.98
173870,45820.75
173869,25691.66
173868,16368.19
173867,18699.52
173866,19399.55
173865,22896.21
173864,43590.78
173863,54322.23
173862,9496.79
173861,12505.04
173860,11531.34
173859,12737.43
173858,16923.85
173857,31507.36
173856,21316.06
173855,853.81
173854,15483.43
173853,23125.47
173852,22266.7
173851,26366.44
173850,46598.44
173849,31936.1
173848,12484.65
173847,11704.75
173846,13538.16
173845,13122.11
173844,20249.33
173843,34356.49
173842,23284.8
173841,12310.77
173840,10225.37
173839,11057.23
173838,23967.68
173837,23163.42
173836,33977.9
173835,21004.58
173834,15565.4
173833,16040.0
173832,19506.06
173831,16632.1
173830,508.56
173829,39699.82
173828,21590.4
173827,14777.89
173826,14937.89
173825,18989.38
173824,25759.67
173823,35955.45
173822,48587.51
173821,26346.1
173820,15165.87
173819,14877.5
173818,16350.79
173817,16215.23
173816,30372.44
173815,41378.8
173814,27471.53
173813,19399.87
173812,15909.65
173811,17500.65
173810,19197.21
173809,26565.03
173808,40467.54
173807,28097.98
173806,16136.86
173805,16377.89
173804,16996.54
173803,241.29
173802,31371.96
173801,39272.72
173800,24788.42
173799,27632.76
173798,13241.15
173797,15864.2
173796,16998.85
173795,20049.62
173794,33503.39
173793,21190.07
173792,15535.92
173791,23662.37
173790,19825.09
173789,20975.13
173788,28255.46
173787,39584.47
173786,24552.38
173785,18188.68
173784,20839.95
173783,21770.0
173782,21597.55
173781,31015.36
173780,41993.25
173779,24784.86
173778,14288.31
173777,17769.66
173776,14073.1
173775,18701.68
173774,23870.73
173773,27146.12
173772,23490.74
173771,13183.54
173770,8319.2
173769,14468.48
173768,16563.75
173767,21952.54
173766,29753.15
173765,17094.49
173764,17145.83
