75051,29899.34
75050,41289.99
75049,36848.12
75048,15386.24
75047,19085.54
75046,20257.65
75045,18437.5
75044,710.61
75043,33724.8
75042,24788.63
75041,11250.49
75040,14377.35
75039,18162.3
75038,26597.45
75037,19957.53
75036,46815.6
75035,27193.27
75034,28197.82
75033,19754.4
75032,19719.97
75031,26671.4
75030,1104.55
75029,7629.85
75028,20620.95
75027,15499.23
75026,13125.63
75025,15833.34
75024,17592.18
75023,30632.17
75022,46748.91
75021,27059.88
75020,17666.38
75019,18323.4
75018,19000.1
75017,22918.24
75016,26513.44
75015,45678.21
75014,25991.52
75013,13248.68
75012,18352.65
75011,21296.81
75010,38933.6
75009,42581.24
75008,72630.93
75007,46183.39
75006,10056.56
75005,20990.54
75004,27659.06
75003,23882.43
75002,31733.84
75001,54327.6
75000,39004.89
74999,19059.53
74998,17915.74
74997,11011.99
74996,16011.57
74995,29235.23
74994,44988.54
74993,30461.68
74992,27621.34
74991,18105.97
74990,20970.66
74989,39039.14
74988,42017.2
74987,70990.95
74986,54301.43
74985,34538.07
74984,42901.56
74983,56745.1
74982,35201.31
74981,36405.3
74980,62311.25
74979,57067.92
74978,27143.56
74977,26333.92
74976,39196.12
74975,35663.07
74974,38746.94
74973,69120.29
74972,46052.15
74971,27077.64
74970,31401.89
74969,38653.84
74968,37402.58
74967,55611.19
74966,69480.55
74965,24508.62
74964,22031.04
74963,25265.97
74962,22916.93
74961,27737.98
74960,43292.76
74959,30342.21
74958,18396.69
74957,17368.4
74956,28053.44
74955,23796.67
74954,32673.15
74953,49466.63
74952,43220.21
74951,93.98
74950,16407.74
74949,17029.76
74948,24922.33
74947,22655.36
74946,37218.31
74945,31750.08
74944,20814.66
74943,21235.48
74942,20527.09
74941,34454.0
74940,31461.53
74939,62519.04
74938,47903.97
74937,32491.54
74936,30235.66
74935,34133.52
74934,30132.95
74933,70209.57
74932,45102.05
74931,26765.89
74930,28528.31
74929,30053.21
74928,35840.83
74927,40799.74
74926,71778.17
74925,47263.63
74924,19783.42
74923,21569.64
74922,23355.52
74921,26463.87
74920,49560.59
74919,61610.61
74918,48899.28
74917,26591.09
74916,26663.8
74915,29745.07
74914,28577.09
74913,31998.92
74912,53857.57
74911,52452.37
74910,17302.72
74909,17391.39
74908,25337.84
74907,164.17
74906,34170.96
74905,36913.84
74904,40798.54
74903,57445.27
74902,18521.96
74901,24606.21
74900,26438.69
74899,33207.47
74898,48910.91
74897,44047.47
74896,18769.16
74895,35687.92
74894,34344.89
74893,35227.27
74892,42254.11
74891,57844.24
74890,47841.89
74889,28038.18
74888,31961.57
74887,27628.37
74886,36217.53
74885,47262.12
74884,59749.39
74883,44264.52
74882,19750.91
74881,19914.8
74880,19361.2
74879,24150.52
74878,34654.07
74877,33302.39
74876,46035.02
74875,18038.17
74874,14576.76
74873,22005.89
74872,24832.0
74871,26931.71
74870,35849.12
74869,27643.65
74868,28210.4
