85041,23346.26
85040,34831.3
85039,32551.47
85038,12270.37
85037,10223.88
85036,11573.77
85035,10036.15
85034,621.5
85033,27529.32
85032,22545.92
85031,10695.74
85030,9056.94
85029,12677.98
85028,18729.96
85027,21155.33
85026,29572.09
85025,25672.78
85024,22227.76
85023,14383.97
85022,16228.38
85021,14448.17
85020,18059.08
85019,32673.15
85018,23397.85
85017,10565.81
85016,11229.32
85015,19131.67
85014,15201.91
85013,22146.9
85012,34437.94
85011,25340.41
85010,15894.14
85009,16072.54
85008,17380.21
85007,17441.1
85006,23111.38
85005,35887.55
85004,23239.25
85003,11464.13
85002,19975.05
85001,16404.88
85000,36896.56
84999,36672.94
84998,59229.67
84997,35961.39
84996,27931.69
84995,23384.88
84994,26970.61
84993,18535.01
84992,29401.49
84991,49225.51
84990,35404.3
84989,15464.72
84988,13318.35
84987,19263.94
84986,18299.17
84985,22195.42
84984,38179.89
84983,26832.57
84982,22335.98
84981,17385.73
84980,15986.14
84979,34668.6
84978,39396.02
84977,59807.21
84976,46933.44
84975,30283.8
84974,24408.62
84973,31580.15
84972,23587.14
84971,35466.32
84970,52047.98
84969,33053.67
84968,24134.99
84967,21339.1
84966,32641.4
84965,31367.27
84964,43936.61
84963,44262.34
84962,32538.49
84961,23991.34
84960,22193.11
84959,32223.2
84958,26499.73
84957,52313.86
84956,59941.9
84955,12185.19
84954,14982.1
84953,18987.6
84952,20094.56
84951,27371.71
84950,34766.39
84949,30244.43
84948,598.97
84947,17107.85
84946,25912.89
84945,26794.59
84944,32858.84
84943,45114.55
84942,43116.54
84941,18615.98
84940,13967.08
84939,17448.09
84938,20946.39
84937,26528.03
84936,37729.45
84935,30598.04
84934,10298.58
84933,16106.52
84932,14589.99
84931,26026.63
84930,39445.87
84929,52567.84
84928,35957.89
84927,20009.12
84926,19709.58
84925,29124.22
84924,27524.23
84923,478.5
84922,58055.13
84921,32256.36
84920,16930.64
84919,21845.15
84918,21971.51
84917,32977.97
84916,34365.12
84915,60662.52
84914,33540.3
84913,15323.48
84912,17600.94
84911,18912.59
84910,22073.68
84909,43699.3
84908,45908.91
84907,39458.41
84906,24059.13
84905,27739.18
84904,25914.87
84903,23710.73
84902,38271.9
84901,52914.05
84900,48083.08
84899,19501.18
84898,22903.83
84897,19967.08
84896,431.0
84895,16863.94
84894,50352.9
84893,41314.8
84892,44682.21
84891,21794.61
84890,14214.97
84889,16748.81
84888,26228.17
84887,45117.26
84886,37164.79
84885,19104.34
84884,29763.37
84883,30444.53
84882,33624.03
84881,36823.56
84880,52219.4
84879,32512.45
84878,26085.0
84877,26336.98
84876,30317.0
84875,34888.79
84874,41206.6
84873,47593.33
84872,38187.62
84871,18592.2
84870,17991.97
84869,19489.43
84868,24738.61
84867,35032.76
84866,39014.13
84865,38449.53
84864,24388.29
84863,11156.54
84862,21805.44
84861,23843.71
84860,28545.19
84859,35694.59
84858,30621.1
84857,19157.07
