180471,12152.0
180470,23116.31
180469,11692.79
180468,7034.36
180467,7469.07
180466,7558.18
180465,5736.45
180464,670.21
180463,14534.77
180462,9332.05
180461,6105.33
180460,4591.46
180459,7295.7
180458,8082.23
180457,11466.87
180456,15392.47
180455,9151.67
180454,12743.06
180453,7749.78
180452,5205.91
180451,5494.27
180450,5430.85
180449,11852.67
180448,11755.79
180447,7103.41
180446,4012.17
180445,6212.67
180444,3895.49
180443,9006.35
180442,21023.52
180441,11629.93
180440,4616.07
180439,7782.12
180438,7071.54
180437,8862.58
180436,13798.9
180435,23375.25
180434,12811.42
180433,6784.27
180432,8830.6
180431,12611.95
180430,17772.53
180429,26845.74
180428,41097.11
180427,21492.69
180426,17097.23
180425,11633.35
180424,9872.67
180423,8906.08
180422,17740.13
180421,29384.26
180420,15023.64
180419,8044.18
180418,6960.4
180417,10715.88
180416,7481.37
180415,13601.56
180414,26892.76
180413,13962.99
180412,10853.36
180411,7421.1
180410,9881.92
180409,12412.45
180408,20867.07
180407,33170.79
180406,17984.16
180405,12908.94
180404,10629.89
180403,15779.4
180402,11251.16
180401,18165.42
180400,29819.59
180399,17295.21
180398,8121.12
180397,11894.02
180396,15144.57
180395,13921.32
180394,19351.93
180393,39341.39
180392,22068.01
180391,14633.62
180390,12043.65
180389,16609.26
180388,13339.01
180387,25956.2
180386,38122.82
180385,8262.97
180384,9546.01
180383,9239.09
180382,11812.37
180381,16311.41
180380,22755.48
180379,16482.31
180378,379.3
180377,7684.01
180376,15870.05
180375,14581.69
180374,21910.46
180373,25003.74
180372,17245.74
180371,7238.05
180370,7173.27
180369,7336.37
180368,8103.27
180367,11245.26
180366,19005.27
180365,13114.11
180364,6573.95
180363,5760.45
180362,6339.29
180361,12329.34
180360,13441.99
180359,22459.5
180358,18378.19
180357,9023.26
180356,9263.19
180355,9924.43
180354,9788.85
180353,621.34
180352,26110.75
180351,13937.4
180350,10861.24
180349,9168.62
180348,12430.58
180347,16359.84
180346,21623.51
180345,35631.45
180344,20140.17
180343,7870.75
180342,6139.8
180341,9806.72
180340,9006.49
180339,16780.85
180338,27711.26
180337,19483.8
180336,11523.85
180335,8027.94
180334,10550.89
180333,9034.97
180332,16412.45
180331,28744.72
180330,19395.85
180329,8868.63
180328,10426.43
180327,9179.7
180326,17010.49
180325,21564.34
180324,14780.64
180323,19626.93
180322,7276.84
180321,6871.53
180320,10902.75
180319,12108.82
180318,20179.96
180317,14181.57
180316,6355.48
180315,9389.43
180314,9858.44
180313,12808.13
180312,13642.57
180311,24405.31
180310,13595.5
180309,9525.1
180308,7776.26
180307,9897.64
180306,12991.14
180305,17610.36
180304,29224.51
180303,18802.82
180302,6538.75
180301,8764.14
180300,8655.81
180299,9734.8
180298,13197.59
180297,17762.81
180296,14658.87
180295,6107.07
180294,4768.77
180293,10094.43
180292,11091.01
180291,14460.57
180290,20184.55
180289,13010.71
180288,10772.05
