88887,36647.16
88886,90387.15
88885,74012.62
88884,29157.82
88883,28728.45
88882,27952.42
88881,32230.78
88880,2502.89
88879,63109.2
88878,42146.8
88877,20212.55
88876,22243.88
88875,29416.41
88874,50556.59
88873,53828.26
88872,81674.38
88871,66043.5
88870,64152.36
88869,37897.14
88868,45238.74
88867,51323.07
88866,50069.72
88865,1542.37
88864,22936.13
88863,25849.21
88862,20518.92
88861,28067.53
88860,25979.35
88859,44213.02
88858,87855.21
88857,56439.01
88856,25649.56
88855,30660.5
88854,21068.27
88853,39486.27
88852,36728.93
88851,70817.93
88850,53680.19
88849,29064.25
88848,32223.14
88847,34353.87
88846,80111.65
88845,90610.97
88844,117506.98
88843,75551.5
88842,57709.28
88841,38070.43
88840,56131.38
88839,37350.74
88838,56681.42
88837,96405.45
88836,75609.36
88835,31846.18
88834,24149.09
88833,28891.6
88832,26459.83
88831,43970.49
88830,84048.84
88829,65885.3
88828,42619.49
88827,30947.75
88826,35093.17
88825,79738.07
88824,70579.33
88823,131125.01
88822,114581.07
88821,69937.85
88820,80350.35
88819,107101.48
88818,49420.74
88817,61407.99
88816,109879.92
88815,94689.53
88814,32034.56
88813,33856.86
88812,87388.34
88811,68996.16
88810,77192.73
88809,133426.17
88808,106501.08
88807,56832.94
88806,64445.78
88805,84901.23
88804,65082.16
88803,109648.08
88802,143951.17
88801,-110.81
88800,46186.19
88799,41417.67
88798,41161.23
88797,51229.87
88796,54856.96
88795,95819.1
88794,72412.62
88793,33195.28
88792,34718.06
88791,62214.49
88790,55573.88
88789,79700.64
88788,109567.82
88787,104844.81
88786,1525.02
88785,33144.88
88784,45333.08
88783,45609.13
88782,55860.39
88781,84699.95
88780,77934.87
88779,39200.77
88778,40585.22
88777,45799.01
88776,86452.44
88775,96137.0
88774,138106.51
88773,110741.0
88772,55452.19
88771,61363.77
88770,70249.06
88769,60631.74
88768,1321.99
88767,140494.5
88766,80587.24
88765,40253.45
88764,48229.1
88763,56214.67
88762,83027.43
88761,91754.42
88760,165897.04
88759,96490.87
88758,35666.19
88757,39914.99
88756,45077.06
88755,48578.27
88754,89214.73
88753,119500.04
88752,105805.75
88751,53113.29
88750,52153.05
88749,72971.97
88748,58131.67
88747,85593.28
88746,122223.12
88745,128389.63
88744,41872.43
88743,47526.72
88742,58631.52
88741,872.02
88740,105028.66
88739,124477.06
88738,100765.16
88737,120783.34
88736,53579.04
88735,51450.4
88734,57495.88
88733,63722.36
88732,96579.44
88731,85438.82
88730,53795.85
88729,81180.86
88728,74358.34
88727,75614.73
88726,93298.28
88725,126514.24
88724,113781.0
88723,69212.17
88722,71524.52
88721,79243.72
88720,87081.11
88719,127732.05
88718,157883.17
88717,128939.0
88716,55016.74
88715,53011.45
88714,50123.71
88713,66555.06
88712,81714.2
88711,84385.5
88710,105410.74
88709,46286.02
88708,30065.83
88707,51703.45
88706,56079.16
88705,58839.65
88704,92962.95
88703,70352.73
88702,61091.59
