214484,17202.98
214483,18429.38
214482,12122.09
214481,6193.78
214480,5131.54
214479,3994.65
214478,5974.24
214477,242.29
214476,10771.16
214475,8946.04
214474,4672.46
214473,4546.4
214472,6085.46
214471,8763.53
214470,11353.05
214469,9839.78
214468,8361.98
214467,9173.81
214466,5153.59
214465,5836.24
214464,6802.94
214463,6679.64
214462,13169.29
214461,7548.03
214460,4662.48
214459,5361.53
214458,6523.27
214457,6823.67
214456,10339.7
214455,16580.03
214454,11262.66
214453,7656.67
214452,7903.64
214451,6911.58
214450,9646.68
214449,11202.14
214448,16752.54
214447,8788.12
214446,7225.51
214445,8224.65
214444,9714.69
214443,15555.71
214442,18246.01
214441,31016.54
214440,17498.42
214439,17800.4
214438,9081.72
214437,9374.58
214436,11116.55
214435,13767.09
214434,19998.35
214433,13408.29
214432,6658.67
214431,6132.96
214430,8732.46
214429,8705.38
214428,11444.83
214427,21953.78
214426,11316.84
214425,9373.06
214424,9503.57
214423,9554.93
214422,14767.28
214421,14982.26
214420,27301.99
214419,16751.67
214418,11926.87
214417,12225.95
214416,15317.97
214415,10864.54
214414,13123.54
214413,20591.83
214412,12948.45
214411,10180.53
214410,11374.46
214409,15562.54
214408,14746.66
214407,16321.86
214406,23373.72
214405,14598.2
214404,9835.69
214403,10616.29
214402,13850.62
214401,12809.51
214400,21604.62
214399,24993.51
214398,9513.11
214397,7434.86
214396,6057.44
214395,10913.34
214394,13888.27
214393,19958.11
214392,13606.34
214391,5038.51
214390,8068.1
214389,16079.3
214388,13249.7
214387,17516.59
214386,24910.69
214385,15839.32
214384,2469.54
214383,6855.78
214382,9591.86
214381,8908.92
214380,11775.84
214379,17631.19
214378,11911.22
214377,6156.66
214376,6362.51
214375,8201.22
214374,14433.81
214373,18582.57
214372,20897.56
214371,14603.95
214370,9814.97
214369,5602.32
214368,10839.59
214367,12317.06
214366,192.72
214365,28873.97
214364,14312.0
214363,10444.21
214362,10878.19
214361,12935.02
214360,15286.37
214359,17329.91
214358,26818.39
214357,16065.41
214356,9426.07
214355,11500.03
214354,10074.26
214353,11289.15
214352,21327.04
214351,25290.07
214350,18295.78
214349,11405.11
214348,12613.2
214347,14127.89
214346,12429.42
214345,17439.69
214344,20834.01
214343,13667.43
214342,7251.54
214341,11906.89
214340,11973.28
214339,15114.31
214338,20549.79
214337,21258.6
214336,14284.92
214335,16859.51
214334,7695.48
214333,8348.37
214332,10325.42
214331,15419.86
214330,23248.99
214329,14319.85
214328,7917.21
214327,14924.53
214326,14884.6
214325,15275.81
214324,17306.93
214323,20427.32
214322,11278.34
214321,13195.04
214320,13573.61
214319,12297.94
214318,16429.8
214317,19681.57
214316,24030.46
214315,16018.0
214314,13198.57
214313,11859.34
214312,12229.47
214311,10469.51
214310,17654.84
214309,19150.81
214308,15159.21
214307,7429.32
214306,7591.16
214305,8926.29
214304,15553.39
214303,14011.69
214302,20090.13
214301,14107.84
214300,12918.11
