95791,33209.07
95790,53992.52
95789,52416.03
95788,18397.05
95787,15149.86
95786,16325.47
95785,24272.14
95784,693.58
95783,44577.82
95782,34723.45
95781,17314.62
95780,18795.24
95779,24220.85
95778,33039.94
95777,33459.37
95776,46443.96
95775,38529.24
95774,35647.75
95773,20390.14
95772,23635.35
95771,23300.26
95770,26126.72
95769,45509.2
95768,37506.98
95767,15639.25
95766,15876.89
95765,18825.81
95764,17080.28
95763,32077.09
95762,46704.21
95761,30208.37
95760,21542.8
95759,19576.65
95758,24794.29
95757,26448.61
95756,34632.63
95755,47168.65
95754,31763.93
95753,19902.76
95752,22991.29
95751,26075.93
95750,44693.96
95749,58939.34
95748,86303.2
95747,51945.14
95746,47637.6
95745,29843.11
95744,27854.86
95743,27536.97
95742,41977.08
95741,59553.25
95740,52889.5
95739,21114.18
95738,21678.9
95737,28614.59
95736,23251.61
95735,36463.34
95734,52868.14
95733,36666.26
95732,35368.14
95731,25949.5
95730,30003.05
95729,52155.0
95728,56003.91
95727,71991.29
95726,66132.88
95725,34156.84
95724,45401.95
95723,62729.33
95722,35830.54
95721,35772.87
95720,62679.47
95719,53267.89
95718,20849.82
95717,29614.96
95716,51845.44
95715,39900.09
95714,52329.01
95713,73242.47
95712,61874.94
95711,36354.26
95710,45246.66
95709,46964.94
95708,42826.94
95707,59513.35
95706,81424.17
95705,26425.75
95704,26230.18
95703,26573.0
95702,33123.52
95701,41428.52
95700,50753.39
95699,44963.08
95698,1021.47
95697,23743.13
95696,40127.82
95695,40232.39
95694,48831.84
95693,70776.53
95692,67746.17
95691,22655.05
95690,22816.75
95689,27744.37
95688,27614.08
95687,33382.13
95686,50930.85
95685,45417.64
95684,23668.02
95683,25320.28
95682,24904.4
95681,44481.88
95680,49737.16
95679,65759.5
95678,60454.36
95677,36262.12
95676,33744.07
95675,36610.42
95674,38516.42
95673,1329.06
95672,76036.4
95671,54983.0
95670,28184.88
95669,33938.06
95668,37406.35
95667,43153.3
95666,61593.36
95665,85000.64
95664,55237.98
95663,23981.95
95662,25897.59
95661,27545.49
95660,30116.22
95659,56470.25
95658,69367.71
95657,63857.34
95656,37277.03
95655,37507.81
95654,44107.13
95653,40165.78
95652,57358.29
95651,77292.63
95650,64419.11
95649,25871.63
95648,28338.39
95647,26940.36
95646,365.24
95645,49443.71
95644,56756.03
95643,48223.35
95642,64107.3
95641,24010.09
95640,24771.39
95639,34384.74
95638,40905.26
95637,54458.91
95636,58024.29
95635,25351.81
95634,46894.13
95633,47707.19
95632,42492.2
95631,58738.82
95630,72666.66
95629,67646.31
95628,40162.95
95627,44741.32
95626,42641.07
95625,55424.91
95624,63316.19
95623,83689.12
95622,58897.0
95621,29482.79
95620,33681.16
95619,30840.98
95618,39184.43
95617,54413.49
95616,46028.02
95615,57496.11
95614,29370.89
95613,28172.09
95612,27105.43
95611,37218.66
95610,41158.61
95609,55572.14
95608,40929.11
95607,27912.69
