41629,28486.95
41628,55348.95
41627,53696.11
41626,19274.45
41625,20944.97
41624,17182.26
41623,16819.4
41622,1259.31
41621,43012.04
41620,32272.52
41619,13359.09
41618,12626.66
41617,15621.74
41616,32918.19
41615,30757.3
41614,58649.28
41613,38288.43
41612,38356.77
41611,21942.44
41610,25318.1
41609,35567.31
41608,28747.85
41607,100.71
41606,14432.62
41605,12962.48
41604,13137.54
41603,12611.52
41602,18096.9
41601,27456.25
41600,56569.91
41599,31348.27
41598,12633.16
41597,16834.41
41596,15275.98
41595,17091.98
41594,21230.44
41593,45086.34
41592,32104.96
41591,17416.11
41590,16111.02
41589,17207.19
41588,44232.06
41587,47514.16
41586,83889.63
41585,48025.92
41584,29354.99
41583,24428.77
41582,30872.53
41581,22354.86
41580,37937.63
41579,66827.59
41578,50283.48
41577,18444.71
41576,17589.73
41575,16194.24
41574,17048.32
41573,29448.9
41572,60082.8
41571,38605.12
41570,28442.52
41569,20132.98
41568,17590.86
41567,48106.67
41566,45603.58
41565,93195.27
41564,71570.65
41563,36943.8
41562,40184.37
41561,62397.26
41560,34647.28
41559,40678.19
41558,69859.83
41557,53284.21
41556,20278.98
41555,19965.58
41554,43654.43
41553,36129.18
41552,43852.83
41551,83302.73
41550,62677.75
41549,37765.54
41548,41908.34
41547,47122.53
41546,41796.74
41545,63640.09
41544,94537.88
41543,-82.1
41542,25013.16
41541,21515.61
41540,26272.9
41539,25311.02
41538,28692.23
41537,57895.69
41536,37694.85
41535,13491.66
41534,18681.58
41533,29080.54
41532,31166.57
41531,42003.61
41530,60795.52
41529,61326.57
41528,840.83
41527,21916.33
41526,21591.9
41525,24767.65
41524,33891.39
41523,47525.07
41522,44376.85
41521,21029.22
41520,20502.17
41519,22084.27
41518,46367.27
41517,51973.25
41516,94469.72
41515,63468.49
41514,33987.34
41513,34278.41
41512,37205.55
41511,33186.45
41510,813.78
41509,86089.96
41508,51320.1
41507,24355.39
41506,28142.5
41505,25283.71
41504,46051.96
41503,49672.23
41502,98546.54
41501,55094.18
41500,18843.72
41499,18822.99
41498,22783.01
41497,23115.2
41496,48121.57
41495,75864.17
41494,63669.99
41493,32373.0
41492,30112.23
41491,38102.14
41490,33426.72
41489,44022.52
41488,73557.26
41487,72155.07
41486,21109.94
41485,25517.38
41484,30241.9
41483,451.13
41482,52686.96
41481,69865.94
41480,49892.74
41479,80759.42
41478,25236.13
41477,22975.29
41476,39700.51
41475,39279.21
41474,54741.81
41473,56128.79
41472,26253.77
41471,45469.49
41470,42724.69
41469,41032.93
41468,47733.32
41467,86491.75
41466,64882.16
41465,36016.99
41464,35043.54
41463,42182.07
41462,45710.48
41461,59470.12
41460,81322.34
41459,67939.1
41458,21952.2
41457,24174.66
41456,26861.8
41455,32223.96
41454,41351.89
41453,49395.3
41452,54842.32
41451,21522.34
41450,17221.35
41449,29557.99
41448,29947.85
41447,36293.6
41446,44398.4
41445,34613.8
41444,32969.62
