199808,18166.99
199807,25046.92
199806,17710.59
199805,7681.3
199804,7937.83
199803,6174.18
199802,6361.64
199801,356.93
199800,17129.4
199799,10841.95
199798,5700.58
199797,6014.98
199796,6153.46
199795,8735.87
199794,11599.75
199793,22342.89
199792,11072.62
199791,14650.97
199790,8843.07
199789,9517.96
199788,9100.91
199787,584.79
199786,3172.18
199785,6678.76
199784,8369.11
199783,8422.59
199782,5667.17
199781,7561.4
199780,12773.95
199779,26049.87
199778,15049.65
199777,8555.74
199776,7031.57
199775,8284.2
199774,12186.12
199773,16764.81
199772,29126.6
199771,11227.0
199770,5730.58
199769,7777.46
199768,11271.89
199767,18832.96
199766,22568.26
199765,43731.01
199764,21720.04
199763,9014.22
199762,9699.77
199761,11034.07
199760,8823.38
199759,19392.25
199758,27236.03
199757,17403.03
199756,5833.69
199755,7489.9
199754,6828.79
199753,8108.57
199752,14286.46
199751,29391.09
199750,14992.35
199749,9768.14
199748,7965.21
199747,7160.86
199746,18068.21
199745,23006.89
199744,42324.15
199743,22225.56
199742,13966.84
199741,14711.04
199740,22581.76
199739,13567.99
199738,19159.76
199737,37965.98
199736,25262.69
199735,8972.17
199734,11018.14
199733,16423.35
199732,16797.48
199731,21650.23
199730,39900.5
199729,21739.65
199728,16300.91
199727,13043.39
199726,19522.32
199725,14880.02
199724,34425.56
199723,41208.8
199722,11432.95
199721,8741.36
199720,11385.14
199719,10365.93
199718,15874.45
199717,26582.0
199716,14889.25
199715,6939.53
199714,6709.05
199713,15633.18
199712,14116.16
199711,22340.51
199710,33544.21
199709,21726.12
199708,483.3
199707,5927.48
199706,8837.4
199705,9988.07
199704,16488.84
199703,20042.71
199702,14308.56
199701,6692.15
199700,8121.49
199699,7736.2
199698,17371.44
199697,19603.38
199696,33127.04
199695,22206.96
199694,12508.87
199693,14452.37
199692,12794.22
199691,16197.15
199690,554.03
199689,31493.4
199688,20720.8
199687,13462.53
199686,12675.48
199685,15276.88
199684,15953.33
199683,27784.06
199682,44908.8
199681,23201.19
199680,10647.38
199679,10139.58
199678,9925.28
199677,9509.6
199676,22768.51
199675,31211.93
199674,22748.94
199673,11514.98
199672,11471.22
199671,13353.17
199670,13994.33
199669,19051.57
199668,31330.28
199667,22655.25
199666,10171.2
199665,10116.71
199664,11926.61
199663,15492.78
199662,21363.53
199661,26476.26
199660,19345.06
199659,27214.35
199658,9261.75
199657,9693.57
199656,12028.44
199655,17475.57
199654,28601.33
199653,21312.05
199652,11663.79
199651,17987.06
199650,18011.28
199649,19957.86
199648,22290.39
199647,29105.24
199646,23690.63
199645,15344.61
199644,15210.59
199643,12462.81
199642,19435.34
199641,26690.59
199640,36332.41
199639,21842.7
199638,10983.24
199637,9985.5
199636,7843.03
199635,14384.4
199634,26525.57
199633,22810.59
199632,21844.0
199631,8031.34
199630,6958.01
199629,8482.62
199628,12600.73
199627,15372.69
199626,20513.62
199625,13418.51
199624,16191.04
