38937,32583.69
38936,50436.05
38935,44370.34
38934,11418.31
38933,13750.35
38932,15754.07
38931,14146.93
38930,300.5
38929,38070.82
38928,29599.0
38927,9795.05
38926,9729.35
38925,12951.09
38924,29703.29
38923,35761.45
38922,54897.56
38921,38117.84
38920,39286.37
38919,22057.32
38918,33451.62
38917,34337.12
38916,28166.19
38915,220.05
38914,8923.85
38913,14539.88
38912,13510.78
38911,15962.58
38910,12345.3
38909,26695.1
38908,52787.98
38907,34044.98
38906,16858.38
38905,16601.75
38904,17662.96
38903,20979.89
38902,28255.42
38901,48881.67
38900,29510.34
38899,15739.78
38898,12453.61
38897,15252.59
38896,46272.15
38895,59201.91
38894,93947.02
38893,52139.26
38892,31081.1
38891,25733.93
38890,38848.42
38889,28124.58
38888,36691.86
38887,67097.89
38886,50253.4
38885,18506.03
38884,15107.59
38883,19423.53
38882,18481.06
38881,29677.4
38880,59595.06
38879,38635.01
38878,30101.35
38877,21749.73
38876,19678.55
38875,45562.29
38874,51820.15
38873,94726.68
38872,74279.33
38871,42496.35
38870,42202.54
38869,73031.12
38868,34546.62
38867,44688.49
38866,71372.64
38865,52947.65
38864,22104.97
38863,19232.79
38862,43046.71
38861,38435.18
38860,47695.78
38859,86780.42
38858,54782.5
38857,35804.58
38856,38210.56
38855,54807.18
38854,37291.43
38853,66407.52
38852,83142.44
38851,-228.76
38850,19008.13
38849,21406.65
38848,20973.44
38847,24575.19
38846,35849.82
38845,53710.98
38844,41707.65
38843,13529.55
38842,15299.94
38841,29063.97
38840,24918.18
38839,40642.91
38838,51733.7
38837,60285.14
38836,164.78
38835,18712.53
38834,19093.96
38833,24552.8
38832,29619.57
38831,46791.38
38830,40622.9
38829,19465.7
38828,18842.36
38827,23808.33
38826,51037.48
38825,52589.13
38824,85538.03
38823,57009.7
38822,37704.93
38821,39084.17
38820,41545.22
38819,35593.16
38818,185.49
38817,94419.67
38816,43016.03
38815,23103.33
38814,22206.01
38813,29203.76
38812,42875.07
38811,49019.39
38810,88945.55
38809,44682.09
38808,18683.99
38807,20339.61
38806,21264.6
38805,19490.03
38804,54110.53
38803,63353.51
38802,53436.9
38801,34429.55
38800,31132.9
38799,40089.79
38798,37474.04
38797,50718.45
38796,75402.44
38795,73238.54
38794,24587.12
38793,22686.55
38792,29718.02
38791,62430.08
38790,69081.21
38789,57160.11
38788,77809.69
38787,24846.51
38786,29903.17
38785,31693.39
38784,38488.88
38783,59410.14
38782,57138.98
38781,26538.87
38780,48941.25
38779,42007.59
38778,48533.07
38777,53937.57
38776,75939.72
38775,57184.27
38774,33875.22
38773,37589.51
38772,40215.26
38771,41070.42
38770,58497.3
38769,76120.52
38768,50514.04
38767,19184.35
38766,25548.91
38765,30312.65
38764,33104.9
38763,38871.29
38762,43022.93
38761,43117.63
38760,21695.97
38759,16946.62
38758,26317.77
38757,28685.52
38756,35850.89
38755,40709.33
38754,30932.85
38753,33210.96
