125312,40243.21
125311,61057.47
125310,51407.27
125309,20615.06
125308,24189.81
125307,21086.12
125306,20905.63
125305,982.21
125304,45525.67
125303,27438.8
125302,15094.74
125301,16668.43
125300,16635.64
125299,29180.35
125298,31498.9
125297,55107.15
125296,31509.06
125295,41719.94
125294,20179.95
125293,17921.24
125292,23050.55
125291,20089.86
125290,49322.18
125289,43283.28
125288,14758.48
125287,16748.97
125286,17950.39
125285,16405.88
125284,34892.76
125283,55985.31
125282,34610.7
125281,18967.05
125280,20154.84
125279,16272.22
125278,19415.4
125277,34520.12
125276,55548.56
125275,34457.93
125274,19920.93
125273,23344.85
125272,30764.8
125271,51012.97
125270,64492.76
125269,99188.14
125268,50331.58
125267,41728.44
125266,24640.37
125265,28711.96
125264,22122.75
125263,41231.19
125262,70689.54
125261,42294.64
125260,23633.4
125259,22937.41
125258,20758.92
125257,23897.38
125256,38540.09
125255,67299.79
125254,37311.77
125253,30253.28
125252,24527.48
125251,23377.99
125250,44699.96
125249,55321.87
125248,92534.5
125247,66696.26
125246,39771.09
125245,43296.19
125244,53925.95
125243,39400.51
125242,50356.52
125241,78446.98
125240,63987.6
125239,32432.72
125238,31367.2
125237,53261.83
125236,44498.82
125235,55187.3
125234,96548.54
125233,58642.47
125232,37382.89
125231,44150.97
125230,45151.02
125229,47615.14
125228,75401.1
125227,93748.36
125226,-16.36
125225,33134.15
125224,29773.5
125223,34470.3
125222,34853.82
125221,37584.54
125220,58982.98
125219,36962.79
125218,869.22
125217,22620.72
125216,46936.97
125215,43101.33
125214,56802.03
125213,72566.03
125212,56053.32
125211,21856.85
125210,2181.75
125209,1067.82
125208,340.48
125207,37633.95
125206,58886.01
125205,46014.46
125204,1167.22
125203,21374.97
125202,23617.28
125201,45924.51
125200,47306.76
125199,75379.97
125198,54659.32
125197,33416.12
125196,36503.0
125195,39291.21
125194,36678.2
125193,49638.08
125192,81624.63
125191,54763.02
125190,28658.17
125189,35908.51
125188,39225.33
125187,51631.94
125186,66473.68
125185,91201.75
125184,57702.7
125183,26044.06
125182,28427.98
125181,34253.16
125180,30743.1
125179,53120.85
125178,74292.24
125177,55829.93
125176,30828.65
125175,30252.47
125174,42583.17
125173,37041.44
125172,52164.15
125171,89435.54
125170,68030.9
125169,32683.6
125168,30910.31
125167,38844.9
125166,45449.1
125165,52134.1
125164,60251.46
125163,51034.81
125162,64648.2
125161,24662.41
125160,27388.52
125159,31883.9
125158,46716.96
125157,60959.24
125156,43452.55
125155,22352.86
125154,42917.5
125153,37333.46
125152,40558.39
125151,47350.86
125150,67175.47
125149,56304.88
125148,32415.81
125147,36235.1
125146,36898.99
125145,40805.62
125144,58709.24
125143,82863.28
125142,48951.08
125141,22737.47
125140,26180.91
125139,27621.65
125138,34390.75
125137,50746.97
125136,51489.68
125135,51946.26
125134,22730.73
125133,20156.47
125132,29495.95
125131,31880.26
125130,42733.67
125129,54409.86
125128,40486.29
125127,36740.63
