154979,19429.59
154978,29393.88
154977,25539.45
154976,11363.69
154975,9245.15
154974,9569.83
154973,9622.85
154972,290.79
154971,19879.92
154970,18149.03
154969,7994.74
154968,7313.67
154967,8517.43
154966,13453.36
154965,17612.89
154964,25124.02
154963,14965.19
154962,17861.22
154961,12234.58
154960,11128.08
154959,12990.7
154958,5536.23
154957,95.87
154956,962.99
154955,4881.14
154954,8115.04
154953,11305.99
154952,8701.15
154951,16647.12
154950,31413.46
154949,18629.09
154948,12454.85
154947,13239.93
154946,9390.59
154945,15493.62
154944,20719.86
154943,25800.29
154942,18614.33
154941,9512.22
154940,12070.47
154939,14341.4
154938,28026.31
154937,32831.95
154936,48537.25
154935,27828.92
154934,4252.3
154933,12741.53
154932,19229.11
154931,15598.89
154930,24112.39
154929,33865.49
154928,25835.4
154927,15268.75
154926,10939.56
154925,10524.69
154924,12146.23
154923,19298.76
154922,32018.08
154921,20829.01
154920,19381.39
154919,13038.09
154918,10477.68
154917,20594.12
154916,26269.98
154915,51670.62
154914,30776.77
154913,19099.63
154912,24371.42
154911,35284.09
154910,20887.12
154909,28144.43
154908,47742.56
154907,30881.39
154906,18353.67
154905,14500.1
154904,23132.68
154903,23096.96
154902,30367.44
154901,46548.82
154900,28353.19
154899,22288.6
154898,23368.69
154897,28850.42
154896,25887.38
154895,38629.44
154894,61896.72
154893,17519.65
154892,12555.55
154891,14382.43
154890,16942.31
154889,26151.11
154888,33666.1
154887,22856.16
154886,11738.05
154885,10800.68
154884,19390.8
154883,17125.95
154882,25794.0
154881,43459.21
154880,32129.76
154879,1212.62
154878,14303.49
154877,12417.0
154876,15164.57
154875,19644.0
154874,28721.32
154873,24698.21
154872,13271.72
154871,14758.99
154870,15494.9
154869,21838.58
154868,28922.44
154867,41009.5
154866,27603.78
154865,18286.94
154864,18047.87
154863,21995.8
154862,22343.7
154861,1080.58
154860,42294.79
154859,28593.06
154858,11852.91
154857,17777.13
154856,19699.89
154855,25314.42
154854,36036.13
154853,60029.55
154852,32102.1
154851,15390.66
154850,14823.57
154849,12054.5
154848,15858.47
154847,32154.95
154846,37599.71
154845,27926.26
154844,18446.94
154843,19793.08
154842,23050.36
154841,23822.59
154840,31024.65
154839,40537.02
154838,31974.15
154837,12815.43
154836,17879.59
154835,18556.57
154834,181.69
154833,28972.8
154832,39665.9
154831,29576.85
154830,38199.99
154829,16229.22
154828,18606.01
154827,19166.94
154826,31429.07
154825,35456.18
154824,24208.78
154823,15543.75
154822,22819.32
154821,22457.55
154820,22306.02
154819,29349.6
154818,35731.98
154817,23377.75
154816,18458.19
154815,22144.53
154814,20282.55
154813,26131.57
154812,34898.43
154811,39027.47
154810,26531.13
154809,15655.25
154808,11604.07
154807,16337.46
154806,13706.69
154805,25833.33
154804,24879.22
154803,24522.49
154802,13828.25
154801,13627.12
154800,15699.2
154799,18046.55
154798,23689.18
154797,27798.95
154796,21022.76
154795,15183.61
