213908,17002.2
213907,26060.15
213906,19539.74
213905,10100.95
213904,13043.94
213903,8728.15
213902,9008.4
213901,344.53
213900,21054.52
213899,12496.86
213898,6948.57
213897,9483.47
213896,8723.49
213895,11985.03
213894,12802.77
213893,24564.48
213892,13520.46
213891,16245.63
213890,15186.88
213889,11097.77
213888,11797.1
213887,949.72
213886,8356.86
213885,12551.88
213884,9518.02
213883,11266.66
213882,9290.66
213881,10914.6
213880,18782.86
213879,29147.24
213878,16022.75
213877,12895.87
213876,11320.74
213875,9809.14
213874,13635.87
213873,16220.56
213872,29638.04
213871,10719.72
213870,8789.23
213869,10414.09
213868,15012.78
213867,22973.28
213866,25151.42
213865,52948.18
213864,21027.88
213863,10236.29
213862,12348.94
213861,16611.59
213860,12046.11
213859,22724.7
213858,29932.29
213857,18516.27
213856,10897.1
213855,9840.58
213854,7181.47
213853,11996.92
213852,18536.79
213851,34168.9
213850,14581.7
213849,13708.87
213848,13700.63
213847,11716.97
213846,22603.69
213845,24293.6
213844,42630.2
213843,23814.45
213842,18390.41
213841,20531.1
213840,26908.97
213839,21463.74
213838,30349.44
213837,40957.21
213836,28760.7
213835,17352.42
213834,18694.92
213833,27491.27
213832,19334.83
213831,28168.64
213830,41324.8
213829,23510.66
213828,18518.55
213827,22303.66
213826,24149.17
213825,21160.34
213824,41327.73
213823,40786.24
213822,19746.52
213821,14294.5
213820,11862.76
213819,16465.71
213818,20424.4
213817,30113.97
213816,15508.33
213815,8911.52
213814,11820.89
213813,15612.28
213812,21541.94
213811,27007.7
213810,37155.48
213809,22642.32
213808,547.04
213807,10686.33
213806,12059.32
213805,13937.49
213804,18373.51
213803,27859.27
213802,19058.71
213801,11809.65
213800,7971.42
213799,11009.9
213798,19358.24
213797,18468.44
213796,33733.72
213795,22230.65
213794,16531.14
213793,18685.17
213792,17699.51
213791,21927.32
213790,541.5
213789,36192.21
213788,22977.8
213787,14794.29
213786,16173.3
213785,17465.94
213784,19936.54
213783,27063.6
213782,42876.65
213781,23927.83
213780,15403.19
213779,14476.97
213778,14136.42
213777,16472.75
213776,29191.25
213775,34747.13
213774,22800.85
213773,17791.94
213772,16116.83
213771,14038.02
213770,17510.87
213769,20068.9
213768,35987.85
213767,19302.83
213766,11906.32
213765,15167.17
213764,14316.21
213763,19323.66
213762,24823.96
213761,30355.47
213760,23573.79
213759,27029.4
213758,15734.31
213757,14256.18
213756,16936.05
213755,23398.06
213754,29796.13
213753,18990.73
213752,16632.69
213751,23355.44
213750,18796.04
213749,21616.88
213748,25557.95
213747,30893.53
213746,20237.22
213745,17930.3
213744,17612.51
213743,16582.38
213742,19165.61
213741,29199.28
213740,27596.67
213739,22100.56
213738,14659.1
213737,14792.85
213736,12549.16
213735,17429.64
213734,21436.13
213733,25451.55
213732,19865.68
213731,13338.46
213730,8482.97
213729,12992.61
213728,19843.14
213727,21646.06
213726,24298.51
213725,20069.83
213724,13795.56
