89640,26970.7
89639,42428.41
89638,37596.65
89637,14998.69
89636,11176.0
89635,14861.97
89634,20147.08
89633,827.66
89632,30144.84
89631,23661.45
89630,12696.26
89629,11451.15
89628,11659.29
89627,24172.24
89626,24943.85
89625,37001.67
89624,27890.08
89623,25367.6
89622,16043.16
89621,15582.01
89620,17383.99
89619,21279.43
89618,38594.16
89617,30137.82
89616,12032.69
89615,12072.36
89614,14431.66
89613,13743.6
89612,25178.65
89611,38148.24
89610,29794.25
89609,13943.57
89608,19008.89
89607,19948.11
89606,18979.26
89605,26805.79
89604,41642.57
89603,25974.19
89602,14785.71
89601,18744.78
89600,21532.45
89599,38787.27
89598,49280.44
89597,72113.6
89596,44604.21
89595,30724.65
89594,24865.94
89593,26978.21
89592,19508.79
89591,33446.06
89590,55393.58
89589,36456.64
89588,20648.11
89587,18010.1
89586,20452.31
89585,20804.11
89584,31904.66
89583,46508.86
89582,30371.97
89581,25482.48
89580,19795.88
89579,19895.61
89578,32881.25
89577,43391.39
89576,60711.88
89575,53670.59
89574,33195.06
89573,33094.04
89572,38674.46
89571,30242.72
89570,40145.64
89569,60646.88
89568,39278.01
89567,29484.02
89566,29392.55
89565,38080.61
89564,40089.77
89563,43512.5
89562,63219.01
89561,40431.47
89560,22640.35
89559,27581.83
89558,34335.77
89557,32523.25
89556,54854.56
89555,67313.28
89554,16534.62
89553,17469.89
89552,20285.6
89551,26615.38
89550,27564.31
89549,42915.65
89548,31885.09
89547,52.88
89546,18784.5
89545,29663.84
89544,32772.75
89543,40624.74
89542,54507.48
89541,45674.9
89540,17277.29
89539,21731.44
89538,20468.11
89537,26858.05
89536,32761.36
89535,39603.23
89534,31109.69
89533,6703.99
89532,19223.76
89531,20801.18
89530,24715.81
89529,39766.39
89528,57631.11
89527,36788.14
89526,24052.23
89525,24575.13
89524,28479.57
89523,31967.48
89522,28.48
89521,73144.08
89520,35038.49
89519,18181.67
89518,24202.98
89517,26854.94
89516,38270.07
89515,49348.67
89514,80893.42
89513,46251.99
89512,16177.04
89511,22697.47
89510,25719.11
89509,28164.95
89508,49637.44
89507,56167.43
89506,43664.32
89505,24602.24
89504,30319.51
89503,32145.86
89502,21950.3
89501,40519.22
89500,56978.4
89499,53780.28
89498,20964.79
89497,22986.97
89496,25088.47
89495,0.0
89494,29359.4
89493,60225.21
89492,41299.29
89491,51883.72
89490,21662.23
89489,24398.0
89488,22423.68
89487,34473.66
89486,52086.28
89485,40547.54
89484,19940.5
89483,34565.73
89482,30307.87
89481,31760.09
89480,38160.08
89479,61016.1
89478,41489.31
89477,33401.19
89476,26776.62
89475,31531.79
89474,35289.5
89473,51959.31
89472,68166.98
89471,47594.16
89470,20696.61
89469,20709.49
89468,21856.88
89467,24051.69
89466,35094.08
89465,36503.9
89464,40870.64
89463,15276.24
89462,14041.15
89461,24633.86
89460,27306.24
89459,29450.85
89458,40387.74
89457,32318.81
89456,23868.7
