76586,29758.2
76585,53335.24
76584,53499.31
76583,15947.0
76582,15034.34
76581,17797.29
76580,17185.19
76579,885.05
76578,33703.46
76577,31375.85
76576,11370.53
76575,9384.51
76574,14748.14
76573,32342.15
76572,35370.23
76571,54703.88
76570,35429.99
76569,32922.03
76568,21157.48
76567,21603.96
76566,21270.05
76565,26417.74
76564,52564.76
76563,45909.77
76562,13088.88
76561,14267.91
76560,17008.49
76559,15375.63
76558,34721.7
76557,52475.5
76556,38191.58
76555,22241.5
76554,15706.0
76553,19765.34
76552,22522.88
76551,29831.1
76550,39495.28
76549,31921.78
76548,20544.72
76547,19755.95
76546,21616.91
76545,54473.47
76544,66685.77
76543,94895.94
76542,51040.25
76541,42757.5
76540,31850.24
76539,43460.61
76538,30045.91
76537,48946.64
76536,73841.19
76535,58512.45
76534,22697.22
76533,23157.3
76532,10226.94
76531,16034.17
76530,32445.57
76529,55053.88
76528,32772.9
76527,30783.64
76526,18753.48
76525,18111.7
76524,45537.69
76523,65278.09
76522,82300.29
76521,69716.53
76520,54275.34
76519,50720.1
76518,70184.72
76517,34643.63
76516,42185.27
76515,59480.6
76514,50911.61
76513,19497.56
76512,22437.3
76511,44954.75
76510,39313.48
76509,51538.59
76508,83965.91
76507,84864.83
76506,46095.13
76505,48569.98
76504,60043.77
76503,39386.57
76502,71634.52
76501,94630.49
76500,28993.36
76499,20727.17
76498,26687.4
76497,26408.36
76496,29496.96
76495,45747.37
76494,40278.84
76493,1233.57
76492,18576.41
76491,32440.53
76490,32240.31
76489,38168.47
76488,68156.44
76487,52386.72
76486,18501.35
76485,22541.28
76484,21739.99
76483,30456.91
76482,30237.61
76481,42796.09
76480,49308.09
76479,28393.7
76478,26151.09
76477,23044.05
76476,63231.8
76475,65509.94
76474,81352.84
76473,62977.64
76472,41670.87
76471,43264.18
76470,42610.81
76469,41793.32
76468,911.88
76467,93464.58
76466,46583.57
76465,26255.32
76464,30606.52
76463,33390.34
76462,46917.82
76461,62325.22
76460,96784.1
76459,49973.26
76458,18791.06
76457,20009.39
76456,28303.68
76455,30558.57
76454,54934.84
76453,76621.9
76452,69068.68
76451,39225.55
76450,44124.35
76449,42444.81
76448,43088.9
76447,49689.03
76446,69653.32
76445,76409.11
76444,30427.47
76443,35499.94
76442,39200.04
76441,428.82
76440,55138.5
76439,66740.24
76438,60474.53
76437,59658.03
76436,34160.72
76435,36879.32
76434,44031.31
76433,48832.24
76432,56625.54
76431,50848.66
76430,28682.31
76429,60118.1
76428,53812.85
76427,51685.33
76426,56538.07
76425,74295.53
76424,68587.7
76423,50499.15
76422,44551.5
76421,42763.98
76420,58321.47
76419,67356.73
76418,79740.13
76417,61827.85
76416,26426.88
76415,28287.41
76414,24694.56
76413,33186.83
76412,47860.72
76411,46667.38
76410,63197.87
76409,20058.1
76408,21690.96
76407,26927.15
76406,33708.79
76405,37310.04
76404,38611.77
76403,30827.44
76402,21859.97
