96551,21955.81
96550,38182.0
96549,34552.19
96548,13569.45
96547,13990.09
96546,11384.99
96545,13588.19
96544,811.83
96543,26870.6
96542,18763.0
96541,11886.0
96540,11193.07
96539,11560.94
96538,29839.4
96537,25927.88
96536,43245.19
96535,36764.31
96534,29599.29
96533,19863.69
96532,21621.57
96531,20155.74
96530,22595.49
96529,3499.03
96528,29660.7
96527,13811.81
96526,13399.51
96525,9025.6
96524,13435.0
96523,24769.69
96522,35932.11
96521,28615.13
96520,15759.65
96519,15403.36
96518,12771.25
96517,17033.6
96516,21835.32
96515,32392.34
96514,21747.82
96513,14564.82
96512,14575.02
96511,12442.82
96510,35240.88
96509,43910.63
96508,56844.17
96507,33776.48
96506,26435.64
96505,15789.35
96504,24097.76
96503,17883.71
96502,27356.25
96501,47060.86
96500,39338.15
96499,13318.14
96498,12373.81
96497,14043.59
96496,14643.05
96495,23490.49
96494,41951.11
96493,28215.45
96492,22579.06
96491,15905.32
96490,17922.55
96489,30858.74
96488,33640.48
96487,68873.42
96486,56477.69
96485,29372.29
96484,39218.91
96483,52541.61
96482,26790.3
96481,34424.18
96480,52426.05
96479,45017.01
96478,17675.35
96477,19058.41
96476,37078.28
96475,24720.6
96474,35625.93
96473,64674.43
96472,40081.45
96471,27516.63
96470,32470.93
96469,36735.96
96468,26759.75
96467,44470.87
96466,57254.7
96465,17358.34
96464,14170.36
96463,16335.61
96462,15952.99
96461,27036.64
96460,37822.26
96459,28860.85
96458,15250.26
96457,24242.17
96456,23223.84
96455,27887.24
96454,48509.55
96453,39640.38
96452,13948.86
96451,27237.78
96450,37719.9
96449,32527.51
96448,4.24
96447,19537.41
96446,18422.34
96445,33913.94
96444,46172.01
96443,61601.03
96442,43875.16
96441,32895.07
96440,26654.46
96439,28816.9
96438,30593.53
96437,42457.82
96436,59116.62
96435,31604.99
96434,18611.67
96433,19597.1
96432,28524.92
96431,34032.82
96430,44060.24
96429,66950.32
96428,41137.77
96427,13003.27
96426,20114.94
96425,18865.3
96424,22979.1
96423,43174.69
96422,55339.31
96421,49040.11
96420,27316.2
96419,27980.31
96418,32421.15
96417,26924.78
96416,38875.26
96415,45633.32
96414,50363.48
96413,21059.56
96412,21041.07
96411,22600.66
96410,34157.55
96409,46517.27
96408,54407.11
96407,37941.01
96406,50762.23
96405,20647.05
96404,23040.07
96403,25925.45
96402,29950.81
96401,40460.52
96400,40083.93
96399,15934.49
96398,33392.14
96397,31782.08
96396,33396.31
96395,36230.44
96394,51941.41
96393,42426.56
96392,26510.23
96391,29458.77
96390,29700.0
96389,38242.35
96388,50054.31
96387,65540.46
96386,47328.62
96385,19171.53
96384,24948.79
96383,24101.87
96382,28634.71
96381,44382.96
96380,35874.28
96379,43172.34
96378,20690.51
96377,16774.49
96376,23196.99
96375,28184.63
96374,24994.39
96373,32124.75
96372,25940.8
96371,24134.51
