106486,44655.87
106485,57421.41
106484,46760.86
106483,18045.64
106482,17527.64
106481,14542.8
106480,19953.02
106479,905.16
106478,37513.06
106477,27800.6
106476,13913.53
106475,12589.35
106474,16806.36
106473,24006.85
106472,24618.35
106471,44474.54
106470,35257.3
106469,33906.73
106468,19247.79
106467,19729.42
106466,20744.51
106465,19787.03
106464,45276.32
106463,31875.34
106462,14535.43
106461,13101.45
106460,17145.34
106459,18535.91
106458,26380.67
106457,48994.66
106456,40699.7
106455,20840.8
106454,20049.73
106453,25807.47
106452,23319.52
106451,27107.4
106450,41570.48
106449,26122.86
106448,16017.44
106447,18732.63
106446,24566.09
106445,37746.2
106444,49826.88
106443,83302.1
106442,45194.37
106441,42838.62
106440,27414.39
106439,27401.84
106438,24209.26
106437,40774.19
106436,64532.3
106435,44915.79
106434,24007.76
106433,22197.91
106432,19998.12
106431,20192.1
106430,26331.66
106429,51312.33
106428,34637.54
106427,31936.53
106426,22898.56
106425,21147.85
106424,42314.29
106423,44035.64
106422,78413.81
106421,63345.85
106420,35038.66
106419,42495.95
106418,47262.92
106417,34409.11
106416,39478.72
106415,66980.56
106414,50943.77
106413,35536.69
106412,27486.36
106411,46110.94
106410,40844.15
106409,45733.46
106408,72482.13
106407,43527.13
106406,28912.62
106405,32672.77
106404,42769.92
106403,43613.66
106402,68727.27
106401,80378.99
106400,-13.99
106399,25999.89
106398,19044.95
106397,25923.72
106396,28519.97
106395,35159.17
106394,54628.27
106393,40697.95
106392,1008.26
106391,25206.48
106390,37372.69
106389,38147.87
106388,51497.08
106387,74082.01
106386,56609.01
106385,18432.37
106384,2006.16
106383,1030.44
106382,261.47
106381,31733.6
106380,58877.42
106379,43212.27
106378,1198.78
106377,22694.68
106376,24208.34
106375,37664.81
106374,49639.02
106373,67913.94
106372,50692.6
106371,26678.01
106370,31784.6
106369,34495.67
106368,36509.0
106367,45086.98
106366,84154.98
106365,52930.92
106364,25511.59
106363,28721.92
106362,33233.34
106361,43180.25
106360,57072.43
106359,83511.39
106358,53324.37
106357,22884.19
106356,24302.55
106355,21751.97
106354,32086.13
106353,48943.62
106352,70313.21
106351,57361.42
106350,35973.47
106349,35535.25
106348,36325.93
106347,27327.51
106346,48413.61
106345,72032.43
106344,61839.97
106343,25467.84
106342,26675.1
106341,25322.25
106340,36993.37
106339,44334.45
106338,66235.32
106337,58091.92
106336,60654.03
106335,18743.75
106334,27207.82
106333,28452.91
106332,37345.73
106331,63347.78
106330,54452.92
106329,28213.64
106328,41453.81
106327,41980.1
106326,42613.08
106325,47380.58
106324,69417.03
106323,53895.5
106322,34471.92
106321,36318.4
106320,38681.31
106319,43975.96
106318,56699.82
106317,74591.79
106316,52713.08
106315,26935.9
106314,27310.65
106313,29717.83
106312,29894.28
106311,44191.7
106310,52609.89
106309,52721.36
106308,22983.2
106307,21448.95
106306,30230.3
106305,29760.23
106304,41707.91
106303,50860.45
106302,40869.87
106301,38748.27
