146352,35079.06
146351,56016.17
146350,55606.05
146349,17248.44
146348,19408.62
146347,16529.03
146346,23517.66
146345,1141.68
146344,38412.38
146343,37561.67
146342,21145.8
146341,23081.81
146340,18443.24
146339,33529.81
146338,30979.72
146337,47038.24
146336,46098.9
146335,47820.87
146334,27512.1
146333,25265.41
146332,26298.19
146331,27325.89
146330,62354.71
146329,43773.09
146328,14720.25
146327,17065.86
146326,19979.36
146325,18901.63
146324,38873.51
146323,52088.88
146322,37200.24
146321,20670.69
146320,24956.24
146319,25805.74
146318,23938.14
146317,40601.59
146316,49442.34
146315,39090.39
146314,24484.25
146313,26942.93
146312,29329.35
146311,57807.13
146310,52981.07
146309,78017.01
146308,55991.02
146307,46257.18
146306,29200.95
146305,34931.97
146304,28914.62
146303,42018.32
146302,59725.26
146301,45575.5
146300,24004.18
146299,22045.14
146298,26597.41
146297,24169.42
146296,36298.82
146295,55673.7
146294,41698.13
146293,32186.24
146292,23128.49
146291,27284.07
146290,56976.95
146289,57093.63
146288,84265.03
146287,73623.81
146286,43995.81
146285,52105.84
146284,63716.29
146283,35252.73
146282,48391.63
146281,65330.26
146280,56849.11
146279,33489.8
146278,27785.76
146277,52749.04
146276,49590.62
146275,52599.17
146274,94399.44
146273,62738.76
146272,43204.83
146271,42750.65
146270,50556.75
146269,41580.96
146268,59234.42
146267,82177.05
146266,24084.09
146265,27068.14
146264,26396.34
146263,33425.92
146262,37453.43
146261,58877.48
146260,43525.74
146259,1407.31
146258,25805.51
146257,45720.12
146256,45380.07
146255,47062.74
146254,76307.43
146253,66276.82
146252,23462.47
146251,26162.56
146250,28285.64
146249,29511.98
146248,38192.41
146247,55298.3
146246,45969.22
146245,22871.2
146244,23062.73
146243,25514.43
146242,46229.77
146241,49536.22
146240,73927.65
146239,54652.48
146238,40806.81
146237,35783.71
146236,37712.81
146235,43211.12
146234,2193.88
146233,80061.71
146232,54531.14
146231,30958.78
146230,29464.87
146229,26444.71
146228,44789.67
146227,60102.31
146226,85218.06
146225,48513.66
146224,21403.84
146223,26698.82
146222,24732.91
146221,25568.17
146220,55818.24
146219,78649.89
146218,61464.86
146217,38508.22
146216,43616.25
146215,37936.63
146214,40925.16
146213,47861.68
146212,72647.99
146211,61149.01
146210,25329.9
146209,24286.23
146208,24327.34
146207,502.29
146206,49218.86
146205,65763.67
146204,54269.0
146203,63247.83
146202,23250.21
146201,28423.26
146200,28107.67
146199,35364.33
146198,51262.21
146197,52355.12
146196,16692.14
146195,37272.49
146194,32803.14
146193,40966.55
146192,46830.44
146191,70732.16
146190,65107.68
146189,35937.81
146188,41237.79
146187,33204.66
146186,40290.9
146185,53023.57
146184,74504.55
146183,51537.07
146182,27852.31
146181,27653.81
146180,26093.23
146179,36812.09
146178,43771.43
146177,46900.05
146176,55342.76
146175,22961.73
146174,20098.22
146173,21792.55
146172,32837.39
146171,36897.42
146170,46411.41
146169,38207.7
146168,29460.94
