193092,23730.14
193091,32995.66
193090,27436.06
193089,11201.97
193088,14891.51
193087,12437.58
193086,12275.64
193085,318.4
193084,24127.72
193083,20907.22
193082,11732.53
193081,12364.64
193080,12539.24
193079,21601.54
193078,23798.0
193077,28204.71
193076,28512.84
193075,27203.3
193074,15585.48
193073,18972.29
193072,15502.37
193071,17279.03
193070,28783.6
193069,22715.5
193068,15011.49
193067,11579.01
193066,11171.76
193065,14241.65
193064,21935.38
193063,32191.87
193062,20001.14
193061,14609.04
193060,15760.58
193059,16150.63
193058,12712.89
193057,22976.34
193056,28295.77
193055,26790.49
193054,14392.5
193053,15883.18
193052,15880.53
193051,38207.78
193050,38512.81
193049,60678.07
193048,37817.73
193047,27367.62
193046,22604.59
193045,24873.26
193044,15505.94
193043,30391.38
193042,37599.68
193041,26756.07
193040,11911.33
193039,20728.02
193038,15948.6
193037,17023.77
193036,22915.6
193035,35033.96
193034,21958.33
193033,22010.31
193032,15860.7
193031,16324.08
193030,40874.52
193029,40024.26
193028,48201.52
193027,39042.05
193026,28735.04
193025,29278.21
193024,38789.35
193023,27125.78
193022,30476.96
193021,37470.69
193020,34132.5
193019,19137.42
193018,18595.21
193017,31838.91
193016,28919.15
193015,34434.96
193014,46764.24
193013,37466.39
193012,26930.45
193011,28682.11
193010,31608.16
193009,28788.45
193008,39003.35
193007,55553.63
193006,15344.77
193005,13992.01
193004,19104.68
193003,19928.47
193002,26983.11
193001,35921.92
193000,26106.96
192999,744.48
192998,17295.46
192997,32092.76
192996,29271.9
192995,34347.67
192994,46020.24
192993,36384.9
192992,12606.23
192991,14834.53
192990,17272.7
192989,25101.32
192988,26252.39
192987,29898.96
192986,23110.92
192985,13847.99
192984,11057.95
192983,14235.0
192982,37710.21
192981,32296.9
192980,40958.13
192979,32853.93
192978,21100.0
192977,23364.31
192976,26449.31
192975,26207.45
192974,486.55
192973,49910.56
192972,23664.61
192971,19393.71
192970,22061.33
192969,19711.48
192968,33602.73
192967,40484.05
192966,53582.19
192965,27159.79
192964,15012.13
192963,13212.39
192962,16891.0
192961,16114.76
192960,37057.49
192959,40392.99
192958,33094.41
192957,23760.07
192956,19927.78
192955,23853.72
192954,22093.64
192953,31294.4
192952,46025.87
192951,34432.63
192950,12939.89
192949,16421.26
192948,17171.67
192947,273.23
192946,28633.78
192945,40996.53
192944,27692.02
192943,31097.78
192942,13851.02
192941,18133.6
192940,22520.55
192939,25421.89
192938,32196.59
192937,21054.62
192936,10122.59
192935,29725.18
192934,24187.07
192933,27083.19
192932,27114.93
192931,40704.19
192930,31804.62
192929,22334.86
192928,24301.33
192927,18726.61
192926,27244.64
192925,32217.26
192924,39421.95
192923,27691.16
192922,11680.51
192921,14666.26
192920,13902.39
192919,20941.37
192918,25323.97
192917,25227.23
192916,29945.92
192915,15971.78
192914,14344.84
192913,16888.37
192912,17474.31
192911,22829.41
192910,26573.85
192909,20474.61
192908,18130.16
