134099,26569.24
134098,44691.58
134097,40700.26
134096,16795.75
134095,12403.24
134094,17119.34
134093,18925.05
134092,1018.64
134091,26698.58
134090,27091.63
134089,13970.26
134088,15581.5
134087,12511.84
134086,26816.64
134085,25640.61
134084,37575.47
134083,29171.68
134082,25660.27
134081,22721.39
134080,21302.75
134079,22973.66
134078,17823.91
134077,44228.83
134076,33874.77
134075,14543.64
134074,12852.29
134073,13364.35
134072,13667.71
134071,32731.83
134070,38373.89
134069,30284.74
134068,16364.73
134067,21155.62
134066,15827.86
134065,18260.66
134064,33949.22
134063,35674.57
134062,29522.64
134061,19987.99
134060,20768.07
134059,24825.91
134058,44277.41
134057,55095.08
134056,76908.77
134055,45331.26
134054,38508.57
134053,27952.53
134052,29939.39
134051,21831.98
134050,38041.14
134049,54281.47
134048,38822.33
134047,18858.96
134046,18637.87
134045,21888.67
134044,20063.34
134043,31045.39
134042,42821.7
134041,27853.33
134040,30700.39
134039,21997.04
134038,25002.07
134037,42036.99
134036,53981.61
134035,64866.48
134034,51541.57
134033,33021.2
134032,38498.05
134031,51833.44
134030,33732.48
134029,38209.51
134028,51136.13
134027,42527.0
134026,21657.04
134025,21191.53
134024,44979.48
134023,35928.15
134022,45136.16
134021,65525.96
134020,42750.56
134019,34984.13
134018,36022.98
134017,40179.1
134016,31413.28
134015,38985.25
134014,67378.17
134013,19095.96
134012,20720.94
134011,20205.61
134010,24787.91
134009,31987.51
134008,39039.02
134007,40586.08
134006,547.51
134005,17963.95
134004,35216.49
134003,34321.73
134002,47278.72
134001,53170.63
134000,45085.96
133999,16234.73
133998,17100.03
133997,21763.98
133996,21984.85
133995,26962.29
133994,39958.22
133993,33514.8
133992,16030.6
133991,18177.97
133990,16339.18
133989,35486.27
133988,45048.85
133987,58854.08
133986,46410.31
133985,31127.23
133984,24974.87
133983,29348.11
133982,27416.1
133981,671.03
133980,59337.77
133979,45052.76
133978,22241.34
133977,27219.02
133976,24277.26
133975,41828.49
133974,46324.36
133973,72487.48
133972,39464.51
133971,18029.64
133970,17843.66
133969,22334.94
133968,18477.26
133967,48178.03
133966,55188.75
133965,48051.33
133964,24824.38
133963,24186.32
133962,29793.09
133961,26560.48
133960,37608.28
133959,55087.69
133958,50177.9
133957,17442.58
133956,19266.99
133955,20560.48
133954,193.52
133953,36140.62
133952,48247.42
133951,38685.92
133950,50061.02
133949,19432.94
133948,19738.77
133947,29394.51
133946,34235.96
133945,42980.57
133944,36790.38
133943,15463.76
133942,35473.04
133941,30734.73
133940,30093.53
133939,41841.18
133938,55592.65
133937,43753.05
133936,26260.84
133935,26518.11
133934,28433.62
133933,29597.45
133932,43018.1
133931,53317.46
133930,43827.19
133929,18022.8
133928,18395.56
133927,16725.11
133926,25544.25
133925,28562.09
133924,34565.07
133923,32845.59
133922,19719.99
133921,15940.68
133920,15396.36
133919,23561.7
133918,28724.52
133917,34887.02
133916,29556.8
133915,25042.19
