9566,23434.72
9565,44130.29
9564,44761.9
9563,16729.47
9562,21421.28
9561,20033.54
9560,17886.15
9559,386.91
9558,34989.3
9557,29438.17
9556,15127.55
9555,19024.64
9554,19443.32
9553,26041.56
9552,25508.79
9551,40769.78
9550,32316.52
9549,34175.77
9548,18154.8
9547,20705.28
9546,20714.65
9545,21507.41
9544,35494.12
9543,32641.34
9542,15237.47
9541,17284.06
9540,20317.31
9539,17607.88
9538,24642.85
9537,42732.03
9536,31160.82
9535,22072.22
9534,23925.04
9533,16834.46
9532,19394.64
9531,26056.54
9530,38462.98
9529,31684.07
9528,14511.68
9527,15090.41
9526,19178.13
9525,37142.79
9524,40463.37
9523,64411.88
9522,45885.95
9521,30903.89
9520,23410.99
9519,27403.79
9518,20282.74
9517,32515.45
9516,45889.72
9515,39509.8
9514,17852.67
9513,19324.89
9512,16685.62
9511,16843.72
9510,24782.16
9509,43839.25
9508,27734.17
9507,23353.8
9506,15530.62
9505,21410.27
9504,32865.96
9503,36730.01
9502,60565.46
9501,53255.88
9500,34243.91
9499,39579.37
9498,54806.54
9497,27175.52
9496,38461.1
9495,56083.38
9494,45374.28
9493,19858.99
9492,25870.87
9491,34054.7
9490,30312.58
9489,42824.88
9488,59188.74
9487,46022.38
9486,33325.4
9485,35721.12
9484,38717.79
9483,41047.56
9482,45373.71
9481,56785.02
9480,23776.22
9479,21271.24
9478,22371.78
9477,25241.37
9476,32131.06
9475,43228.45
9474,38637.61
9473,541.61
9472,19215.95
9471,26915.23
9470,29393.25
9469,34775.31
9468,52428.6
9467,41034.55
9466,18316.56
9465,852.69
9464,678.39
9463,162.63
9462,29294.31
9461,37133.84
9460,40662.39
9459,920.23
9458,25786.11
9457,27657.02
9456,42173.1
9455,44397.32
9454,58619.84
9453,43560.08
9452,30285.71
9451,35047.54
9450,39740.68
9449,29505.41
9448,44833.95
9447,67158.21
9446,44383.12
9445,26943.47
9444,27968.42
9443,30851.74
9442,36923.06
9441,43024.73
9440,57166.06
9439,38201.34
9438,24837.55
9437,25089.17
9436,20943.14
9435,27571.56
9434,47814.28
9433,53692.23
9432,46673.81
9431,29224.3
9430,26355.31
9429,34084.78
9428,30195.89
9427,38992.9
9426,50859.74
9425,43118.26
9424,24900.01
9423,23500.25
9422,25328.2
9421,35168.01
9420,45144.43
9419,49009.51
9418,38479.76
9417,51085.9
9416,32698.06
9415,28716.16
9414,33172.56
9413,36740.19
9412,39901.25
9411,42544.94
9410,23037.08
9409,43641.83
9408,41693.22
9407,30394.33
9406,41265.1
9405,48930.83
9404,44776.73
9403,28687.84
9402,29175.55
9401,33098.13
9400,42951.75
9399,47310.14
9398,41064.27
9397,48330.63
9396,22459.32
9395,27000.94
9394,23343.22
9393,29003.96
9392,37691.38
9391,35728.17
9390,41116.61
9389,21251.34
9388,18059.54
9387,22770.9
9386,26564.85
9385,30441.48
9384,33413.35
9383,26657.6
9382,21028.11
