172607,39392.9
172606,66599.23
172605,55555.24
172604,18165.71
172603,25398.88
172602,19082.07
172601,20128.54
172600,1248.77
172599,50965.87
172598,34675.84
172597,20392.32
172596,12463.29
172595,17854.98
172594,26497.79
172593,35130.82
172592,50280.49
172591,45690.42
172590,39318.86
172589,20902.36
172588,19882.35
172587,23267.32
172586,22569.36
172585,56151.72
172584,41775.84
172583,17875.57
172582,19261.52
172581,19766.42
172580,17886.01
172579,33220.24
172578,58456.29
172577,40131.79
172576,21290.42
172575,22624.04
172574,24788.68
172573,30398.21
172572,34677.61
172571,61837.1
172570,42055.9
172569,19497.08
172568,19656.87
172567,26660.75
172566,48167.82
172565,62171.86
172564,100669.45
172563,63750.84
172562,41871.93
172561,26491.66
172560,38706.62
172559,29541.18
172558,42992.35
172557,67464.59
172556,57812.41
172555,22268.23
172554,22271.54
172553,21947.13
172552,17012.14
172551,31267.43
172550,68082.52
172549,50019.37
172548,33696.77
172547,18586.42
172546,23939.87
172545,41691.81
172544,55201.12
172543,100485.09
172542,85131.27
172541,41208.53
172540,51302.9
172539,67988.4
172538,30688.08
172537,47934.0
172536,77858.95
172535,67694.54
172534,27650.87
172533,25902.74
172532,47102.32
172531,40319.54
172530,51727.39
172529,87733.16
172528,68081.62
172527,38988.07
172526,47071.58
172525,58884.51
172524,43988.23
172523,65955.82
172522,93689.62
172521,17681.81
172520,24585.45
172519,25880.96
172518,29628.13
172517,43016.93
172516,59944.07
172515,55401.69
172514,21655.52
172513,22398.6
172512,35854.36
172511,35322.12
172510,45771.89
172509,75755.14
172508,64840.38
172507,1089.19
172506,18724.78
172505,27567.46
172504,28053.22
172503,38635.02
172502,61551.0
172501,63222.69
172500,29659.45
172499,31468.22
172498,31032.87
172497,51700.04
172496,61676.75
172495,92609.42
172494,68063.36
172493,40382.68
172492,40202.37
172491,40584.64
172490,43214.24
172489,805.2
172488,101738.13
172487,63195.11
172486,26282.49
172485,35301.0
172484,38213.25
172483,54425.02
172482,57616.89
172481,94997.73
172480,62312.33
172479,23022.44
172478,29247.77
172477,25777.91
172476,28640.55
172475,58836.0
172474,83144.37
172473,60829.23
172472,32327.33
172471,34564.21
172470,37993.78
172469,36212.81
172468,52416.64
172467,80295.59
172466,70523.37
172465,28807.57
172464,31857.85
172463,34990.34
172462,897.63
172461,62167.87
172460,82590.65
172459,71572.75
172458,71908.93
172457,34692.38
172456,40498.36
172455,48030.94
172454,54902.97
172453,66444.53
172452,66145.62
172451,25768.33
172450,51813.14
172449,43919.83
172448,43940.77
172447,63063.97
172446,83723.79
172445,65584.45
172444,39111.81
172443,38768.73
172442,41385.43
172441,48503.69
172440,71463.31
172439,84436.5
172438,66315.6
172437,27815.31
172436,32744.19
172435,27091.13
172434,34126.73
172433,49537.84
172432,56731.34
172431,65830.02
172430,29192.28
172429,24090.5
172428,34090.57
172427,38475.15
172426,40244.67
172425,51029.27
172424,46782.19
172423,37938.01
