37209,40649.09
37208,54384.51
37207,34189.32
37206,11716.77
37205,14382.05
37204,15963.25
37203,15038.48
37202,1145.02
37201,32982.6
37200,14512.55
37199,9210.68
37198,9473.75
37197,14290.51
37196,21188.81
37195,27889.32
37194,42232.8
37193,23696.49
37192,27138.81
37191,16802.07
37190,8424.8
37189,18262.92
37188,2397.8
37187,133.84
37186,11691.27
37185,10435.46
37184,10194.84
37183,14852.99
37182,12442.98
37181,26970.58
37180,50118.69
37179,24843.67
37178,17232.97
37177,16401.58
37176,14160.75
37175,20355.09
37174,33950.04
37173,48274.81
37172,24045.0
37171,16202.81
37170,11565.18
37169,20178.73
37168,42143.53
37167,48356.41
37166,84222.55
37165,32846.87
37164,14498.07
37163,25862.6
37162,27141.22
37161,23019.14
37160,37142.1
37159,68567.07
37158,35065.97
37157,17888.68
37156,17789.49
37155,18984.03
37154,13302.97
37153,29902.73
37152,65859.16
37151,26843.46
37150,23410.5
37149,20196.15
37148,17161.92
37147,36624.53
37146,52052.55
37145,93159.85
37144,56007.93
37143,40622.33
37142,43227.78
37141,54360.94
37140,34347.42
37139,48118.42
37138,91786.05
37137,49698.65
37136,21107.94
37135,23820.34
37134,40831.81
37133,41263.51
37132,57319.29
37131,92641.81
37130,42607.8
37129,41064.06
37128,43415.91
37127,49108.43
37126,43573.0
37125,79986.73
37124,91307.63
37123,18808.84
37122,24665.1
37121,19290.02
37120,28626.72
37119,32247.51
37118,50819.86
37117,30039.83
37116,535.26
37115,18053.85
37114,41765.42
37113,28318.86
37112,42937.4
37111,67912.95
37110,43038.83
37109,15012.25
37108,2.4
37107,32591.93
37106,49643.81
37105,31442.46
37104,982.83
37103,20896.67
37102,19390.91
37101,48225.21
37100,58413.18
37099,77117.52
37098,41126.66
37097,28411.33
37096,30963.87
37095,35273.75
37094,37197.03
37093,52287.64
37092,77728.79
37091,42326.84
37090,22495.79
37089,22314.61
37088,29277.08
37087,38794.56
37086,54299.33
37085,72065.29
37084,39305.14
37083,17952.25
37082,21422.02
37081,19457.46
37080,23098.25
37079,55248.92
37078,74549.5
37077,38530.68
37076,30289.33
37075,30718.77
37074,32534.75
37073,26888.05
37072,41630.72
37071,68701.94
37070,44551.45
37069,20531.5
37068,21356.39
37067,22775.37
37066,34442.98
37065,38645.02
37064,56945.54
37063,43096.81
37062,46718.23
37061,21748.22
37060,23100.56
37059,31396.21
37058,41054.85
37057,53424.19
37056,37704.13
37055,22572.89
37054,44045.81
37053,39485.52
37052,40864.45
37051,49349.91
37050,62698.38
37049,39937.33
37048,33874.93
37047,31904.82
37046,34850.86
37045,39635.85
37044,58475.69
37043,55706.39
37042,37061.54
37041,17778.46
37040,17714.37
37039,22399.35
37038,23264.24
37037,40513.79
37036,42943.78
37035,38857.38
37034,18545.51
37033,14713.75
37032,21661.88
37031,25419.0
37030,28858.28
37029,36645.23
37028,26438.25
37027,25223.15
