169726,22026.6
169725,35069.39
169724,18280.11
169723,7547.53
169722,8644.45
169721,11588.1
169720,10176.25
169719,605.22
169718,22793.41
169717,16296.67
169716,6126.24
169715,5848.48
169714,9169.51
169713,13904.38
169712,16009.5
169711,26800.86
169710,15600.65
169709,17523.8
169708,11262.38
169707,10380.26
169706,11180.21
169705,13109.31
169704,24142.0
169703,21650.68
169702,7984.14
169701,7751.63
169700,10786.94
169699,10313.46
169698,17159.28
169697,29494.66
169696,19699.42
169695,12342.97
169694,8631.13
169693,9603.72
169692,14104.13
169691,16656.94
169690,29940.4
169689,12732.43
169688,10656.15
169687,11849.51
169686,11612.16
169685,20379.3
169684,23756.61
169683,42612.61
169682,31310.09
169681,24474.87
169680,12024.39
169679,14119.93
169678,13744.49
169677,16080.61
169676,34768.46
169675,20845.24
169674,11695.15
169673,7515.39
169672,11883.46
169671,10639.82
169670,16792.97
169669,26714.46
169668,19978.8
169667,16239.72
169666,10615.52
169665,11336.22
169664,19933.13
169663,21742.71
169662,37590.52
169661,29994.3
169660,16925.03
169659,16269.95
169658,20184.11
169657,13534.02
169656,20975.36
169655,34631.81
169654,28367.29
169653,11085.55
169652,12195.06
169651,17526.26
169650,17125.55
169649,21079.26
169648,39703.3
169647,31052.63
169646,13929.52
169645,15695.98
169644,17019.98
169643,18604.29
169642,19107.07
169641,40114.65
169640,13588.55
169639,13333.57
169638,11389.44
169637,15664.97
169636,18875.51
169635,34472.9
169634,31519.17
169633,14430.62
169632,15651.67
169631,19222.69
169630,24137.28
169629,31806.39
169628,46395.28
169627,32961.87
169626,145.61
169625,10773.78
169624,12523.3
169623,18759.91
169622,20678.57
169621,33468.63
169620,25158.61
169619,12053.48
169618,14426.61
169617,14916.81
169616,16240.45
169615,28163.17
169614,50275.88
169613,35595.91
169612,15383.52
169611,14098.38
169610,18437.9
169609,15503.76
169608,99.99
169607,44933.12
169606,31806.36
169605,13867.61
169604,18726.31
169603,18512.78
169602,21693.41
169601,31435.25
169600,46666.69
169599,36397.64
169598,14817.31
169597,15474.0
169596,16127.55
169595,17776.93
169594,26938.61
169593,39193.72
169592,34959.71
169591,16299.33
169590,17553.82
169589,18451.49
169588,14990.76
169587,30839.8
169586,40786.34
169585,35338.72
169584,15425.98
169583,12863.64
169582,12889.53
169581,39.99
169580,27664.03
169579,38276.83
169578,32260.72
169577,36026.03
169576,15045.75
169575,14631.25
169574,18012.21
169573,22818.83
169572,34157.78
169571,27417.9
169570,15722.35
169569,25822.33
169568,19519.52
169567,22577.88
169566,27400.12
169565,49740.38
169564,31850.79
169563,21293.6
169562,16755.75
169561,19452.34
169560,19463.58
169559,27465.96
169558,34172.83
169557,30714.05
169556,14132.87
169555,17124.0
169554,15794.81
169553,16768.11
169552,28124.96
169551,28455.9
169550,32118.73
169549,18616.57
169548,10331.18
169547,17829.56
169546,18402.13
169545,24626.61
169544,32302.26
169543,29943.46
169542,17788.7
