215060,19098.83
215059,27392.8
215058,16993.76
215057,7554.82
215056,10912.68
215055,9012.88
215054,9766.16
215053,666.62
215052,17512.92
215051,12034.38
215050,5978.2
215049,6578.29
215048,7029.99
215047,13184.34
215046,17071.92
215045,24134.56
215044,13321.58
215043,16598.77
215042,9822.19
215041,7717.49
215040,8245.62
215039,4184.1
215038,9418.22
215037,13936.95
215036,8529.34
215035,7618.27
215034,13110.51
215033,9368.91
215032,14320.78
215031,25149.22
215030,14006.94
215029,10498.86
215028,6290.92
215027,9586.59
215026,10562.3
215025,11774.06
215024,20958.64
215023,10655.61
215022,7067.87
215021,7536.48
215020,10345.77
215019,20415.41
215018,24504.35
215017,42395.46
215016,18663.87
215015,14366.41
215014,8276.02
215013,12227.61
215012,10303.91
215011,15001.66
215010,26598.86
215009,16389.54
215008,5954.99
215007,6684.88
215006,6608.13
215005,10858.92
215004,13402.25
215003,27388.26
215002,14013.18
215001,12962.57
215000,8655.17
214999,9121.82
214998,17010.41
214997,24045.08
214996,36143.47
214995,22109.97
214994,12140.03
214993,19246.58
214992,24539.52
214991,17035.89
214990,20396.49
214989,38639.2
214988,22605.42
214987,12945.91
214986,12851.12
214985,25019.49
214984,22354.61
214983,21898.58
214982,34043.62
214981,23268.67
214980,15855.79
214979,18762.59
214978,19303.31
214977,14447.02
214976,31831.04
214975,42010.97
214974,9155.2
214973,12946.32
214972,11754.21
214971,9465.7
214970,19096.37
214969,25047.31
214968,14834.52
214967,9093.96
214966,10223.27
214965,15797.11
214964,16790.62
214963,22651.89
214962,34687.25
214961,19150.56
214960,676.96
214959,9866.3
214958,10604.45
214957,11039.36
214956,14054.35
214955,21477.17
214954,16632.68
214953,9528.39
214952,8958.25
214951,8844.91
214950,18112.35
214949,23727.32
214948,28957.24
214947,20925.47
214946,13287.64
214945,14913.6
214944,15810.48
214943,16806.85
214942,630.14
214941,36290.78
214940,23226.09
214939,11814.74
214938,15970.26
214937,16461.51
214936,20798.2
214935,25779.67
214934,34788.05
214933,22149.74
214932,12221.45
214931,14043.07
214930,12434.5
214929,13996.99
214928,27858.24
214927,32963.54
214926,23027.3
214925,16064.25
214924,17984.34
214923,19779.1
214922,16925.14
214921,23503.56
214920,33250.8
214919,25640.49
214918,13772.05
214917,15988.25
214916,14026.61
214915,22251.25
214914,20769.88
214913,28528.46
214912,20304.49
214911,20624.69
214910,17010.79
214909,10009.24
214908,16250.2
214907,16978.31
214906,24442.64
214905,18383.89
214904,12493.64
214903,16731.74
214902,17945.73
214901,15479.16
214900,26164.11
214899,25223.77
214898,18740.84
214897,14742.04
214896,16644.2
214895,14487.65
214894,17595.46
214893,23281.53
214892,27278.56
214891,20909.49
214890,10371.76
214889,13855.5
214888,12295.77
214887,12812.22
214886,15170.4
214885,17519.49
214884,17247.59
214883,14468.09
214882,1582.24
214881,11999.46
214880,13477.13
214879,16306.5
214878,17004.89
214877,14873.76
214876,10317.27
