32430,38416.85
32429,84165.06
32428,64907.34
32427,21872.86
32426,20063.92
32425,27162.68
32424,25237.03
32423,953.6
32422,54642.46
32421,27678.95
32420,17804.56
32419,16674.69
32418,13236.25
32417,34368.93
32416,41770.65
32415,67156.63
32414,39288.79
32413,13247.96
32412,22630.29
32411,27822.07
32410,29463.93
32409,36578.21
32408,73441.72
32407,55901.11
32406,18327.38
32405,17257.23
32404,21923.88
32403,18421.3
32402,38949.15
32401,73265.74
32400,44554.6
32399,25771.0
32398,23494.97
32397,27834.83
32396,28468.25
32395,41079.35
32394,66334.59
32393,37050.89
32392,22551.14
32391,19051.54
32390,22200.5
32389,50249.24
32388,65112.52
32387,98828.14
32386,75410.33
32385,60567.63
32384,28436.56
32383,44273.72
32382,36584.46
32381,53712.06
32380,94976.12
32379,63833.4
32378,25836.78
32377,29008.14
32376,25403.79
32375,21144.43
32374,41998.59
32373,83150.27
32372,41997.69
32371,41800.56
32370,22163.23
32369,21503.66
32368,71966.06
32367,80860.09
32366,117821.65
32365,101476.37
32364,60290.81
32363,69287.62
32362,100775.47
32361,40760.88
32360,65655.3
32359,97823.82
32358,75234.19
32357,30408.95
32356,34302.29
32355,57661.49
32354,49617.63
32353,70873.21
32352,122216.65
32351,87516.21
32350,60806.82
32349,66845.08
32348,78300.54
32347,59351.82
32346,94387.76
32345,120117.0
32344,25447.69
32343,29138.5
32342,33713.6
32341,34366.4
32340,45847.91
32339,66509.98
32338,54910.06
32337,19283.78
32336,26533.02
32335,54921.82
32334,43345.0
32333,58442.49
32332,72014.74
32331,68389.84
32330,2753.12
32329,29359.63
32328,32436.49
32327,36934.53
32326,48501.34
32325,70836.58
32324,54724.11
32323,30716.77
32322,28453.9
32321,29633.98
32320,81984.2
32319,86760.24
32318,116781.95
32317,77112.0
32316,51627.01
32315,56289.77
32314,62715.62
32313,52703.18
32312,1900.93
32311,120091.43
32310,67890.13
32309,32736.64
32308,42734.79
32307,44420.55
32306,65257.25
32305,75194.59
32304,113019.76
32303,68689.24
32302,26305.27
32301,33471.29
32300,36373.61
32299,36827.51
32298,82333.71
32297,109639.74
32296,84513.95
32295,59613.4
32294,57459.86
32293,62700.65
32292,53970.98
32291,71238.46
32290,104253.15
32289,85233.85
32288,37190.44
32287,41304.51
32286,45839.68
32285,1339.65
32284,90846.03
32283,97409.53
32282,85001.2
32281,83127.03
32280,42325.91
32279,43156.46
32278,58703.44
32277,67447.99
32276,84844.25
32275,67365.81
32274,38725.71
32273,83178.84
32272,74399.48
32271,61876.26
32270,74582.78
32269,102605.86
32268,77430.62
32267,59264.04
32266,54479.17
32265,56088.59
32264,67958.4
32263,84601.39
32262,90263.03
32261,69355.16
32260,40238.62
32259,54669.68
32258,38938.78
32257,52251.19
32256,70477.96
32255,75247.38
32254,74673.9
32253,32658.77
32252,22921.97
32251,33350.52
32250,44105.76
32249,49923.33
32248,58933.03
32247,36438.65
32246,32836.05
