197890,36221.62
197889,49380.72
197888,46177.67
197887,25085.67
197886,17498.46
197885,20209.95
197884,21984.19
197883,1850.2
197882,45904.96
197881,27736.13
197880,12231.3
197879,10376.98
197878,17739.21
197877,15995.45
197876,32927.88
197875,43381.39
197874,30049.72
197873,33772.27
197872,15684.62
197871,17415.17
197870,17941.82
197869,18543.24
197868,43055.04
197867,26522.64
197866,15630.58
197865,11797.32
197864,15682.76
197863,14120.34
197862,24395.51
197861,57559.3
197860,37521.38
197859,21213.47
197858,17675.39
197857,20466.9
197856,22800.46
197855,30178.82
197854,52902.74
197853,21742.57
197852,20104.02
197851,18984.22
197850,24776.91
197849,36536.45
197848,47455.44
197847,83728.73
197846,52159.28
197845,49971.7
197844,21310.71
197843,22346.6
197842,22696.05
197841,39609.27
197840,61548.3
197839,24518.95
197838,20879.72
197837,15825.24
197836,22275.65
197835,22995.08
197834,34313.51
197833,66660.37
197832,36890.32
197831,27514.45
197830,20924.67
197829,27319.68
197828,34824.85
197827,30553.79
197826,67653.37
197825,58711.19
197824,28858.73
197823,29010.81
197822,34389.95
197821,29547.21
197820,41126.74
197819,65888.97
197818,48025.88
197817,36003.97
197816,27650.74
197815,37259.65
197814,39177.71
197813,47933.28
197812,40074.89
197811,36211.21
197810,25410.06
197809,33718.6
197808,37059.38
197807,34933.33
197806,53837.53
197805,83854.69
197804,20136.52
197803,20915.42
197802,18584.5
197801,28121.13
197800,35167.41
197799,70415.42
197798,44426.15
197797,23966.69
197796,24146.59
197795,36424.72
197794,27990.51
197793,43855.88
197792,74421.9
197791,56537.76
197790,18351.41
197789,22427.84
197788,30385.16
197787,37683.48
197786,63289.48
197785,42028.1
197784,24545.16
197783,22969.68
197782,26886.26
197781,33974.02
197780,43164.76
197779,70470.79
197778,56135.02
197777,25904.24
197776,28364.05
197775,32399.66
197774,31161.8
197773,83403.85
197772,51589.82
197771,21554.8
197770,33234.48
197769,29099.25
197768,38826.06
197767,50690.46
197766,81587.69
197765,54840.75
197764,27560.35
197763,23630.42
197762,26921.67
197761,27006.02
197760,46179.13
197759,63404.59
197758,59266.28
197757,34393.55
197756,30362.42
197755,29842.37
197754,29476.25
197753,41158.89
197752,61318.81
197751,48549.72
197750,28737.59
197749,25115.19
197748,24800.88
197747,46684.37
197746,50280.4
197745,48219.29
197744,52200.97
197743,27630.06
197742,22693.53
197741,35682.33
197740,41542.5
197739,57615.74
197738,45198.83
197737,22868.56
197736,36542.12
197735,31908.38
197734,28638.44
197733,39428.77
197732,58751.93
197731,44364.28
197730,31220.44
197729,29972.98
197728,32818.69
197727,33292.17
197726,46296.24
197725,52544.07
197724,37918.81
197723,26590.98
197722,22029.43
197721,27581.33
197720,27650.73
197719,50097.57
197718,43404.53
197717,45477.2
197716,24013.37
197715,17446.93
197714,22427.92
197713,33355.05
197712,35991.54
197711,42791.92
197710,43995.61
197709,29755.57
