23396,19749.5
23395,43807.15
23394,33840.71
23393,11218.38
23392,12150.79
23391,14425.25
23390,15261.87
23389,1160.15
23388,28396.53
23387,17388.69
23386,8084.06
23385,6851.51
23384,11216.18
23383,17477.94
23382,25311.31
23381,37276.21
23380,21471.89
23379,23233.22
23378,14492.32
23377,12749.65
23376,18822.91
23375,12746.91
23374,25900.31
23373,27443.63
23372,10043.1
23371,9970.35
23370,15651.42
23369,13571.33
23368,26295.7
23367,46154.24
23366,24386.52
23365,17359.54
23364,13748.37
23363,14848.42
23362,19303.53
23361,23999.71
23360,37710.0
23359,22899.51
23358,10495.42
23357,9767.23
23356,17453.21
23355,40398.93
23354,45800.65
23353,64322.68
23352,41270.95
23351,24771.11
23350,11702.9
23349,24367.43
23348,21813.49
23347,37374.52
23346,56110.32
23345,33384.14
23344,15301.53
23343,15076.45
23342,14871.49
23341,12769.76
23340,27459.36
23339,49344.59
23338,22698.49
23337,21553.66
23336,15849.39
23335,14970.43
23334,33480.96
23333,42161.94
23332,72728.29
23331,46499.23
23330,30814.35
23329,38430.09
23328,48632.24
23327,22380.81
23326,36409.37
23325,52961.81
23324,42749.64
23323,14284.76
23322,18311.05
23321,30075.46
23320,28426.43
23319,42139.51
23318,63377.57
23317,38463.28
23316,30648.47
23315,34889.81
23314,42728.67
23313,39108.08
23312,56891.68
23311,69750.57
23310,19307.68
23309,17845.79
23308,15908.87
23307,24869.38
23306,27883.49
23305,40382.03
23304,28425.78
23303,524.51
23302,15417.47
23301,27889.05
23300,30919.45
23299,39716.38
23298,52720.88
23297,37404.27
23296,11534.87
23295,16462.97
23294,17949.44
23293,19088.73
23292,28992.72
23291,41546.0
23290,28365.83
23289,22549.29
23288,18302.67
23287,19465.97
23286,43259.19
23285,56815.72
23284,57748.11
23283,38862.91
23282,27513.31
23281,30551.94
23280,32878.01
23279,31937.7
23278,536.2
23277,56531.41
23276,32365.63
23275,25675.86
23274,21936.61
23273,26141.76
23272,39572.7
23271,44300.59
23270,57794.84
23269,34493.08
23268,13561.27
23267,18312.96
23266,19329.91
23265,17727.89
23264,44763.97
23263,60048.08
23262,35272.37
23261,25354.53
23260,26475.73
23259,29468.09
23258,27989.08
23257,35570.82
23256,58371.87
23255,40281.24
23254,19304.72
23253,22488.27
23252,22143.53
23251,397.95
23250,45625.39
23249,52971.54
23248,36426.95
23247,36482.02
23246,24583.25
23245,22964.54
23244,30821.38
23243,33109.28
23242,44416.08
23241,30156.4
23240,20779.74
23239,36984.1
23238,31416.34
23237,38463.8
23236,43864.17
23235,50578.86
23234,35623.54
23233,25578.18
23232,32949.51
23231,30802.34
23230,39423.59
23229,44542.3
23228,45257.01
23227,32609.47
23226,17985.44
23225,17866.19
23224,18342.29
23223,24958.62
23222,40066.59
23221,31468.53
23220,32136.67
23219,20783.65
23218,14397.25
23217,16782.38
23216,24916.55
23215,30040.43
23214,29658.64
23213,20846.62
23212,21516.97
