96175,38644.01
96174,53115.41
96173,65792.64
96172,25041.93
96171,21862.18
96170,25133.33
96169,23387.69
96168,1187.52
96167,39594.27
96166,35398.27
96165,23157.91
96164,19474.59
96163,20418.04
96162,38230.14
96161,38968.79
96160,50022.31
96159,35505.28
96158,36917.06
96157,30362.25
96156,28544.09
96155,30156.85
96154,29798.23
96153,51615.14
96152,43555.85
96151,24418.95
96150,24066.08
96149,21807.33
96148,29672.94
96147,37908.22
96146,57158.88
96145,29197.51
96144,28229.38
96143,32354.08
96142,32140.55
96141,35520.75
96140,42928.48
96139,52180.79
96138,32235.93
96137,27155.75
96136,28573.29
96135,34612.1
96134,68258.21
96133,70682.71
96132,92070.34
96131,56319.67
96130,58162.04
96129,35411.64
96128,39378.05
96127,25253.24
96126,48069.14
96125,64608.67
96124,55002.27
96123,26311.09
96122,31531.9
96121,30399.49
96120,27807.78
96119,44958.8
96118,58573.02
96117,42975.65
96116,41028.42
96115,35807.11
96114,35607.51
96113,63945.34
96112,72808.54
96111,75409.26
96110,67111.43
96109,39865.78
96108,57010.86
96107,67464.51
96106,36084.85
96105,45399.22
96104,70634.41
96103,57989.9
96102,29185.42
96101,30536.94
96100,53698.72
96099,52517.15
96098,63226.73
96097,72373.35
96096,62765.02
96095,49579.46
96094,49968.99
96093,62434.8
96092,50147.75
96091,68581.68
96090,96382.84
96089,29017.02
96088,30204.49
96087,34233.21
96086,35864.6
96085,45639.58
96084,50477.79
96083,47269.99
96082,1331.24
96081,24603.79
96080,43613.85
96079,42311.53
96078,52447.36
96077,72408.4
96076,65417.45
96075,28128.53
96074,32247.45
96073,29560.85
96072,36698.37
96071,45766.15
96070,51546.02
96069,46174.03
96068,27581.8
96067,30540.48
96066,31108.49
96065,55436.51
96064,64590.81
96063,71499.55
96062,61354.35
96061,40955.58
96060,42063.96
96059,44817.79
96058,47027.9
96057,2837.51
96056,74419.24
96055,52265.33
96054,37634.42
96053,43294.4
96052,45144.59
96051,56421.71
96050,72519.97
96049,102477.64
96048,62876.18
96047,26884.83
96046,35728.77
96045,35071.33
96044,38242.79
96043,68392.66
96042,73758.36
96041,56623.38
96040,41812.46
96039,42819.9
96038,37424.36
96037,49152.07
96036,65358.35
96035,77165.69
96034,67586.18
96033,29173.02
96032,33463.95
96031,27117.23
96030,1028.1
96029,57216.8
96028,69955.93
96027,53863.29
96026,75795.93
96025,33325.09
96024,38907.59
96023,47783.25
96022,53954.86
96021,69508.15
96020,58732.18
96019,41617.75
96018,63726.28
96017,57179.51
96016,60074.42
96015,63374.72
96014,69852.41
96013,55904.85
96012,46233.49
96011,44926.35
96010,43353.97
96009,56920.0
96008,75746.48
96007,81764.51
96006,63891.58
96005,27234.02
96004,35474.84
96003,37732.72
96002,43407.26
96001,57670.74
96000,54892.38
95999,63747.65
95998,32007.47
95997,28828.84
95996,33801.93
95995,39239.14
95994,46101.15
95993,56875.85
95992,49000.93
95991,34856.39
