126994,33369.14
126993,50378.79
126992,44780.81
126991,20429.13
126990,17094.44
126989,15575.03
126988,20098.86
126987,1174.7
126986,38638.7
126985,27268.15
126984,17968.24
126983,16032.14
126982,15241.75
126981,23385.78
126980,30463.34
126979,39402.37
126978,25075.32
126977,35576.96
126976,16461.19
126975,20349.81
126974,20477.26
126973,22075.52
126972,39043.64
126971,34538.45
126970,14670.54
126969,16458.57
126968,15633.95
126967,13990.04
126966,25184.59
126965,45318.39
126964,31403.58
126963,17904.45
126962,19995.13
126961,18860.59
126960,23081.3
126959,28145.95
126958,39222.22
126957,26211.24
126956,19070.73
126955,22284.57
126954,23479.0
126953,40651.84
126952,47395.67
126951,69726.32
126950,46299.74
126949,46966.35
126948,25863.76
126947,24523.9
126946,20890.48
126945,36916.94
126944,49044.88
126943,37524.93
126942,22046.69
126941,20376.21
126940,21345.4
126939,19019.26
126938,32591.32
126937,43553.49
126936,34335.91
126935,27708.18
126934,18983.99
126933,20020.64
126932,40342.1
126931,40160.4
126930,59792.74
126929,54818.63
126928,28980.55
126927,32171.99
126926,46468.26
126925,26168.09
126924,30990.89
126923,52119.41
126922,40003.25
126921,17385.33
126920,19630.4
126919,32366.0
126918,30060.66
126917,40630.65
126916,61672.38
126915,49100.27
126914,31167.98
126913,34198.07
126912,42718.77
126911,36004.69
126910,50639.6
126909,64608.83
126908,21188.75
126907,21206.05
126906,23920.96
126905,31113.91
126904,38994.86
126903,47555.8
126902,44666.65
126901,8.49
126900,22408.99
126899,40922.19
126898,39274.04
126897,42299.72
126896,61139.75
126895,55796.08
126894,18866.09
126893,38492.95
126892,49430.32
126891,43755.65
126890,31.36
126889,25394.61
126888,25659.15
126887,40206.16
126886,45591.86
126885,62193.37
126884,48328.22
126883,28814.4
126882,27918.85
126881,28899.47
126880,33338.08
126879,48390.08
126878,65126.51
126877,46548.58
126876,26619.32
126875,27845.54
126874,32750.88
126873,37745.98
126872,52134.07
126871,78186.19
126870,51640.04
126869,23149.36
126868,23877.99
126867,25137.28
126866,27735.44
126865,50325.36
126864,56438.78
126863,48450.81
126862,31576.42
126861,31340.1
126860,37749.07
126859,37774.45
126858,48417.34
126857,58097.32
126856,54142.5
126855,23030.32
126854,20599.5
126853,23054.41
126852,40165.95
126851,46722.5
126850,62019.85
126849,54836.19
126848,61529.53
126847,30133.06
126846,32295.64
126845,40190.41
126844,42803.13
126843,49396.93
126842,51023.96
126841,26521.78
126840,35622.09
126839,33628.07
126838,37140.44
126837,40903.14
126836,53190.36
126835,51891.96
126834,30913.55
126833,29281.38
126832,31698.27
126831,33524.09
126830,46505.8
126829,54770.65
126828,44358.29
126827,22889.39
126826,18260.97
126825,22157.35
126824,30294.98
126823,39463.99
126822,41248.09
126821,42282.64
126820,20896.84
126819,16316.75
126818,23113.3
126817,29751.45
126816,38565.53
126815,46531.93
126814,37487.22
126813,27730.95
