37401,30600.14
37400,49189.9
37399,35221.09
37398,17694.39
37397,16596.81
37396,17621.12
37395,15422.04
37394,1070.82
37393,36518.19
37392,20408.29
37391,13843.97
37390,13002.47
37389,14395.48
37388,19247.88
37387,21960.85
37386,41391.75
37385,25275.43
37384,33444.48
37383,21295.55
37382,22617.65
37381,26215.78
37380,16787.76
37379,150.32
37378,902.76
37377,6673.79
37376,9366.94
37375,12707.63
37374,15383.51
37373,23971.58
37372,40798.04
37371,29303.65
37370,14585.07
37369,15650.24
37368,13180.45
37367,16973.56
37366,27009.74
37365,39641.48
37364,26888.68
37363,11839.56
37362,12204.92
37361,19288.78
37360,32456.07
37359,40486.25
37358,66229.32
37357,34820.22
37356,12115.78
37355,16203.07
37354,22577.37
37353,19517.71
37352,28944.48
37351,49634.72
37350,32932.73
37349,12857.92
37348,14052.39
37347,14153.86
37346,16825.04
37345,25792.44
37344,50369.63
37343,26037.43
37342,23015.57
37341,18317.97
37340,14902.69
37339,29789.47
37338,35161.6
37337,67586.8
37336,48562.69
37335,33709.29
37334,35396.1
37333,46890.16
37332,31345.01
37331,39441.33
37330,65220.57
37329,44921.81
37328,21052.45
37327,15779.85
37326,34452.41
37325,29101.06
37324,37996.23
37323,68506.3
37322,43071.88
37321,29722.6
37320,30546.26
37319,42647.09
37318,34971.8
37317,51844.14
37316,84755.55
37315,24025.06
37314,18224.18
37313,21370.36
37312,23259.25
37311,29938.87
37310,50099.51
37309,33353.59
37308,616.95
37307,17170.95
37306,30428.63
37305,22258.88
37304,36660.57
37303,54297.56
37302,48056.09
37301,15775.31
37300,18175.04
37299,20462.38
37298,21491.39
37297,27990.25
37296,38884.92
37295,36845.72
37294,20274.22
37293,19729.56
37292,21465.3
37291,36071.19
37290,40389.92
37289,66236.39
37288,44209.31
37287,26476.29
37286,33880.44
37285,29737.09
37284,27879.48
37283,714.72
37282,60219.73
37281,37567.69
37280,23370.74
37279,23908.24
37278,30021.46
37277,34206.94
37276,36774.97
37275,83876.37
37274,43437.05
37273,18618.19
37272,16099.58
37271,18941.36
37270,21257.2
37269,42017.02
37268,60409.24
37267,43175.92
37266,28170.71
37265,28100.08
37264,33820.36
37263,21095.9
37262,34841.89
37261,54595.19
37260,49372.55
37259,22140.65
37258,23629.33
37257,24408.79
37256,436.21
37255,48134.33
37254,58698.92
37253,48438.07
37252,64909.75
37251,28186.39
37250,27248.37
37249,29317.96
37248,29662.06
37247,57924.22
37246,40862.79
37245,25110.93
37244,36117.16
37243,41025.38
37242,34796.54
37241,39124.53
37240,69392.08
37239,52282.69
37238,31811.06
37237,34721.81
37236,31307.59
37235,39630.47
37234,47823.42
37233,76181.7
37232,46545.54
37231,23074.08
37230,22573.33
37229,27316.48
37228,27034.71
37227,39122.8
37226,45254.02
37225,45894.97
37224,23639.19
37223,19484.25
37222,27076.69
37221,25831.82
37220,34843.36
37219,46705.04
37218,28314.14
37217,30059.54
