44486,28020.02
44485,40748.96
44484,35074.58
44483,12585.11
44482,14220.35
44481,13646.09
44480,15149.57
44479,1354.4
44478,27187.88
44477,23206.27
44476,14735.02
44475,10004.62
44474,12112.58
44473,22267.24
44472,23490.81
44471,37391.37
44470,24992.04
44469,32014.77
44468,11776.55
44467,16182.48
44466,10701.45
44465,15759.97
44464,33892.61
44463,30553.76
44462,11036.99
44461,12192.95
44460,11784.37
44459,13323.05
44458,25398.96
44457,39005.44
44456,32353.51
44455,14212.49
44454,11445.55
44453,14906.57
44452,18533.58
44451,23048.71
44450,36138.85
44449,21683.5
44448,14573.4
44447,12803.66
44446,17303.78
44445,31286.13
44444,42179.57
44443,67665.03
44442,39971.36
44441,31572.32
44440,21813.07
44439,24732.5
44438,20076.09
44437,29604.55
44436,50343.92
44435,37912.53
44434,15258.4
44433,15118.47
44432,19162.85
44431,14166.23
44430,22194.88
44429,41276.7
44428,35500.57
44427,22918.51
44426,12110.93
44425,15413.89
44424,34756.95
44423,42481.84
44422,67879.69
44421,58356.56
44420,30655.19
44419,29851.96
44418,51001.32
44417,28438.42
44416,32729.0
44415,43972.05
44414,43598.42
44413,20232.76
44412,17280.29
44411,35533.34
44410,30166.89
44409,34783.21
44408,57746.42
44407,41978.51
44406,31403.88
44405,27200.64
44404,39056.07
44403,23899.52
44402,43497.87
44401,68137.79
44400,15879.31
44399,14918.56
44398,16570.4
44397,18887.9
44396,24331.3
44395,41080.5
44394,29833.6
44393,639.32
44392,16419.39
44391,27683.67
44390,23742.48
44389,35591.54
44388,54419.3
44387,45995.25
44386,14770.49
44385,15370.41
44384,18725.27
44383,19378.88
44382,23585.35
44381,43460.52
44380,34860.69
44379,14705.13
44378,17793.63
44377,18613.0
44376,32754.55
44375,39673.27
44374,57679.8
44373,48011.04
44372,25271.8
44371,25685.32
44370,30023.66
44369,23560.6
44368,744.45
44367,72945.86
44366,35506.0
44365,17189.62
44364,20933.77
44363,22628.98
44362,30499.94
44361,35384.07
44360,62836.95
44359,42905.14
44358,18013.98
44357,23205.76
44356,21542.71
44355,25381.2
44354,44817.14
44353,58166.5
44352,45114.17
44351,22263.0
44350,28433.43
44349,30052.69
44348,31463.48
44347,33657.14
44346,53614.18
44345,49772.38
44344,18797.51
44343,18748.26
44342,23496.74
44341,414.26
44340,33670.75
44339,47235.84
44338,36787.83
44337,54008.51
44336,22842.71
44335,23253.14
44334,29664.05
44333,31421.45
44332,43793.99
44331,40002.2
44330,22208.51
44329,33993.82
44328,39948.09
44327,38822.06
44326,40830.52
44325,61952.71
44324,46092.01
44323,29848.65
44322,31067.92
44321,30101.74
44320,38919.23
44319,41880.1
44318,68444.26
44317,44091.08
44316,18612.63
44315,18340.66
44314,21736.83
44313,24853.15
44312,32737.46
44311,37281.66
44310,43406.98
44309,16731.2
44308,17626.39
44307,19056.35
44306,22627.75
44305,27577.69
44304,35091.81
44303,25040.26
44302,18776.89
