146160,27143.93
146159,39541.63
146158,24409.65
146157,12895.98
146156,11303.38
146155,11522.16
146154,12197.65
146153,428.79
146152,27801.97
146151,15866.74
146150,8793.7
146149,10576.25
146148,10396.88
146147,16060.48
146146,16106.5
146145,34746.32
146144,18813.13
146143,23426.13
146142,12853.86
146141,10735.81
146140,14683.52
146139,2355.5
146138,7916.67
146137,14325.48
146136,10827.6
146135,11456.22
146134,11061.32
146133,11799.96
146132,21523.17
146131,37545.87
146130,20379.72
146129,12390.56
146128,12164.95
146127,14430.54
146126,15591.45
146125,20608.1
146124,32906.41
146123,17979.41
146122,11848.74
146121,12461.32
146120,15024.81
146119,32017.41
146118,38028.55
146117,69276.8
146116,27534.76
146115,11645.99
146114,16156.52
146113,23349.12
146112,15627.73
146111,26915.94
146110,46049.06
146109,24952.81
146108,14872.23
146107,10952.48
146106,10922.41
146105,13947.51
146104,24196.61
146103,46043.95
146102,20036.86
146101,19671.51
146100,14254.53
146099,13711.78
146098,32088.61
146097,44766.91
146096,64474.05
146095,38451.27
146094,21267.84
146093,25794.13
146092,41875.32
146091,27991.59
146090,37085.93
146089,65351.73
146088,38473.19
146087,15391.07
146086,19375.6
146085,33717.81
146084,28069.61
146083,38978.9
146082,66738.15
146081,34056.48
146080,21776.27
146079,21915.36
146078,32462.06
146077,30478.13
146076,57701.52
146075,79679.13
146074,15237.1
146073,18505.04
146072,18804.94
146071,20977.34
146070,27400.75
146069,37437.14
146068,22168.87
146067,681.29
146066,14651.99
146065,20547.75
146064,23146.31
146063,32491.51
146062,46525.34
146061,27620.3
146060,9391.73
146059,15681.79
146058,14169.38
146057,18805.58
146056,24454.66
146055,31822.35
146054,22926.43
146053,12358.05
146052,12537.49
146051,16787.4
146050,28763.04
146049,33728.02
146048,49532.34
146047,29036.52
146046,20302.2
146045,22706.44
146044,24696.16
146043,26329.71
146042,799.2
146041,57853.32
146040,33406.83
146039,22288.36
146038,20417.94
146037,25653.66
146036,33750.54
146035,43446.49
146034,61209.07
146033,29799.96
146032,14410.3
146031,13785.33
146030,20528.32
146029,18686.73
146028,44683.12
146027,53946.89
146026,32592.26
146025,19944.89
146024,19052.58
146023,29273.58
146022,24688.99
146021,32323.19
146020,61932.7
146019,38883.65
146018,17182.96
146017,16981.93
146016,20737.75
146015,167.52
146014,37429.86
146013,45520.75
146012,30690.55
146011,37868.78
146010,15496.63
146009,14730.51
146008,23294.75
146007,29765.55
146006,38182.3
146005,26023.99
146004,15942.77
146003,30478.85
146002,28007.47
146001,24301.96
146000,43229.17
145999,43366.43
145998,27041.21
145997,20000.0
145996,22268.03
145995,25822.82
145994,31266.75
145993,41654.37
145992,47752.59
145991,28845.02
145990,15858.17
145989,16257.84
145988,17029.97
145987,23395.38
145986,29455.68
145985,35396.59
145984,30324.58
145983,14862.07
145982,12770.37
145981,16338.8
145980,20673.56
145979,24571.81
145978,33017.27
145977,20201.72
145976,20373.93
