22819,29387.33
22818,49114.34
22817,30295.66
22816,14930.9
22815,14711.97
22814,20048.31
22813,15168.39
22812,1940.62
22811,27146.03
22810,16323.21
22809,13010.91
22808,12114.12
22807,18235.33
22806,22475.24
22805,29106.95
22804,44563.65
22803,26014.89
22802,33091.67
22801,20871.22
22800,23781.31
22799,18764.1
22798,21477.8
22797,50469.23
22796,31514.95
22795,15313.03
22794,17669.43
22793,18005.04
22792,17555.96
22791,34443.9
22790,56730.09
22789,28245.22
22788,17697.0
22787,17536.23
22786,18629.03
22785,21078.45
22784,28604.75
22783,44836.03
22782,12406.91
22781,17030.16
22780,18052.63
22779,21500.23
22778,36721.55
22777,52568.8
22776,72640.84
22775,44982.52
22774,48853.64
22773,25260.34
22772,24106.24
22771,25665.09
22770,36446.3
22769,71201.52
22768,39914.07
22767,21661.85
22766,22954.95
22765,23562.94
22764,20013.81
22763,31062.16
22762,55907.42
22761,28617.67
22760,24531.16
22759,18801.23
22758,16956.92
22757,34789.62
22756,51708.78
22755,81295.7
22754,44690.92
22753,45807.64
22752,39178.42
22751,53721.11
22750,29613.75
22749,43125.52
22748,65157.3
22747,40709.98
22746,19887.73
22745,21439.91
22744,40920.27
22743,32338.65
22742,39543.68
22741,77286.94
22740,47813.72
22739,31514.16
22738,36222.73
22737,44526.75
22736,36737.33
22735,52347.8
22734,69819.92
22733,27183.27
22732,20639.28
22731,20282.25
22730,23072.24
22729,27781.81
22728,46316.45
22727,27802.12
22726,1197.88
22725,19784.24
22724,33287.56
22723,32795.73
22722,44389.81
22721,64135.71
22720,40881.33
22719,19525.83
22718,819.07
22717,337.11
22716,238.69
22715,32085.49
22714,53075.01
22713,28281.81
22712,773.92
22711,21021.43
22710,21810.76
22709,46222.38
22708,51268.74
22707,75633.6
22706,38969.3
22705,26913.22
22704,28449.07
22703,35528.75
22702,32255.57
22701,51330.49
22700,76626.95
22699,30025.7
22698,23967.35
22697,27921.25
22696,33085.96
22695,44939.85
22694,55173.36
22693,75100.72
22692,43464.09
22691,18889.28
22690,22260.63
22689,23547.1
22688,24341.52
22687,49195.4
22686,69012.18
22685,42869.7
22684,31437.17
22683,32908.67
22682,34812.28
22681,38654.41
22680,51872.19
22679,70396.62
22678,50218.31
22677,27621.38
22676,25704.04
22675,30801.03
22674,38403.58
22673,46523.11
22672,53529.36
22671,30263.31
22670,50844.98
22669,30199.68
22668,28830.62
22667,32652.39
22666,43321.97
22665,47843.72
22664,38586.41
22663,25299.03
22662,53262.31
22661,51876.93
22660,51085.34
22659,50234.01
22658,71937.47
22657,46424.79
22656,41441.25
22655,38581.38
22654,39653.94
22653,48831.92
22652,47014.83
22651,52889.2
22650,42285.71
22649,25413.64
22648,22853.05
22647,27401.5
22646,33201.24
22645,42287.78
22644,36204.51
22643,38913.32
22642,24633.21
22641,20803.49
22640,27308.15
22639,31812.18
22638,29245.59
22637,33317.68
22636,20844.87
22635,16683.36
