194821,17998.8
194820,36216.81
194819,33156.99
194818,12016.7
194817,9409.89
194816,12489.12
194815,14064.72
194814,523.93
194813,23842.55
194812,15894.57
194811,9112.91
194810,8196.18
194809,7672.21
194808,18654.09
194807,20540.94
194806,30633.98
194805,20591.42
194804,22719.64
194803,13858.03
194802,14142.98
194801,15008.63
194800,15337.58
194799,26351.33
194798,23238.35
194797,10633.38
194796,9645.34
194795,11479.68
194794,10709.03
194793,19367.16
194792,31187.41
194791,19211.98
194790,17594.7
194789,16437.96
194788,16444.77
194787,14399.92
194786,16295.58
194785,29735.45
194784,18051.03
194783,14400.95
194782,16860.68
194781,15811.26
194780,31510.65
194779,25082.71
194778,47219.79
194777,34683.2
194776,26041.38
194775,12412.69
194774,18922.6
194773,17300.08
194772,28467.88
194771,41481.9
194770,28759.8
194769,14823.75
194768,12268.59
194767,15758.01
194766,13536.58
194765,19217.23
194764,36241.34
194763,25648.28
194762,18805.6
194761,12610.38
194760,13494.71
194759,31011.96
194758,35194.43
194757,52674.46
194756,40503.46
194755,25675.21
194754,33556.26
194753,38691.95
194752,20471.61
194751,27647.63
194750,46045.02
194749,35589.41
194748,12526.11
194747,15542.93
194746,36801.48
194745,31118.92
194744,33963.15
194743,52448.08
194742,32065.22
194741,24034.92
194740,24504.06
194739,29005.92
194738,28190.61
194737,38504.86
194736,54330.65
194735,16021.87
194734,14981.26
194733,14143.68
194732,21214.42
194731,25043.44
194730,33262.57
194729,20635.94
194728,1033.6
194727,13473.92
194726,23684.29
194725,25913.16
194724,28505.46
194723,48294.7
194722,34660.56
194721,11291.99
194720,476.69
194719,207.12
194718,111.0
194717,22105.08
194716,40657.37
194715,26471.8
194714,591.74
194713,16909.29
194712,17604.78
194711,36239.97
194710,35027.97
194709,50366.51
194708,33348.73
194707,24947.75
194706,21188.25
194705,25638.28
194704,22484.4
194703,34077.11
194702,48760.07
194701,30610.28
194700,20329.4
194699,22361.7
194698,26709.99
194697,34402.38
194696,40463.65
194695,62632.78
194694,38743.57
194693,17566.85
194692,14482.91
194691,22068.79
194690,19930.19
194689,40370.33
194688,48250.29
194687,38487.37
194686,22853.27
194685,27052.96
194684,29842.53
194683,28445.59
194682,32649.25
194681,40492.95
194680,41567.31
194679,20746.54
194678,25267.19
194677,19362.6
194676,35790.98
194675,46315.27
194674,49834.84
194673,31723.09
194672,34350.97
194671,20111.23
194670,22439.39
194669,26452.19
194668,31290.47
194667,38839.68
194666,31646.46
194665,17931.84
194664,32178.96
194663,25083.25
194662,34869.69
194661,31653.1
194660,43556.2
194659,35054.17
194658,24184.12
194657,26862.86
194656,27556.86
194655,35799.53
194654,44920.92
194653,53900.35
194652,38190.37
194651,18631.16
194650,23429.37
194649,22913.84
194648,22603.47
194647,34841.07
194646,33650.5
194645,35505.11
194644,19603.05
194643,12627.81
194642,20085.87
194641,24208.38
194640,28276.6
194639,32720.09
194638,25230.16
194637,19749.53
