103629,30945.08
103628,57116.12
103627,46803.96
103626,13905.19
103625,18078.7
103624,19436.56
103623,18927.63
103622,1126.14
103621,38154.99
103620,18588.84
103619,14809.46
103618,10533.59
103617,13511.68
103616,31559.1
103615,36475.76
103614,49577.95
103613,34257.68
103612,34204.86
103611,21394.93
103610,18293.37
103609,23764.96
103608,29230.93
103607,52466.9
103606,39962.34
103605,13106.01
103604,15805.97
103603,17633.61
103602,19429.55
103601,34916.32
103600,50252.52
103599,31047.44
103598,19714.24
103597,13595.1
103596,20066.19
103595,21262.89
103594,32554.9
103593,51406.6
103592,27134.97
103591,19863.67
103590,13962.2
103589,22492.35
103588,43637.95
103587,56899.7
103586,88820.79
103585,47224.37
103584,35372.54
103583,28834.86
103582,38128.74
103581,26643.26
103580,51003.15
103579,70339.27
103578,42745.76
103577,22266.33
103576,26995.93
103575,20626.79
103574,15543.07
103573,33912.64
103572,68086.84
103571,39233.39
103570,30490.66
103569,19234.95
103568,18490.24
103567,43428.67
103566,62634.38
103565,91506.63
103564,63362.8
103563,40642.5
103562,47879.27
103561,63120.97
103560,32128.95
103559,43299.66
103558,73868.99
103557,48791.11
103556,18468.21
103555,25834.43
103554,42411.61
103553,44966.01
103552,53508.21
103551,90556.79
103550,65960.42
103549,40775.99
103548,42004.15
103547,54049.46
103546,43980.23
103545,76994.39
103544,85612.09
103543,27249.08
103542,25256.51
103541,27622.08
103540,26070.43
103539,38663.27
103538,50838.17
103537,41645.5
103536,763.56
103535,20744.14
103534,35965.52
103533,31386.66
103532,50569.7
103531,70066.32
103530,48074.71
103529,19570.94
103528,1057.18
103527,1260.81
103526,399.59
103525,38100.92
103524,48608.08
103523,40710.92
103522,1685.49
103521,27729.9
103520,26363.9
103519,57742.1
103518,69753.16
103517,84472.24
103516,55197.14
103515,33559.87
103514,36479.73
103513,37740.27
103512,39312.7
103511,53627.57
103510,83112.46
103509,43716.52
103508,28212.44
103507,31821.25
103506,31518.43
103505,42893.77
103504,58197.12
103503,74660.51
103502,44762.31
103501,21332.58
103500,25082.85
103499,23204.25
103498,24130.4
103497,64644.23
103496,79365.23
103495,54366.22
103494,29854.48
103493,38296.84
103492,40893.39
103491,31785.03
103490,49877.5
103489,79431.02
103488,49366.89
103487,26720.99
103486,29477.52
103485,40428.62
103484,42750.77
103483,59455.72
103482,68059.25
103481,51850.19
103480,52667.71
103479,27385.59
103478,29602.27
103477,38591.81
103476,47495.61
103475,53936.0
103474,46479.83
103473,23241.75
103472,52424.65
103471,45385.29
103470,47641.23
103469,62999.87
103468,68478.64
103467,51947.88
103466,36142.53
103465,36562.9
103464,39041.14
103463,49045.42
103462,62229.62
103461,64055.84
103460,45735.96
103459,19533.14
103458,28467.12
103457,31972.92
103456,34427.17
103455,50714.37
103454,48353.83
103453,46936.3
103452,25816.05
103451,19257.81
103450,26364.87
103449,34086.27
103448,40993.15
103447,37067.72
103446,26128.24
103445,32156.03
