189640,18054.25
189639,39503.37
189638,30726.31
189637,9839.54
189636,9966.69
189635,14342.84
189634,11741.75
189633,872.28
189632,20234.0
189631,15802.07
189630,7422.11
189629,5088.44
189628,9258.9
189627,24221.68
189626,27003.73
189625,34471.73
189624,26187.77
189623,25085.08
189622,16134.17
189621,17406.46
189620,17574.02
189619,17733.09
189618,23340.26
189617,37240.76
189616,9750.3
189615,10753.64
189614,10826.09
189613,11521.98
189612,24279.11
189611,35650.19
189610,23812.85
189609,14035.73
189608,12304.61
189607,14152.41
189606,15129.83
189605,20027.29
189604,31449.45
189603,19478.54
189602,11565.19
189601,8098.4
189600,11473.37
189599,37705.02
189598,37290.7
189597,55789.9
189596,35640.55
189595,25210.81
189594,16592.53
189593,25643.56
189592,18437.98
189591,29493.82
189590,41208.71
189589,42323.93
189588,12618.24
189587,9664.18
189586,14197.68
189585,11003.23
189584,21583.09
189583,34402.09
189582,21164.59
189581,17178.72
189580,14513.04
189579,9805.5
189578,38654.26
189577,41439.56
189576,65157.53
189575,47491.16
189574,30457.44
189573,37716.53
189572,56628.37
189571,23242.87
189570,29953.06
189569,43804.63
189568,34210.64
189567,12125.35
189566,12187.49
189565,40978.63
189564,32650.24
189563,34970.06
189562,55227.45
189561,36112.4
189560,26937.48
189559,29323.28
189558,40219.75
189557,31491.14
189556,49619.25
189555,60381.36
189554,11451.1
189553,16256.85
189552,16818.21
189551,15564.0
189550,21318.41
189549,30970.99
189548,23110.57
189547,432.33
189546,14319.46
189545,27826.91
189544,30017.33
189543,26643.57
189542,38729.74
189541,38318.79
189540,11229.72
189539,1070.51
189538,703.81
189537,105.23
189536,25874.03
189535,31986.87
189534,26641.29
189533,1299.58
189532,18737.69
189531,19199.83
189530,44482.35
189529,45362.16
189528,57738.69
189527,42987.54
189526,29577.81
189525,37361.98
189524,29264.34
189523,29790.94
189522,40665.41
189521,62423.44
189520,35770.9
189519,19089.2
189518,23130.05
189517,22302.36
189516,38545.05
189515,43766.26
189514,59880.98
189513,37893.61
189512,12653.16
189511,14523.34
189510,16218.63
189509,15347.65
189508,45333.89
189507,54151.47
189506,44914.03
189505,27059.42
189504,26080.82
189503,32658.72
189502,25315.3
189501,38294.67
189500,48128.78
189499,52092.41
189498,14441.24
189497,15015.04
189496,18400.97
189495,30801.6
189494,39380.07
189493,45844.29
189492,42617.04
189491,42847.23
189490,17178.44
189489,19124.1
189488,29634.75
189487,29570.72
189486,38624.24
189485,37990.33
189484,15834.2
189483,44267.7
189482,36238.64
189481,34648.02
189480,40490.52
189479,51338.33
189478,44957.11
189477,30837.01
189476,32319.37
189475,31978.13
189474,34725.21
189473,49445.49
189472,57984.3
189471,38792.68
189470,13664.37
189469,16658.52
189468,21079.18
189467,25257.32
189466,32653.81
189465,31741.92
189464,36558.11
189463,16342.94
189462,17753.42
189461,20011.92
189460,27417.49
189459,21115.18
189458,26513.64
189457,19536.67
189456,20304.3
