4397,33388.75
4396,45543.83
4395,35770.0
4394,15420.54
4393,15732.41
4392,14202.69
4391,16014.72
4390,834.27
4389,33601.75
4388,17937.44
4387,12215.56
4386,11538.11
4385,13391.52
4384,23629.8
4383,26603.93
4382,47213.56
4381,26054.34
4380,25810.59
4379,18781.62
4378,19319.64
4377,21094.63
4376,24237.02
4375,46945.02
4374,30173.23
4373,13760.19
4372,13523.93
4371,16766.08
4370,12774.64
4369,28121.47
4368,42274.26
4367,29462.81
4366,19011.88
4365,9715.97
4364,14971.63
4363,18982.5
4362,29954.15
4361,46284.16
4360,24858.41
4359,17212.58
4358,18499.59
4357,21470.29
4356,39624.56
4355,50733.37
4354,79914.88
4353,49176.04
4352,42584.04
4351,26405.26
4350,29248.78
4349,23042.39
4348,36884.98
4347,56455.08
4346,45119.35
4345,17617.72
4344,18920.35
4343,19974.76
4342,19299.5
4341,30455.48
4340,52071.08
4339,31371.15
4338,22595.88
4337,16933.44
4336,20429.1
4335,42052.93
4334,43922.97
4333,75735.72
4332,57682.4
4331,35378.34
4330,52547.13
4329,40754.45
4328,24754.81
4327,38264.81
4326,53352.9
4325,43274.31
4324,15319.53
4323,20478.5
4322,36656.21
4321,31646.51
4320,42792.57
4319,65611.62
4318,57357.78
4317,34637.63
4316,29306.3
4315,31695.33
4314,30525.4
4313,44572.48
4312,63736.45
4311,16222.21
4310,14061.4
4309,15152.19
4308,20609.46
4307,25633.89
4306,43644.66
4305,32057.35
4304,15162.2
4303,11657.2
4302,28606.53
4301,23567.83
4300,32625.81
4299,50040.27
4298,40130.44
4297,853.36
4296,15774.33
4295,18078.31
4294,20317.45
4293,29632.09
4292,43555.79
4291,38476.66
4290,19401.64
4289,20607.92
4288,22156.61
4287,45884.58
4286,41363.99
4285,49481.82
4284,49431.8
4283,26895.23
4282,26785.0
4281,27069.01
4280,23575.35
4279,541.0
4278,60502.41
4277,33888.26
4276,17883.08
4275,21342.56
4274,24310.77
4273,31514.89
4272,46925.49
4271,57434.87
4270,37957.03
4269,17553.85
4268,16849.15
4267,17786.11
4266,15889.39
4265,47150.32
4264,52815.71
4263,40437.3
4262,25422.76
4261,28030.49
4260,31115.79
4259,29226.86
4258,32704.38
4257,47620.87
4256,49439.78
4255,15934.39
4254,21110.27
4253,23358.85
4252,282.6
4251,34055.84
4250,44149.68
4249,31560.69
4248,39953.62
4247,16658.29
4246,18797.58
4245,22343.51
4244,26814.99
4243,39338.64
4242,35204.02
4241,16808.33
4240,38331.27
4239,38969.98
4238,35997.85
4237,43983.58
4236,57137.73
4235,46766.25
4234,28884.4
4233,34556.93
4232,32782.63
4231,33032.14
4230,43645.6
4229,48912.54
4228,38581.87
4227,14179.92
4226,19326.83
4225,21489.31
4224,22543.78
4223,33467.38
4222,31619.89
4221,36163.3
4220,19018.79
4219,15716.58
4218,22712.07
4217,26935.77
4216,27082.95
4215,33116.57
4214,25897.39
4213,17513.56
