127955,23319.17
127954,35458.96
127953,32650.65
127952,15695.71
127951,10685.74
127950,8918.14
127949,13572.19
127948,613.84
127947,24871.3
127946,21148.35
127945,12052.86
127944,7891.36
127943,14427.1
127942,17587.78
127941,20152.61
127940,26899.66
127939,19150.69
127938,25009.68
127937,13987.33
127936,11703.43
127935,14210.74
127934,12898.07
127933,27530.14
127932,25155.32
127931,8621.11
127930,9589.09
127929,12246.17
127928,11424.44
127927,21969.55
127926,28902.96
127925,22336.95
127924,13216.88
127923,12810.92
127922,14713.74
127921,15820.93
127920,18477.56
127919,31699.45
127918,23178.17
127917,14834.16
127916,16672.28
127915,22414.71
127914,24891.14
127913,32338.98
127912,56588.6
127911,35078.16
127910,34019.83
127909,17236.05
127908,20300.88
127907,14546.48
127906,25616.59
127905,40306.36
127904,34034.04
127903,14411.53
127902,15228.54
127901,14479.85
127900,15733.67
127899,22970.95
127898,37230.37
127897,22644.6
127896,19028.3
127895,16965.53
127894,13717.08
127893,26810.89
127892,26783.89
127891,46333.09
127890,44765.47
127889,21603.56
127888,19921.83
127887,34387.89
127886,23638.91
127885,24250.88
127884,43733.21
127883,36987.32
127882,13187.61
127881,16185.86
127880,30993.08
127879,24813.74
127878,29239.72
127877,45207.62
127876,39971.25
127875,18548.19
127874,23874.36
127873,35568.73
127872,29418.58
127871,38714.22
127870,64393.91
127869,20541.79
127868,19589.85
127867,20712.49
127866,23628.97
127865,23645.98
127864,38318.51
127863,32080.18
127862,476.73
127861,16916.18
127860,27667.41
127859,24532.54
127858,37493.32
127857,46956.01
127856,41984.9
127855,16627.67
127854,641.13
127853,431.7
127852,178.1
127851,21492.62
127850,37801.65
127849,36347.29
127848,593.78
127847,14774.62
127846,19223.94
127845,27412.16
127844,31458.58
127843,48224.88
127842,34921.71
127841,23332.94
127840,22167.94
127839,22178.78
127838,24623.52
127837,35733.41
127836,54806.09
127835,31556.64
127834,23904.88
127833,18016.78
127832,24492.66
127831,30323.62
127830,44683.06
127829,68964.71
127828,43859.67
127827,20144.82
127826,18779.15
127825,20191.72
127824,21373.93
127823,39712.63
127822,46827.23
127821,39465.14
127820,22735.61
127819,22727.78
127818,27535.86
127817,24153.24
127816,33607.69
127815,47548.48
127814,43518.32
127813,18342.13
127812,20203.23
127811,20388.98
127810,29330.01
127809,32905.1
127808,47078.34
127807,37813.55
127806,42243.5
127805,19619.13
127804,24774.28
127803,23126.44
127802,32877.45
127801,39571.87
127800,41779.72
127799,24036.36
127798,35003.45
127797,30040.05
127796,29951.76
127795,31209.58
127794,52957.73
127793,37835.04
127792,19216.64
127791,28702.53
127790,22594.1
127789,29772.48
127788,41882.56
127787,58809.58
127786,43334.24
127785,15393.5
127784,21299.44
127783,24119.88
127782,21447.56
127781,34095.79
127780,40106.82
127779,42829.7
127778,16554.84
127777,16310.02
127776,19900.94
127775,21654.6
127774,33732.83
127773,41294.46
127772,35892.35
127771,28233.33
