80238,29202.48
80237,45877.37
80236,35830.28
80235,13200.64
80234,15871.23
80233,17973.94
80232,14855.36
80231,872.52
80230,32286.78
80229,25836.43
80228,13400.99
80227,13109.25
80226,11839.69
80225,20131.82
80224,22679.04
80223,39569.72
80222,31330.37
80221,27719.0
80220,19190.01
80219,14220.09
80218,19679.08
80217,2703.49
80216,18858.73
80215,26999.48
80214,13854.49
80213,9543.29
80212,13936.39
80211,13432.92
80210,22617.73
80209,46503.17
80208,27444.83
80207,17136.7
80206,14868.76
80205,14623.1
80204,19861.59
80203,26528.19
80202,39600.83
80201,22444.69
80200,15378.13
80199,13555.71
80198,19114.4
80197,34103.42
80196,38390.71
80195,76113.26
80194,42525.52
80193,17485.34
80192,20425.92
80191,29087.49
80190,18866.04
80189,29542.57
80188,50301.05
80187,36834.04
80186,13345.58
80185,13950.79
80184,14650.73
80183,11882.74
80182,23841.18
80181,47310.32
80180,30321.32
80179,24119.76
80178,17773.02
80177,19206.68
80176,35825.89
80175,41844.16
80174,71679.61
80173,45593.01
80172,26813.99
80171,35837.54
80170,51390.1
80169,33262.2
80168,43308.96
80167,61988.26
80166,56263.7
80165,22984.57
80164,21049.67
80163,41215.97
80162,37124.13
80161,44326.86
80160,74100.43
80159,51432.14
80158,28906.26
80157,32227.53
80156,43218.37
80155,38916.46
80154,58925.51
80153,85480.95
80152,22435.89
80151,21647.47
80150,20677.66
80149,28341.53
80148,27615.39
80147,43474.33
80146,27483.64
80145,570.32
80144,17101.99
80143,28999.98
80142,27733.4
80141,33903.23
80140,52803.97
80139,44079.36
80138,13173.66
80137,20693.56
80136,18118.77
80135,17389.48
80134,26337.86
80133,43718.16
80132,29172.72
80131,15206.79
80130,19695.33
80129,20127.34
80128,37682.53
80127,36688.13
80126,57678.78
80125,44357.35
80124,29271.62
80123,35408.24
80122,33929.14
80121,37058.38
80120,1535.53
80119,65165.01
80118,45811.9
80117,24603.48
80116,31929.89
80115,30030.42
80114,39901.57
80113,48590.93
80112,68466.39
80111,40635.1
80110,19076.11
80109,21275.8
80108,20619.65
80107,24053.87
80106,49206.29
80105,54850.45
80104,42875.14
80103,27362.48
80102,28360.66
80101,32004.49
80100,26570.6
80099,37462.07
80098,65944.91
80097,49003.03
80096,23944.24
80095,21535.64
80094,27503.54
80093,375.71
80092,42960.24
80091,51550.28
80090,41356.71
80089,47063.8
80088,20033.11
80087,23255.77
80086,28709.37
80085,30730.79
80084,48087.15
80083,37494.37
80082,21021.77
80081,41740.49
80080,31543.68
80079,37098.32
80078,39163.59
80077,59883.75
80076,42920.8
80075,32179.51
80074,30235.07
80073,28852.94
80072,33617.14
80071,43807.6
80070,55593.66
80069,41018.42
80068,17533.03
80067,23282.39
80066,22450.07
80065,26118.77
80064,35537.89
80063,37498.95
80062,39840.34
80061,18793.42
80060,16329.97
80059,15914.28
80058,21855.91
80057,31488.89
80056,38306.66
80055,25828.16
80054,25151.04
