177018,14190.86
177017,26851.41
177016,26173.12
177015,10109.41
177014,7752.53
177013,10604.33
177012,12282.24
177011,410.88
177010,15974.17
177009,17049.56
177008,6877.65
177007,10569.37
177006,6200.81
177005,19659.8
177004,17065.39
177003,29813.26
177002,20067.01
177001,25016.52
177000,10726.52
176999,9481.7
176998,14602.69
176997,12679.8
176996,25362.98
176995,20367.59
176994,10028.52
176993,8775.2
176992,10599.49
176991,11093.76
176990,16537.5
176989,26640.02
176988,18036.89
176987,11781.14
176986,12237.69
176985,10061.02
176984,13543.87
176983,16644.31
176982,23383.92
176981,16401.33
176980,8770.39
176979,8133.03
176978,8150.51
176977,23540.43
176976,28284.4
176975,46947.34
176974,15437.28
176973,22313.15
176972,15665.91
176971,19177.95
176970,17083.75
176969,21548.97
176968,31619.44
176967,29832.19
176966,17166.85
176965,14538.93
176964,11158.6
176963,9971.13
176962,14324.36
176961,28653.83
176960,19665.37
176959,19187.41
176958,9638.02
176957,12479.92
176956,30566.37
176955,29153.14
176954,55450.24
176953,40859.39
176952,28076.32
176951,29519.46
176950,35921.97
176949,18987.91
176948,26947.42
176947,36952.94
176946,26865.71
176945,14628.02
176944,15644.89
176943,28679.53
176942,23341.79
176941,27877.29
176940,37089.21
176939,31198.96
176938,22535.98
176937,23490.62
176936,29583.26
176935,22258.89
176934,41685.74
176933,54044.44
176932,11618.15
176931,11555.29
176930,11817.82
176929,15944.75
176928,17404.6
176927,32122.11
176926,19813.14
176925,11426.22
176924,12540.16
176923,19059.85
176922,18272.42
176921,23319.15
176920,33441.48
176919,31642.37
176918,1082.71
176917,14614.26
176916,12016.57
176915,15904.08
176914,21906.83
176913,27292.09
176912,27000.62
176911,16986.97
176910,16779.72
176909,16290.89
176908,35495.05
176907,27695.01
176906,39717.66
176905,34355.05
176904,23733.17
176903,19297.81
176902,25007.56
176901,24210.02
176900,986.51
176899,52112.18
176898,32022.34
176897,18913.76
176896,19674.89
176895,20406.78
176894,28008.69
176893,32330.77
176892,48208.95
176891,35597.63
176890,13544.54
176889,14608.37
176888,16875.95
176887,14621.8
176886,33536.38
176885,39859.86
176884,27581.71
176883,22349.99
176882,23297.21
176881,25640.77
176880,24024.61
176879,31972.28
176878,38512.11
176877,45639.02
176876,20362.41
176875,15244.55
176874,21782.58
176873,277.48
176872,26758.57
176871,37356.41
176870,32226.95
176869,34996.86
176868,16134.53
176867,16478.28
176866,19885.7
176865,24311.39
176864,35527.56
176863,25411.69
176862,15901.78
176861,29368.03
176860,31884.91
176859,28134.58
176858,33006.3
176857,47647.38
176856,31109.03
176855,24639.38
176854,23008.43
176853,27089.55
176852,27614.67
176851,31919.77
176850,44567.31
176849,32124.64
176848,14872.86
176847,14040.32
176846,14890.33
176845,20440.25
176844,24961.04
176843,24891.73
176842,30357.76
176841,14090.5
176840,7469.7
176839,15221.54
176838,16110.24
176837,14861.84
176836,20335.23
176835,16813.93
176834,19506.31
