194245,19953.69
194244,29501.25
194243,22126.01
194242,7917.2
194241,8728.29
194240,6018.35
194239,6123.82
194238,477.5
194237,13603.4
194236,13066.46
194235,4523.57
194234,5331.8
194233,6462.71
194232,13287.19
194231,12437.83
194230,20008.81
194229,12503.67
194228,12947.16
194227,5291.15
194226,6467.65
194225,6628.36
194224,10355.29
194223,22091.42
194222,17425.2
194221,7157.95
194220,5195.48
194219,8857.15
194218,8573.24
194217,14145.49
194216,23655.16
194215,18562.7
194214,11034.95
194213,9311.07
194212,8530.28
194211,11023.47
194210,12154.33
194209,25407.18
194208,11767.21
194207,7028.59
194206,7197.42
194205,11793.9
194204,19351.28
194203,29376.88
194202,41510.1
194201,26934.56
194200,21827.89
194199,11358.51
194198,12693.31
194197,10260.51
194196,17936.93
194195,31421.48
194194,24299.74
194193,10520.83
194192,9288.69
194191,9536.3
194190,6342.44
194189,15141.49
194188,28026.01
194187,19260.74
194186,15568.04
194185,7955.86
194184,8427.68
194183,20540.42
194182,24325.52
194181,38298.81
194180,31065.65
194179,17010.41
194178,18743.32
194177,25160.9
194176,14698.11
194175,19712.04
194174,35924.62
194173,26885.1
194172,10004.82
194171,15658.87
194170,20225.58
194169,17659.34
194168,23686.92
194167,37047.34
194166,20804.06
194165,16202.98
194164,18926.38
194163,17702.55
194162,14680.58
194161,30478.07
194160,41260.33
194159,10551.94
194158,11026.07
194157,8435.83
194156,9876.81
194155,14251.71
194154,26895.38
194153,18713.59
194152,555.0
194151,9370.79
194150,15010.38
194149,16579.01
194148,22831.87
194147,35462.29
194146,26569.66
194145,8755.17
194144,11670.05
194143,11031.68
194142,10745.96
194141,15012.98
194140,25862.29
194139,19978.17
194138,8137.74
194137,9246.25
194136,8566.18
194135,17069.68
194134,27045.34
194133,34387.81
194132,25963.99
194131,14542.41
194130,11731.97
194129,15908.5
194128,15576.71
194127,536.29
194126,40447.29
194125,22638.84
194124,12521.84
194123,13301.14
194122,16409.19
194121,19086.84
194120,24207.26
194119,33125.0
194118,24034.95
194117,10946.64
194116,13169.33
194115,13225.16
194114,13181.81
194113,22749.99
194112,38189.69
194111,26357.92
194110,13163.17
194109,14414.57
194108,20247.86
194107,16359.14
194106,25872.65
194105,35450.58
194104,29117.38
194103,12940.86
194102,11581.03
194101,13795.07
194100,248.1
194099,24769.68
194098,31213.57
194097,25601.68
194096,28120.87
194095,11750.01
194094,13809.79
194093,12710.86
194092,19965.76
194091,28356.44
194090,21998.86
194089,13282.6
194088,19673.01
194087,16716.84
194086,20433.62
194085,25403.82
194084,34458.84
194083,24870.31
194082,16946.8
194081,17042.33
194080,16115.63
194079,18526.92
194078,27243.37
194077,33904.41
194076,29449.97
194075,12211.25
194074,11921.65
194073,11594.66
194072,16286.15
194071,19613.5
194070,20582.97
194069,27443.27
194068,10411.4
194067,10150.01
194066,9234.25
194065,12641.14
194064,15104.69
194063,23100.95
194062,18319.04
194061,10859.69
