97512,30051.23
97511,40185.14
97510,39351.05
97509,13623.92
97508,13279.44
97507,12309.55
97506,15119.42
97505,513.09
97504,31196.6
97503,26820.34
97502,11801.2
97501,8610.48
97500,12628.17
97499,20759.8
97498,22040.57
97497,32380.47
97496,31013.96
97495,26233.63
97494,13622.82
97493,15503.62
97492,15665.9
97491,20289.97
97490,34019.98
97489,26908.99
97488,10909.18
97487,11451.63
97486,14580.17
97485,10388.93
97484,25768.17
97483,32148.2
97482,19426.06
97481,14619.56
97480,13599.78
97479,18143.55
97478,18923.3
97477,21856.31
97476,34233.67
97475,21391.93
97474,17181.7
97473,16908.04
97472,18836.75
97471,38174.46
97470,44472.58
97469,65940.98
97468,44634.7
97467,35808.23
97466,18813.29
97465,24115.61
97464,21082.08
97463,33175.14
97462,43282.71
97461,38948.93
97460,11540.63
97459,13057.22
97458,15795.3
97457,10532.51
97456,22997.1
97455,34651.99
97454,25091.55
97453,20770.66
97452,15134.92
97451,17271.08
97450,32891.84
97449,43627.56
97448,50003.61
97447,49373.64
97446,25277.08
97445,28466.3
97444,42382.43
97443,20699.61
97442,23438.47
97441,42543.15
97440,38482.02
97439,14665.74
97438,17734.14
97437,32751.98
97436,29312.18
97435,37670.56
97434,54488.95
97433,47979.85
97432,24597.58
97431,30256.97
97430,33578.8
97429,27752.49
97428,40741.71
97427,63305.08
97426,19487.4
97425,16969.4
97424,25077.76
97423,25089.86
97422,26626.44
97421,35395.56
97420,32224.06
97419,346.35
97418,13211.25
97417,26393.16
97416,25587.64
97415,30868.89
97414,53642.46
97413,48033.56
97412,15996.74
97411,804.18
97410,311.49
97409,34.88
97408,25372.17
97407,34060.02
97406,36868.71
97405,1093.78
97404,14046.65
97403,18109.33
97402,32397.11
97401,42208.7
97400,49948.07
97399,40177.1
97398,24171.24
97397,23925.36
97396,22644.63
97395,28210.15
97394,35649.43
97393,56279.24
97392,33214.57
97391,19149.15
97390,22252.53
97389,25247.18
97388,34034.26
97387,44908.44
97386,70207.13
97385,41640.36
97384,21465.87
97383,18850.38
97382,20127.32
97381,21237.29
97380,44750.05
97379,55493.0
97378,43012.13
97377,24682.33
97376,27961.47
97375,29821.5
97374,26525.37
97373,35739.01
97372,54293.35
97371,52348.95
97370,17982.27
97369,20157.66
97368,16306.72
97367,27709.78
97366,35765.05
97365,47368.42
97364,38355.52
97363,53444.94
97362,25032.07
97361,26015.92
97360,25442.49
97359,26631.72
97358,40304.1
97357,38706.33
97356,20141.9
97355,32803.39
97354,30384.56
97353,29828.27
97352,37143.91
97351,44595.86
97350,43179.99
97349,24035.06
97348,26554.99
97347,26158.86
97346,37164.14
97345,46879.19
97344,61510.49
97343,40273.1
97342,14706.64
97341,19514.71
97340,20365.63
97339,23941.66
97338,38077.35
97337,33566.58
97336,40827.82
97335,18176.02
97334,14940.4
97333,19612.41
97332,24904.64
97331,29904.24
97330,32151.15
97329,30342.9
97328,23431.17
