9758,26096.84
9757,58832.14
9756,54074.23
9755,19636.78
9754,20876.66
9753,18560.71
9752,20064.07
9751,316.18
9750,43517.76
9749,30789.96
9748,18947.43
9747,16747.26
9746,21725.55
9745,35535.16
9744,34640.52
9743,52530.2
9742,41892.85
9741,39965.8
9740,26133.55
9739,17048.64
9738,26434.97
9737,20404.6
9736,48600.96
9735,42156.02
9734,16564.01
9733,15321.12
9732,17025.0
9731,21425.3
9730,30165.26
9729,47212.84
9728,35291.27
9727,21179.04
9726,22333.51
9725,20876.93
9724,21025.45
9723,30599.52
9722,43935.15
9721,37087.1
9720,16291.84
9719,16879.04
9718,20675.33
9717,45940.85
9716,48395.82
9715,75634.99
9714,50111.74
9713,40889.87
9712,26539.87
9711,34599.47
9710,27716.88
9709,44644.55
9708,55289.53
9707,52882.31
9706,22323.74
9705,21398.79
9704,19951.89
9703,15792.61
9702,30613.09
9701,51395.46
9700,38690.6
9699,35026.57
9698,19822.58
9697,22856.02
9696,45487.55
9695,50478.05
9694,81196.02
9693,67329.28
9692,44223.99
9691,47845.11
9690,66579.6
9689,31435.85
9688,39489.28
9687,63588.54
9686,53925.11
9685,24039.8
9684,23089.58
9683,40829.85
9682,41441.25
9681,49721.02
9680,76936.03
9679,62296.62
9678,39675.59
9677,38475.87
9676,57457.6
9675,41356.8
9674,55352.35
9673,78687.37
9672,23171.63
9671,28060.87
9670,23151.42
9669,28123.11
9668,32337.67
9667,42598.99
9666,40984.52
9665,17174.82
9664,20761.45
9663,34528.36
9662,34304.18
9661,35204.25
9660,58981.02
9659,52614.74
9658,312.09
9657,25048.55
9656,23403.37
9655,25513.66
9654,34985.57
9653,50400.45
9652,48723.01
9651,30236.21
9650,25223.24
9649,26371.89
9648,54876.0
9647,56392.64
9646,73652.17
9645,53794.02
9644,41791.18
9643,39981.43
9642,44553.14
9641,44242.24
9640,108.48
9639,83971.98
9638,47922.25
9637,30571.24
9636,30043.65
9635,30554.37
9634,44607.75
9633,52012.58
9632,78120.29
9631,57400.63
9630,18768.78
9629,27326.49
9628,23478.54
9627,27153.4
9626,57057.24
9625,64346.46
9624,58397.83
9623,33800.41
9622,35207.05
9621,38527.85
9620,37939.01
9619,45615.93
9618,70063.7
9617,69750.31
9616,29153.65
9615,31001.15
9614,31892.82
9613,32.28
9612,58909.0
9611,66977.04
9610,53066.33
9609,63951.89
9608,33947.29
9607,28800.1
9606,38720.67
9605,44948.04
9604,46766.54
9603,51360.91
9602,25347.27
9601,50209.51
9600,41913.92
9599,42397.18
9598,53061.36
9597,70657.41
9596,51408.48
9595,37304.14
9594,35867.47
9593,33092.81
9592,47917.04
9591,59559.8
9590,61308.07
9589,54100.24
9588,22196.26
9587,31758.66
9586,27718.45
9585,33233.93
9584,44462.95
9583,46534.04
9582,53347.87
9581,24975.85
9580,19322.87
9579,25256.76
9578,33673.14
9577,37597.75
9576,37945.09
9575,36994.25
9574,28031.13
