47558,36768.78
47557,55404.43
47556,34866.16
47555,15366.65
47554,15704.32
47553,14621.91
47552,18152.45
47551,1035.39
47550,39552.56
47549,26245.36
47548,11638.46
47547,13752.88
47546,12178.98
47545,24451.28
47544,23656.35
47543,51180.13
47542,19482.71
47541,26498.29
47540,15779.89
47539,18098.4
47538,22355.25
47537,1374.07
47536,11892.55
47535,23529.68
47534,14207.12
47533,16282.49
47532,14854.19
47531,17840.99
47530,31382.94
47529,50855.42
47528,32594.33
47527,14931.35
47526,16202.04
47525,14678.21
47524,23381.13
47523,29504.56
47522,50222.75
47521,21520.34
47520,15029.16
47519,20159.44
47518,20416.17
47517,46780.05
47516,55642.64
47515,94521.49
47514,46063.22
47513,16368.48
47512,22576.1
47511,25495.1
47510,23238.07
47509,37827.17
47508,63490.1
47507,33316.96
47506,17154.98
47505,14912.01
47504,16581.16
47503,19822.4
47502,33438.63
47501,56052.95
47500,28589.87
47499,22593.54
47498,20680.71
47497,17272.89
47496,41205.08
47495,54408.69
47494,84227.95
47493,53056.29
47492,32675.76
47491,41758.94
47490,52857.38
47489,33475.66
47488,42954.69
47487,73014.14
47486,53074.05
47485,19988.15
47484,22469.9
47483,43537.01
47482,38896.66
47481,51693.46
47480,94372.53
47479,47057.07
47478,27807.21
47477,35209.49
47476,44913.03
47475,37497.31
47474,76587.54
47473,86929.93
47472,23964.01
47471,21608.16
47470,22698.06
47469,23829.92
47468,30234.58
47467,47499.57
47466,33753.61
47465,793.64
47464,15513.31
47463,30069.93
47462,33619.7
47461,45969.32
47460,64901.16
47459,44746.65
47458,14167.27
47457,389.29
47456,447.68
47455,420.32
47454,28432.85
47453,50484.41
47452,32117.34
47451,742.35
47450,16696.14
47449,17448.31
47448,35153.03
47447,43244.1
47446,68185.69
47445,41901.34
47444,25838.54
47443,30514.66
47442,34712.39
47441,35716.28
47440,42238.25
47439,67528.61
47438,41333.75
47437,25137.08
47436,27727.04
47435,29284.91
47434,38161.17
47433,55434.96
47432,81383.0
47431,43086.04
47430,17192.33
47429,19218.33
47428,21784.44
47427,23402.09
47426,52721.25
47425,69278.02
47424,42095.16
47423,28725.69
47422,28767.89
47421,31812.4
47420,28147.73
47419,40907.48
47418,73014.78
47417,43376.93
47416,21188.82
47415,19568.09
47414,22140.23
47413,27912.29
47412,44795.44
47411,52201.46
47410,41581.22
47409,51502.53
47408,13920.45
47407,20232.32
47406,27070.95
47405,35801.83
47404,48843.7
47403,40417.25
47402,20486.41
47401,39446.11
47400,36092.76
47399,36255.11
47398,52320.25
47397,62666.77
47396,43307.37
47395,28026.51
47394,32537.83
47393,24332.4
47392,41611.19
47391,54817.99
47390,66806.64
47389,37617.54
47388,15867.06
47387,18354.31
47386,23695.51
47385,24222.42
47384,39143.49
47383,46649.01
47382,44551.21
47381,17842.21
47380,14665.2
47379,19410.12
47378,25106.96
47377,32139.5
47376,45530.7
47375,27039.74
47374,23689.33
