83889,30834.69
83888,46397.1
83887,49761.01
83886,14608.8
83885,15304.54
83884,15188.0
83883,14672.84
83882,1340.11
83881,40609.62
83880,36043.98
83879,12305.84
83878,14589.69
83877,14843.23
83876,22891.56
83875,24136.83
83874,46780.07
83873,36652.75
83872,33428.15
83871,17187.89
83870,18154.33
83869,15567.51
83868,22889.65
83867,51812.29
83866,33573.64
83865,12709.07
83864,13518.09
83863,18259.97
83862,14342.48
83861,28231.5
83860,48150.81
83859,31649.62
83858,20256.88
83857,23189.24
83856,17464.6
83855,20249.22
83854,27649.77
83853,49831.8
83852,29723.97
83851,15832.9
83850,19584.69
83849,22473.13
83848,37441.89
83847,47901.85
83846,74206.74
83845,47384.27
83844,37880.37
83843,20807.35
83842,31495.52
83841,21827.12
83840,37066.33
83839,62607.95
83838,47004.93
83837,20689.66
83836,17296.35
83835,24629.37
83834,21405.22
83833,34345.28
83832,62495.7
83831,38028.66
83830,29889.1
83829,23575.81
83828,30840.85
83827,44594.24
83826,51137.6
83825,79685.79
83824,60363.95
83823,39897.56
83822,32620.94
83821,46896.13
83820,30833.93
83819,34006.11
83818,56603.33
83817,50925.17
83816,24997.69
83815,24248.83
83814,39623.58
83813,35818.4
83812,44055.04
83811,79537.06
83810,57677.57
83809,32653.99
83808,34958.99
83807,38586.38
83806,36630.41
83805,63794.19
83804,86325.77
83803,-39.5
83802,22931.55
83801,22295.38
83800,19073.77
83799,27357.77
83798,30388.09
83797,54758.52
83796,43851.94
83795,1349.06
83794,21215.97
83793,34544.93
83792,36476.88
83791,45332.72
83790,72322.12
83789,59488.15
83788,18877.12
83787,24283.5
83786,22107.08
83785,26215.57
83784,31908.8
83783,56746.18
83782,39676.76
83781,23563.39
83780,23422.79
83779,26185.78
83778,42928.79
83777,52286.0
83776,75586.42
83775,54441.5
83774,33062.88
83773,30115.6
83772,37495.56
83771,34697.09
83770,1434.15
83769,89915.1
83768,52385.61
83767,24404.76
83766,26078.54
83765,33688.26
83764,39134.65
83763,47438.23
83762,84233.93
83761,57277.9
83760,23121.65
83759,29347.49
83758,28370.18
83757,34913.85
83756,62019.63
83755,78063.55
83754,63305.17
83753,32788.6
83752,37547.65
83751,37434.71
83750,32333.95
83749,51115.77
83748,84540.7
83747,74266.15
83746,32125.12
83745,29157.51
83744,33355.21
83743,778.98
83742,53936.79
83741,75802.85
83740,60511.52
83739,72453.05
83738,20570.32
83737,28653.79
83736,36155.34
83735,48379.55
83734,67393.72
83733,50713.56
83732,28707.46
83731,44006.19
83730,44754.19
83729,45538.76
83728,55024.02
83727,76868.66
83726,53458.45
83725,33891.94
83724,40290.56
83723,39429.09
83722,49469.96
83721,62826.38
83720,78798.36
83719,60521.51
83718,25587.32
83717,31108.87
83716,27372.84
83715,28136.53
83714,40783.15
83713,48734.68
83712,56475.23
83711,27078.52
83710,21710.56
83709,32375.22
83708,35098.44
83707,39682.81
83706,49724.34
83705,33411.93
83704,37311.32
