118776,29642.79
118775,44516.64
118774,44562.48
118773,19595.66
118772,11250.52
118771,18767.58
118770,13156.12
118769,562.52
118768,30580.82
118767,16961.95
118766,13910.52
118765,15776.96
118764,15237.74
118763,24512.98
118762,27919.86
118761,38435.52
118760,27093.94
118759,24193.48
118758,18199.79
118757,16754.98
118756,17372.96
118755,20651.23
118754,36947.32
118753,30696.64
118752,14656.13
118751,13675.43
118750,16311.72
118749,15955.25
118748,26510.1
118747,33451.59
118746,20813.9
118745,23091.0
118744,21135.67
118743,22496.98
118742,29915.0
118741,34707.43
118740,40177.14
118739,28768.2
118738,23274.69
118737,19283.87
118736,21913.69
118735,43590.74
118734,49618.61
118733,72658.89
118732,41668.85
118731,41317.13
118730,27242.5
118729,25392.6
118728,22246.11
118727,38583.47
118726,55475.61
118725,40452.17
118724,19132.16
118723,17233.14
118722,20717.01
118721,20764.96
118720,33309.74
118719,49897.8
118718,34141.81
118717,31483.41
118716,22169.95
118715,25450.38
118714,46813.82
118713,59454.96
118712,75356.35
118711,56179.47
118710,30421.66
118709,38713.67
118708,49738.38
118707,30807.3
118706,31044.9
118705,54915.43
118704,51123.88
118703,21134.89
118702,27060.3
118701,43663.28
118700,38780.4
118699,45641.59
118698,60735.41
118697,51440.31
118696,35496.05
118695,39483.21
118694,45552.91
118693,40410.81
118692,54948.88
118691,78907.23
118690,24203.71
118689,20729.97
118688,21170.38
118687,28353.97
118686,36125.56
118685,50408.15
118684,39265.23
118683,808.78
118682,20723.89
118681,39713.06
118680,46377.74
118679,48146.98
118678,63143.01
118677,56379.29
118676,24338.18
118675,1069.59
118674,352.06
118673,57.16
118672,32507.02
118671,46004.59
118670,42607.16
118669,760.76
118668,24108.97
118667,23822.35
118666,41745.1
118665,48578.36
118664,58487.8
118663,44862.11
118662,29265.5
118661,27281.61
118660,30214.03
118659,32117.87
118658,45594.36
118657,63298.18
118656,45887.56
118655,30674.66
118654,24863.81
118653,30913.62
118652,48270.08
118651,47647.75
118650,86117.83
118649,53143.27
118648,25696.49
118647,7535.88
118646,27444.33
118645,26619.3
118644,52662.03
118643,61871.59
118642,55851.67
118641,30771.57
118640,31746.39
118639,35559.54
118638,34645.72
118637,40193.55
118636,58549.64
118635,58431.79
118634,24690.94
118633,21175.59
118632,23134.97
118631,37698.17
118630,46213.95
118629,55224.39
118628,49858.28
118627,55433.4
118626,31516.77
118625,35468.85
118624,33905.49
118623,40368.02
118622,43778.72
118621,46345.17
118620,21197.07
118619,37228.03
118618,39099.94
118617,38426.76
118616,47810.25
118615,55907.16
118614,45561.62
118613,27690.42
118612,28140.44
118611,32851.51
118610,41276.95
118609,53728.18
118608,65987.03
118607,47156.56
118606,21347.83
118605,21588.52
118604,24519.91
118603,25846.04
118602,40153.52
118601,37567.1
118600,44014.37
118599,22408.79
118598,16411.57
118597,22301.43
118596,31314.3
118595,33867.42
118594,45758.11
118593,37501.15
118592,31571.79
