142900,21420.42
142899,29190.3
142898,26364.68
142897,9247.06
142896,7123.33
142895,8448.08
142894,12198.8
142893,276.5
142892,22167.42
142891,21360.32
142890,5647.72
142889,6133.07
142888,8611.21
142887,13540.72
142886,15925.83
142885,29359.31
142884,24665.16
142883,22004.93
142882,10374.57
142881,11865.63
142880,11991.94
142879,10767.87
142878,29150.38
142877,24453.91
142876,8187.63
142875,7878.92
142874,7752.24
142873,11158.28
142872,17271.98
142871,31802.11
142870,23809.56
142869,12948.07
142868,11283.29
142867,12259.86
142866,13675.17
142865,18641.11
142864,30232.2
142863,17246.65
142862,7808.91
142861,11947.61
142860,13178.35
142859,21753.39
142858,32029.97
142857,47836.71
142856,33656.2
142855,29811.79
142854,14777.21
142853,15914.39
142852,11843.0
142851,21793.0
142850,36977.42
142849,29620.88
142848,10823.21
142847,12082.2
142846,12049.45
142845,10785.96
142844,18281.23
142843,34936.34
142842,24951.16
142841,15743.42
142840,11722.43
142839,9454.72
142838,25478.11
142837,25592.56
142836,46757.65
142835,41397.0
142834,14585.49
142833,17363.39
142832,26602.09
142831,14640.62
142830,21456.84
142829,41590.9
142828,35373.73
142827,10809.6
142826,11514.32
142825,21987.89
142824,20568.24
142823,26323.2
142822,50254.14
142821,38834.85
142820,16148.4
142819,20658.09
142818,23485.52
142817,25236.17
142816,32238.99
142815,52029.18
142814,14688.21
142813,16821.82
142812,15911.78
142811,19743.1
142810,25736.8
142809,35667.27
142808,33375.99
142807,365.63
142806,15954.57
142805,26387.28
142804,20873.98
142803,33270.16
142802,52484.42
142801,42499.74
142800,15103.23
142799,12695.13
142798,14091.53
142797,16397.73
142796,21555.19
142795,35758.83
142794,29746.82
142793,13243.06
142792,15671.62
142791,16137.83
142790,28334.02
142789,30364.07
142788,49388.75
142787,40046.9
142786,21426.7
142785,18278.69
142784,21275.02
142783,21246.39
142782,690.6
142781,55138.84
142780,34584.58
142779,18761.97
142778,15115.06
142777,20211.89
142776,25027.09
142775,31545.4
142774,62455.4
142773,47054.1
142772,11270.71
142771,15961.71
142770,19121.77
142769,19511.25
142768,32192.47
142767,52735.77
142766,41621.86
142765,21602.33
142764,24224.08
142763,25222.84
142762,25081.52
142761,27182.88
142760,52967.62
142759,43647.66
142758,17210.2
142757,16638.02
142756,18658.72
142755,375.02
142754,32029.31
142753,47605.21
142752,45521.01
142751,46693.43
142750,22784.78
142749,17897.18
142748,21958.83
142747,28656.53
142746,43732.64
142745,44859.03
142744,20158.8
142743,26855.32
142742,25566.5
142741,27224.41
142740,28590.48
142739,49934.37
142738,41207.42
142737,23187.46
142736,28093.01
142735,22883.42
142734,29791.7
142733,38046.52
142732,52140.9
142731,48061.7
142730,17979.06
142729,18939.78
142728,20525.73
142727,18004.08
142726,34135.67
142725,40034.99
142724,46241.59
142723,16148.01
142722,16049.72
142721,18905.27
142720,22451.73
142719,28618.41
142718,40615.51
142717,39267.12
142716,35702.26
