103247,29994.89
103246,61053.49
103245,43273.62
103244,14567.14
103243,15032.16
103242,18357.02
103241,17504.59
103240,1124.94
103239,38398.1
103238,21116.47
103237,11760.89
103236,10984.81
103235,12165.6
103234,24486.31
103233,30367.64
103232,41923.95
103231,28117.99
103230,26175.07
103229,20959.1
103228,9982.61
103227,18237.45
103226,11953.57
103225,15794.52
103224,35409.93
103223,14718.18
103222,14927.64
103221,16586.11
103220,16992.09
103219,33976.47
103218,52472.41
103217,25802.55
103216,19847.38
103215,21272.9
103214,22086.33
103213,23541.58
103212,32099.73
103211,53096.57
103210,30848.17
103209,15828.69
103208,11200.58
103207,21429.77
103206,48436.48
103205,63988.9
103204,88464.07
103203,41264.39
103202,25895.72
103201,19972.15
103200,30784.06
103199,24963.03
103198,49457.5
103197,70511.5
103196,42497.87
103195,21832.15
103194,20449.5
103193,23405.62
103192,17014.25
103191,33444.16
103190,65467.44
103189,32543.26
103188,29306.1
103187,18337.38
103186,17886.48
103185,45657.98
103184,54353.42
103183,91547.06
103182,59427.74
103181,41474.53
103180,46714.76
103179,61005.72
103178,35670.61
103177,45647.76
103176,74106.24
103175,46586.12
103174,22026.12
103173,23899.23
103172,37331.84
103171,38712.5
103170,54540.96
103169,88202.28
103168,56476.47
103167,40172.79
103166,44562.28
103165,49668.9
103164,52788.33
103163,79068.83
103162,87292.14
103161,27523.13
103160,22806.01
103159,20162.6
103158,26575.1
103157,45300.65
103156,56053.68
103155,32556.64
103154,18660.77
103153,17131.43
103152,31219.33
103151,31351.43
103150,48123.43
103149,67349.85
103148,50681.65
103147,2054.94
103146,18462.23
103145,21214.89
103144,19783.76
103143,36775.92
103142,49885.86
103141,37283.09
103140,23712.91
103139,24706.26
103138,24624.42
103137,46486.75
103136,56715.52
103135,76633.07
103134,47455.2
103133,32215.85
103132,32311.4
103131,38293.93
103130,37275.99
103129,2695.46
103128,81133.07
103127,47944.92
103126,29218.8
103125,29695.31
103124,32077.33
103123,41865.46
103122,47699.56
103121,72542.97
103120,43762.87
103119,23824.23
103118,23106.07
103117,26579.09
103116,23381.59
103115,61666.23
103114,72958.16
103113,47209.85
103112,28834.6
103111,36345.89
103110,35661.07
103109,36842.42
103108,49556.89
103107,76942.92
103106,47277.47
103105,28024.56
103104,25463.54
103103,30542.02
103102,456.35
103101,53747.11
103100,62978.5
103099,45316.82
103098,46187.7
103097,27924.26
103096,31744.45
103095,38039.67
103094,47591.91
103093,52456.23
103092,43616.66
103091,27323.77
103090,45914.51
103089,37211.09
103088,40844.85
103087,57518.92
103086,64077.53
103085,44002.01
103084,33667.23
103083,29417.39
103082,34010.16
103081,44473.03
103080,58293.2
103079,61720.77
103078,43879.02
103077,23190.95
103076,23243.23
103075,26549.08
103074,24350.4
103073,42717.88
103072,43542.6
103071,37320.73
103070,25851.12
103069,17477.11
103068,22457.35
103067,28560.53
103066,35861.74
103065,37478.83
103064,29573.95
103063,27240.82
