12451,20641.65
12450,45726.94
12449,36212.12
12448,10720.71
12447,13207.46
12446,12763.21
12445,16931.83
12444,1904.65
12443,27447.37
12442,23722.96
12441,10049.48
12440,11512.21
12439,13508.07
12438,23481.1
12437,27437.03
12436,42668.72
12435,26935.21
12434,24676.05
12433,19476.0
12432,19712.79
12431,21311.87
12430,18256.8
12429,41766.61
12428,31644.87
12427,11762.32
12426,12180.51
12425,12082.1
12424,13644.64
12423,25717.76
12422,42648.31
12421,27636.69
12420,15158.35
12419,14245.93
12418,18799.5
12417,19284.46
12416,23055.1
12415,39048.03
12414,27580.45
12413,13476.23
12412,14840.16
12411,17959.73
12410,35341.21
12409,45362.24
12408,75603.85
12407,37570.27
12406,35024.96
12405,26913.0
12404,30347.65
12403,25851.1
12402,33873.16
12401,58817.05
12400,55737.93
12399,17586.72
12398,17336.91
12397,11737.62
12396,14990.45
12395,27947.63
12394,46609.32
12393,30716.53
12392,30598.05
12391,9671.14
12390,17620.75
12389,35786.58
12388,49767.74
12387,72880.21
12386,74507.14
12385,37145.84
12384,41013.15
12383,58925.24
12382,26875.63
12381,35993.78
12380,56601.33
12379,50716.8
12378,23064.27
12377,19280.2
12376,38349.71
12375,34001.65
12374,38137.27
12373,70710.3
12372,58775.5
12371,36647.93
12370,30498.38
12369,38493.37
12368,24877.12
12367,51898.72
12366,59120.66
12365,20905.16
12364,16064.47
12363,17920.71
12362,23062.16
12361,25091.65
12360,37794.85
12359,33403.59
12358,715.14
12357,15870.32
12356,21870.99
12355,23086.31
12354,30036.39
12353,57366.74
12352,49336.46
12351,14681.51
12350,1037.85
12349,553.58
12348,187.84
12347,26881.48
12346,37305.27
12345,34395.29
12344,1051.15
12343,16758.24
12342,22623.77
12341,39765.17
12340,46951.98
12339,71982.91
12338,52939.41
12337,30194.53
12336,29010.48
12335,34460.82
12334,29359.88
12333,42736.76
12332,76170.23
12331,38598.61
12330,19513.88
12329,24329.79
12328,23875.11
12327,33005.54
12326,40671.22
12325,63791.69
12324,37568.09
12323,14764.23
12322,20233.54
12321,17267.17
12320,24543.15
12319,52028.2
12318,68705.24
12317,56802.62
12316,29200.59
12315,34210.15
12314,39003.54
12313,30812.22
12312,45499.32
12311,56819.98
12310,63381.32
12309,29685.41
12308,26117.47
12307,32951.7
12306,40838.29
12305,45287.43
12304,62250.17
12303,50215.79
12302,59564.61
12301,25162.88
12300,24517.6
12299,31979.46
12298,36258.27
12297,50222.31
12296,49103.04
12295,24260.34
12294,47675.57
12293,45271.7
12292,42047.61
12291,56709.98
12290,68622.83
12289,55577.43
12288,38846.87
12287,37712.02
12286,39277.51
12285,42529.21
12284,48635.36
12283,59643.03
12282,52538.8
12281,23391.06
12280,27705.95
12279,20347.99
12278,26103.0
12277,36312.96
12276,35649.07
12275,51676.99
12274,22180.27
12273,15336.05
12272,20614.13
12271,29281.93
12270,27095.0
12269,31438.11
12268,28378.31
12267,19329.78
