212372,17661.21
212371,22744.31
212370,13384.37
212369,7755.02
212368,5070.03
212367,4900.17
212366,6265.9
212365,752.63
212364,4788.13
212363,8024.06
212362,7036.78
212361,5213.76
212360,4462.23
212359,9790.26
212358,12154.53
212357,19579.47
212356,9761.73
212355,9973.72
212354,5577.24
212353,5482.07
212352,4817.94
212351,7165.02
212350,21400.17
212349,11533.04
212348,3964.28
212347,4337.66
212346,4810.18
212345,5706.47
212344,13274.71
212343,21525.33
212342,13302.44
212341,7262.8
212340,9251.63
212339,5141.81
212338,8949.91
212337,11385.99
212336,20666.53
212335,8376.15
212334,4898.68
212333,6654.02
212332,8593.13
212331,13704.1
212330,23678.84
212329,43083.52
212328,12855.54
212327,14270.62
212326,8861.45
212325,9607.98
212324,9451.55
212323,15143.85
212322,27164.96
212321,15587.45
212320,7200.47
212319,7311.54
212318,6907.02
212317,6359.93
212316,12423.18
212315,27771.42
212314,13078.57
212313,10486.56
212312,5109.3
212311,5909.94
212310,19316.06
212309,21461.03
212308,32368.36
212307,25947.38
212306,13665.55
212305,14668.31
212304,17356.64
212303,13538.27
212302,17388.83
212301,27798.38
212300,20811.49
212299,8788.04
212298,7395.96
212297,16149.29
212296,16540.55
212295,20536.55
212294,40731.01
212293,22717.41
212292,13387.53
212291,16781.87
212290,19214.25
212289,17545.57
212288,24953.8
212287,32149.42
212286,9812.9
212285,8449.45
212284,6865.65
212283,11117.95
212282,13290.25
212281,22732.8
212280,13857.55
212279,6956.82
212278,7787.5
212277,14099.87
212276,14559.06
212275,17316.32
212274,32898.18
212273,19851.71
212272,192.66
212271,6367.4
212270,6557.18
212269,10477.74
212268,13302.59
212267,20519.18
212266,16697.06
212265,6098.7
212264,9668.37
212263,8324.39
212262,17712.11
212261,25634.54
212260,35271.31
212259,19624.69
212258,17704.74
212257,9970.44
212256,15203.71
212255,11455.52
212254,387.15
212253,38838.87
212252,18555.93
212251,10407.85
212250,9310.28
212249,11764.79
212248,17603.35
212247,20273.37
212246,36842.77
212245,18546.65
212244,9560.21
212243,8939.62
212242,9389.81
212241,11445.49
212240,24742.85
212239,32360.92
212238,17865.54
212237,14022.49
212236,18914.95
212235,15814.01
212234,14545.88
212233,22670.9
212232,26542.45
212231,20318.73
212230,12351.23
212229,10685.66
212228,11702.03
212227,16170.28
212226,28039.51
212225,33073.44
212224,26484.35
212223,22812.74
212222,12183.09
212221,9846.73
212220,11184.65
212219,18361.43
212218,24537.65
212217,17757.91
212216,11730.92
212215,18034.01
212214,17655.38
212213,18563.22
212212,25260.52
212211,35943.0
212210,19594.3
212209,14619.97
212208,15821.02
212207,15823.96
212206,18010.52
212205,25483.57
212204,29092.82
212203,18835.34
212202,11546.64
212201,11591.44
212200,12047.55
212199,12903.88
212198,24281.95
212197,21898.37
212196,18597.45
212195,8700.73
212194,9036.2
212193,10094.96
212192,12119.11
212191,16358.32
212190,31381.46
212189,24486.49
212188,14876.6
