155171,23510.4
155170,47373.17
155169,31662.84
155168,11537.53
155167,16055.57
155166,12858.85
155165,12999.1
155164,813.0
155163,28086.17
155162,17186.13
155161,9635.9
155160,6766.88
155159,9726.33
155158,15675.93
155157,21943.32
155156,32804.91
155155,22418.5
155154,20676.7
155153,21009.57
155152,9803.25
155151,14129.91
155150,3684.5
155149,934.38
155148,15197.83
155147,12464.03
155146,11206.75
155145,11358.72
155144,13753.17
155143,20281.57
155142,33896.3
155141,22344.58
155140,15830.01
155139,14886.15
155138,13798.07
155137,16788.34
155136,25812.04
155135,41016.63
155134,23036.24
155133,13635.64
155132,5920.28
155131,14061.52
155130,32422.53
155129,42619.53
155128,63836.39
155127,32206.88
155126,23167.43
155125,18433.99
155124,22064.23
155123,21077.99
155122,33581.52
155121,50086.59
155120,28356.13
155119,19739.8
155118,18137.22
155117,17343.59
155116,10660.61
155115,23129.97
155114,48868.65
155113,22643.46
155112,25790.78
155111,17908.4
155110,14258.69
155109,33506.93
155108,36567.3
155107,73032.09
155106,38722.17
155105,28964.1
155104,34140.53
155103,43626.37
155102,25501.01
155101,32970.56
155100,53999.04
155099,37248.74
155098,17595.44
155097,16089.82
155096,31557.86
155095,32538.6
155094,38235.32
155093,68338.2
155092,44458.01
155091,29488.14
155090,32743.46
155089,37998.93
155088,33373.21
155087,48104.8
155086,66581.04
155085,16353.86
155084,19097.01
155083,16215.23
155082,22795.43
155081,28009.37
155080,38229.98
155079,27918.77
155078,562.89
155077,14958.15
155076,34126.77
155075,27120.47
155074,38847.16
155073,57565.26
155072,42703.02
155071,12918.24
155070,16431.22
155069,15578.11
155068,17588.18
155067,25604.77
155066,37128.93
155065,29606.5
155064,19921.01
155063,18280.59
155062,15979.43
155061,31907.34
155060,45714.47
155059,64219.64
155058,31748.86
155057,25273.86
155056,26660.84
155055,26218.89
155054,26210.3
155053,1021.28
155052,59337.85
155051,31546.1
155050,19111.03
155049,20678.01
155048,24570.34
155047,31065.52
155046,41047.62
155045,49220.99
155044,32323.63
155043,16285.77
155042,19494.72
155041,15689.22
155040,18461.9
155039,43257.48
155038,59024.04
155037,39407.67
155036,25756.08
155035,24956.88
155034,28688.47
155033,25310.29
155032,31609.53
155031,58385.53
155030,42005.21
155029,20544.9
155028,20136.93
155027,21524.75
155026,329.07
155025,36846.36
155024,43994.84
155023,33562.12
155022,39775.26
155021,17165.79
155020,19411.67
155019,23095.06
155018,28254.72
155017,35777.61
155016,30904.96
155015,19733.18
155014,32164.95
155013,29993.4
155012,30418.99
155011,34661.87
155010,52712.51
155009,35068.18
155008,27387.15
155007,23595.19
155006,28613.98
155005,28518.99
155004,44087.76
155003,44320.01
155002,28057.77
155001,18172.85
155000,18030.46
154999,19028.37
154998,18438.39
154997,32769.06
154996,33837.66
154995,31750.68
154994,18232.46
154993,12653.54
154992,17392.44
154991,19597.79
154990,23386.84
154989,32003.76
154988,19055.67
154987,24527.15
