194053,18303.19
194052,37681.87
194051,24816.97
194050,8119.71
194049,7547.14
194048,11856.7
194047,10432.27
194046,1268.05
194045,26214.02
194044,11879.51
194043,6356.76
194042,4905.36
194041,7989.37
194040,13103.64
194039,19339.15
194038,30880.13
194037,15810.58
194036,13608.01
194035,10956.03
194034,12122.45
194033,11773.17
194032,11800.2
194031,30905.33
194030,16208.58
194029,8495.01
194028,7325.04
194027,7218.89
194026,9237.14
194025,18764.08
194024,26552.07
194023,19620.0
194022,10054.48
194021,9311.95
194020,11013.39
194019,9948.66
194018,14521.17
194017,31231.45
194016,19271.21
194015,8408.18
194014,8566.14
194013,12687.46
194012,26363.09
194011,31061.39
194010,53261.16
194009,26966.07
194008,20855.46
194007,12227.64
194006,14715.16
194005,13905.67
194004,23589.51
194003,37942.67
194002,21634.68
194001,10900.68
194000,11551.77
193999,3508.86
193998,6212.88
193997,18575.28
193996,32526.73
193995,19400.52
193994,14702.6
193993,6200.17
193992,11471.41
193991,13754.0
193990,25597.75
193989,43645.46
193988,32284.35
193987,19412.45
193986,20955.47
193985,28587.8
193984,17242.22
193983,23211.37
193982,39469.91
193981,29886.75
193980,8400.24
193979,12541.18
193978,18914.81
193977,19781.92
193976,29328.11
193975,52855.47
193974,37043.83
193973,18248.56
193972,25256.41
193971,26321.33
193970,19320.64
193969,37039.05
193968,44379.09
193967,11369.55
193966,13128.93
193965,8841.47
193964,11250.13
193963,19863.83
193962,29778.23
193961,19037.7
193960,1018.7
193959,11875.83
193958,22003.43
193957,19169.29
193956,24976.23
193955,38811.59
193954,26007.91
193953,9381.46
193952,10109.38
193951,13868.16
193950,13216.08
193949,18385.79
193948,30723.19
193947,19106.56
193946,10643.62
193945,11642.02
193944,13941.38
193943,27858.53
193942,29042.17
193941,48523.59
193940,28217.3
193939,14917.39
193938,16630.24
193937,16806.57
193936,19752.15
193935,1875.29
193934,46043.9
193933,21530.23
193932,12413.44
193931,15816.0
193930,14799.64
193929,23953.49
193928,30479.69
193927,42996.48
193926,23484.79
193925,10520.79
193924,15195.51
193923,10024.57
193922,10400.86
193921,28290.21
193920,48682.59
193919,29445.21
193918,18756.73
193917,19061.18
193916,15577.36
193915,16112.32
193914,26083.62
193913,42754.33
193912,29845.66
193911,13299.3
193910,14126.93
193909,17520.67
193908,202.23
193907,33431.34
193906,49098.33
193905,30858.66
193904,28482.37
193903,22880.87
193902,22239.61
193901,20513.0
193900,27576.29
193899,37116.73
193898,23630.93
193897,11107.02
193896,25491.99
193895,24430.85
193894,24173.46
193893,34801.28
193892,40354.46
193891,33225.88
193890,20357.36
193889,22700.25
193888,21245.86
193887,27003.1
193886,36629.11
193885,36007.84
193884,29189.26
193883,13804.74
193882,15208.21
193881,14087.35
193880,21604.83
193879,27087.9
193878,29835.16
193877,32367.93
193876,13812.69
193875,11707.5
193874,19387.33
193873,20350.22
193872,29158.46
193871,25288.26
193870,17520.47
193869,15726.86
