153830,16855.17
153829,22076.76
153828,15276.45
153827,8985.45
153826,7532.16
153825,9966.96
153824,9980.75
153823,800.8
153822,17198.04
153821,7801.53
153820,5784.2
153819,6387.44
153818,7035.94
153817,11840.53
153816,12096.3
153815,20727.63
153814,11918.35
153813,16513.37
153812,10883.42
153811,3415.67
153810,6055.8
153809,3882.55
153808,2203.97
153807,9407.2
153806,9353.35
153805,6076.39
153804,11300.58
153803,7837.68
153802,18282.07
153801,22562.02
153800,16463.98
153799,10047.4
153798,9604.73
153797,11370.73
153796,11332.53
153795,15350.23
153794,27058.97
153793,13391.77
153792,9046.77
153791,5697.87
153790,14401.44
153789,27553.29
153788,21525.61
153787,50481.7
153786,12612.95
153785,10062.59
153784,16677.55
153783,13740.91
153782,13654.55
153781,23926.98
153780,31000.73
153779,14677.68
153778,11188.04
153777,11838.67
153776,9044.99
153775,9631.45
153774,17167.52
153773,29235.98
153772,13243.91
153771,12604.24
153770,13171.69
153769,10457.17
153768,20721.66
153767,26609.38
153766,39331.48
153765,24554.15
153764,18754.86
153763,21129.78
153762,27153.69
153761,19333.52
153760,20811.73
153759,37990.37
153758,24918.59
153757,12867.14
153756,12840.66
153755,21792.98
153754,19378.23
153753,23009.69
153752,42222.87
153751,24427.13
153750,20371.54
153749,18947.07
153748,23510.39
153747,25643.29
153746,41792.08
153745,43964.65
153744,13565.42
153743,11348.85
153742,11614.38
153741,10980.25
153740,14685.66
153739,26390.06
153738,13649.28
153737,7512.15
153736,9154.85
153735,19340.84
153734,17317.96
153733,23090.54
153732,36008.8
153731,20467.26
153730,648.96
153729,10162.11
153728,10150.43
153727,11320.29
153726,18224.5
153725,23247.82
153724,16105.96
153723,9774.82
153722,10550.9
153721,13193.69
153720,20950.03
153719,24680.85
153718,35848.71
153717,18575.6
153716,15146.56
153715,15591.44
153714,15980.48
153713,18825.73
153712,595.73
153711,39449.24
153710,22531.24
153709,11028.36
153708,14912.4
153707,15612.15
153706,25015.85
153705,29757.17
153704,45787.1
153703,23723.8
153702,12201.38
153701,10816.78
153700,11635.97
153699,12075.3
153698,30531.98
153697,38336.96
153696,23474.27
153695,15978.02
153694,17830.18
153693,21226.89
153692,19620.77
153691,24308.08
153690,38544.7
153689,21067.64
153688,10405.22
153687,15106.52
153686,12722.72
153685,262.23
153684,22748.1
153683,30232.24
153682,17345.22
153681,23943.22
153680,12442.2
153679,10899.49
153678,17225.06
153677,18318.05
153676,26487.04
153675,17762.13
153674,11224.27
153673,21794.08
153672,18603.76
153671,16630.89
153670,22292.76
153669,31041.26
153668,20204.54
153667,15591.31
153666,17930.09
153665,16207.13
153664,23781.77
153663,30585.63
153662,34381.82
153661,21402.63
153660,11578.29
153659,13032.85
153658,13599.13
153657,14460.68
153656,21952.48
153655,22789.88
153654,19059.45
153653,11877.76
153652,7960.8
153651,11012.28
153650,14881.12
153649,16938.08
153648,22606.16
153647,13549.87
153646,11941.86
