109938,38414.49
109937,52653.42
109936,53740.59
109935,20093.16
109934,18371.14
109933,24380.76
109932,22178.16
109931,999.4
109930,38666.55
109929,30783.79
109928,12042.77
109927,20613.78
109926,16436.16
109925,29388.1
109924,36711.47
109923,41626.42
109922,36778.64
109921,42328.06
109920,19690.27
109919,23480.46
109918,20378.87
109917,23761.75
109916,49798.7
109915,36095.12
109914,15764.74
109913,16033.11
109912,20787.83
109911,16746.95
109910,30683.34
109909,50545.63
109908,36724.32
109907,21750.01
109906,20706.03
109905,21825.05
109904,28381.23
109903,33759.8
109902,42047.3
109901,32501.26
109900,21248.58
109899,21999.64
109898,26075.86
109897,44640.46
109896,62905.18
109895,77011.63
109894,47802.05
109893,54010.6
109892,31369.46
109891,27598.43
109890,18065.86
109889,41266.42
109888,52862.64
109887,43713.35
109886,23272.5
109885,20129.71
109884,25100.56
109883,21717.72
109882,32734.39
109881,51509.22
109880,34304.24
109879,28743.4
109878,24887.59
109877,20075.71
109876,45744.17
109875,48162.81
109874,67731.1
109873,56564.8
109872,40214.52
109871,42903.01
109870,54655.57
109869,28015.8
109868,31721.47
109867,63216.67
109866,45679.07
109865,21818.3
109864,27521.8
109863,39188.2
109862,39606.59
109861,53786.97
109860,63965.95
109859,49943.31
109858,43521.17
109857,43375.68
109856,55519.1
109855,44097.9
109854,53019.9
109853,67672.75
109852,31027.02
109851,26410.17
109850,25827.51
109849,37637.89
109848,37400.25
109847,54717.62
109846,49606.48
109845,599.85
109844,27474.54
109843,46872.32
109842,38360.52
109841,47338.47
109840,68973.24
109839,61166.61
109838,24162.91
109837,1327.85
109836,402.91
109835,15.99
109834,38924.93
109833,53288.19
109832,45531.12
109831,979.52
109830,26802.1
109829,26069.95
109828,50083.19
109827,44325.45
109826,70441.76
109825,55158.63
109824,36336.95
109823,31568.35
109822,37002.17
109821,40846.01
109820,52596.07
109819,74605.66
109818,46058.45
109817,32009.9
109816,34371.85
109815,36318.43
109814,45586.12
109813,52698.52
109812,75002.54
109811,49351.45
109810,23813.05
109809,28312.42
109808,26594.5
109807,27145.23
109806,53561.94
109805,67129.87
109804,61892.86
109803,44636.5
109802,45990.27
109801,51768.15
109800,44811.51
109799,41431.02
109798,80450.91
109797,69405.93
109796,32405.23
109795,36125.28
109794,39346.52
109793,44896.97
109792,48241.51
109791,62598.37
109790,55833.76
109789,73748.01
109788,31033.71
109787,31890.53
109786,39999.51
109785,38843.59
109784,54425.17
109783,54367.11
109782,29735.99
109781,45174.5
109780,47911.91
109779,43585.7
109778,49679.52
109777,68265.03
109776,58263.71
109775,38557.76
109774,36902.17
109773,36919.0
109772,44660.25
109771,47797.25
109770,63242.0
109769,45083.51
109768,25553.16
109767,26298.56
109766,29527.63
109765,32241.53
109764,46718.79
109763,45451.33
109762,60774.18
109761,25558.17
109760,22508.24
109759,26554.6
109758,37487.03
109757,33737.07
109756,48662.23
109755,37883.77
109754,32537.6
