88502,35260.67
88501,71175.7
88500,52575.99
88499,20238.65
88498,22768.67
88497,24087.66
88496,25550.71
88495,1643.83
88494,47988.11
88493,28997.06
88492,16470.65
88491,20083.73
88490,23943.87
88489,32996.31
88488,36348.16
88487,45835.36
88486,42641.6
88485,48541.17
88484,28471.1
88483,26802.26
88482,27313.0
88481,29524.49
88480,41409.46
88479,29146.68
88478,18920.61
88477,23078.42
88476,22603.89
88475,24254.89
88474,39332.99
88473,59506.35
88472,40182.27
88471,19467.69
88470,23512.76
88469,21653.34
88468,26674.97
88467,11097.4
88466,53831.15
88465,47355.11
88464,9592.15
88463,22337.0
88462,26371.49
88461,57830.96
88460,59482.03
88459,88201.32
88458,51720.03
88457,59071.68
88456,33663.11
88455,42220.85
88454,30753.83
88453,43901.08
88452,70700.6
88451,58701.23
88450,27762.5
88449,24774.66
88448,24215.5
88447,26261.24
88446,34791.99
88445,60781.15
88444,41963.56
88443,35415.88
88442,26537.77
88441,24730.08
88440,54486.72
88439,52891.01
88438,102380.62
88437,76786.74
88436,45259.73
88435,55364.22
88434,68915.43
88433,39729.49
88432,44912.35
88431,76623.41
88430,66491.77
88429,30210.49
88428,21600.33
88427,51822.84
88426,44845.96
88425,51533.63
88424,99483.97
88423,70565.27
88422,34726.76
88421,40971.76
88420,51088.02
88419,39481.9
88418,61158.82
88417,95955.94
88416,-30.99
88415,25329.21
88414,24775.9
88413,28152.74
88412,33257.15
88411,31680.46
88410,63804.88
88409,42434.27
88408,12805.02
88407,25535.17
88406,38365.44
88405,32327.82
88404,56737.88
88403,98204.72
88402,83159.5
88401,377.88
88400,30178.02
88399,31730.62
88398,35343.87
88397,41811.76
88396,67138.76
88395,46452.76
88394,33374.97
88393,26992.44
88392,29978.29
88391,53346.16
88390,53959.87
88389,92784.63
88388,68704.47
88387,38540.03
88386,39692.85
88385,47677.28
88384,39930.13
88383,60.18
88382,94487.99
88381,57880.68
88380,29251.89
88379,35223.55
88378,37972.72
88377,46905.06
88376,58804.15
88375,93742.27
88374,63996.57
88373,29115.45
88372,37314.66
88371,34446.91
88370,37517.06
88369,70302.04
88368,90231.17
88367,73932.01
88366,43061.52
88365,46811.74
88364,53099.41
88363,42156.66
88362,62848.52
88361,86161.51
88360,79414.38
88359,36671.5
88358,34635.76
88357,42789.1
88356,11.99
88355,63703.91
88354,87693.67
88353,63018.48
88352,91661.86
88351,37311.87
88350,40182.07
88349,48060.8
88348,49936.3
88347,74912.95
88346,64689.2
88345,38199.17
88344,57621.5
88343,59050.85
88342,54887.36
88341,62200.26
88340,96491.36
88339,84767.35
88338,42107.72
88337,50256.48
88336,53892.08
88335,58992.9
88334,79650.28
88333,94692.02
88332,71468.74
88331,36100.49
88330,41962.04
88329,38052.07
88328,41899.33
88327,55110.58
88326,65016.79
88325,67038.0
88324,35353.44
88323,34076.58
88322,40153.27
88321,40714.58
88320,49013.66
88319,62896.4
88318,41413.22
88317,36095.05
