114740,40597.24
114739,68881.7
114738,50409.6
114737,16798.88
114736,16664.92
114735,17586.81
114734,20558.54
114733,1203.65
114732,44703.43
114731,27135.52
114730,14883.18
114729,13044.28
114728,14069.82
114727,35548.43
114726,41922.47
114725,57614.99
114724,50978.58
114723,47475.66
114722,18550.06
114721,24537.47
114720,22628.19
114719,30327.64
114718,55313.52
114717,43737.48
114716,14200.81
114715,14787.79
114714,17722.66
114713,15322.96
114712,35666.84
114711,61077.85
114710,37624.76
114709,21549.95
114708,21809.07
114707,21946.26
114706,29981.73
114705,27307.56
114704,55272.83
114703,36442.62
114702,17631.36
114701,16586.6
114700,22839.74
114699,53132.37
114698,56730.84
114697,80953.49
114696,45670.08
114695,53498.63
114694,26991.95
114693,36111.46
114692,31466.16
114691,44607.79
114690,75823.84
114689,50242.65
114688,20660.56
114687,18601.78
114686,19963.11
114685,21609.48
114684,33981.1
114683,62548.05
114682,40263.49
114681,30033.41
114680,19127.28
114679,20274.83
114678,49774.15
114677,56516.39
114676,101576.35
114675,76539.98
114674,39527.92
114673,53786.24
114672,69831.31
114671,37585.34
114670,49183.06
114669,80498.94
114668,65495.0
114667,20468.99
114666,25214.33
114665,49336.0
114664,38535.2
114663,47358.5
114662,98623.83
114661,71220.62
114660,34635.67
114659,41599.11
114658,49849.03
114657,40118.73
114656,66625.02
114655,93494.88
114654,-33.22
114653,17126.67
114652,21320.52
114651,27494.37
114650,29481.2
114649,37192.76
114648,69053.15
114647,41009.19
114646,8469.24
114645,17070.59
114644,34590.86
114643,32259.9
114642,45242.47
114641,83298.02
114640,64869.9
114639,75.4
114638,22151.12
114637,25059.86
114636,28133.86
114635,34794.07
114634,66086.71
114633,49809.8
114632,27883.23
114631,25931.54
114630,30458.56
114629,65035.09
114628,64282.03
114627,99247.66
114626,64531.47
114625,44188.95
114624,42334.62
114623,48592.39
114622,43361.08
114621,76335.44
114620,41526.76
114619,20381.26
114618,28950.63
114617,32292.87
114616,44769.12
114615,55772.08
114614,78781.44
114613,54913.69
114612,23403.49
114611,23763.72
114610,25791.96
114609,22221.54
114608,61205.81
114607,81644.14
114606,70815.33
114605,38503.23
114604,35417.73
114603,41488.19
114602,36651.01
114601,50660.37
114600,72309.28
114599,66724.98
114598,27367.08
114597,27620.09
114596,33400.55
114595,1.99
114594,67926.22
114593,73449.17
114592,60896.53
114591,73081.68
114590,27637.4
114589,29609.98
114588,40097.13
114587,42431.11
114586,57234.26
114585,62412.27
114584,22424.95
114583,58062.61
114582,45126.22
114581,46407.36
114580,51865.43
114579,81838.82
114578,60715.39
114577,30955.69
114576,36498.67
114575,39446.12
114574,43662.07
114573,60317.32
114572,76008.43
114571,49507.22
114570,25062.25
114569,33907.35
114568,35685.93
114567,39611.21
114566,54271.41
114565,46916.1
114564,52431.29
114563,24022.06
114562,22842.17
114561,31403.93
114560,35807.88
114559,42291.44
114558,44467.44
114557,30708.96
114556,27742.19
