82545,21655.76
82544,44608.94
82543,39321.24
82542,14682.21
82541,15476.73
82540,14026.13
82539,12728.19
82538,831.32
82537,29659.4
82536,18974.86
82535,10947.35
82534,11511.79
82533,11648.13
82532,17718.95
82531,23504.48
82530,34020.61
82529,20857.47
82528,27194.05
82527,14152.94
82526,13082.92
82525,14301.86
82524,11377.91
82523,29770.35
82522,22392.0
82521,11367.56
82520,9728.07
82519,11079.2
82518,9198.64
82517,21456.87
82516,34430.8
82515,25822.46
82514,12011.94
82513,13894.92
82512,18194.86
82511,20001.22
82510,22362.18
82509,32938.01
82508,20486.96
82507,12428.57
82506,12410.89
82505,16551.37
82504,36278.01
82503,41713.99
82502,60875.15
82501,36184.47
82500,26849.71
82499,17923.91
82498,24990.37
82497,14066.5
82496,28542.83
82495,45518.52
82494,35443.52
82493,13874.44
82492,12860.59
82491,17212.14
82490,15706.74
82489,26022.15
82488,37411.35
82487,25063.91
82486,22802.52
82485,14665.55
82484,18575.65
82483,39536.37
82482,42172.52
82481,57342.97
82480,36472.71
82479,26304.24
82478,30912.09
82477,41437.24
82476,22556.97
82475,25817.49
82474,46197.12
82473,30747.92
82472,16654.99
82471,19731.1
82470,28199.7
82469,30269.85
82468,35153.71
82467,52013.35
82466,38121.23
82465,23828.87
82464,29913.88
82463,34826.67
82462,25508.7
82461,48068.53
82460,62787.96
82459,16456.91
82458,14565.49
82457,17490.22
82456,20088.53
82455,23218.84
82454,37360.99
82453,26370.6
82452,602.9
82451,13805.76
82450,22463.8
82449,25793.94
82448,35438.16
82447,51056.96
82446,48226.29
82445,14692.07
82444,16743.34
82443,16648.61
82442,20711.06
82441,25941.4
82440,40002.19
82439,28584.06
82438,14018.49
82437,13312.29
82436,14917.06
82435,28411.9
82434,33595.33
82433,50219.51
82432,37029.96
82431,22887.43
82430,20509.47
82429,21897.27
82428,23028.05
82427,527.11
82426,59163.76
82425,32294.43
82424,19053.78
82423,22852.88
82422,26176.5
82421,39438.27
82420,49638.54
82419,83614.9
82418,47336.97
82417,16919.18
82416,22688.87
82415,21754.09
82414,21853.42
82413,44730.36
82412,50447.91
82411,41414.65
82410,21079.24
82409,22694.0
82408,23184.03
82407,25762.07
82406,34148.4
82405,54391.92
82404,45490.71
82403,19498.76
82402,20952.08
82401,21361.05
82400,174.92
82399,35992.89
82398,46414.88
82397,35246.36
82396,37640.53
82395,15159.41
82394,20984.3
82393,25467.16
82392,27838.85
82391,42366.55
82390,34401.44
82389,21701.32
82388,32204.19
82387,30556.49
82386,30984.04
82385,37089.89
82384,58862.89
82383,43559.7
82382,22614.69
82381,31135.21
82380,27642.75
82379,33354.44
82378,46909.78
82377,64418.97
82376,47338.96
82375,17372.88
82374,16917.58
82373,15495.73
82372,20148.51
82371,29337.17
82370,35767.66
82369,35423.97
82368,16573.89
82367,11329.61
82366,16410.49
82365,23321.1
82364,24592.3
82363,36409.48
82362,28567.01
82361,22770.08
