224082,16104.49
224081,24947.12
224080,14657.53
224079,5498.42
224078,9154.13
224077,6405.14
224076,10133.96
224075,671.54
224074,16137.84
224073,8147.55
224072,5536.36
224071,4212.56
224070,5621.18
224069,10371.72
224068,11529.99
224067,18332.93
224066,9458.91
224065,12665.11
224064,11912.73
224063,5276.01
224062,8878.14
224061,854.06
224060,292.44
224059,7850.71
224058,5934.95
224057,8637.66
224056,8401.83
224055,6389.91
224054,14754.85
224053,22373.19
224052,12247.08
224051,9710.36
224050,8607.83
224049,7694.38
224048,8799.94
224047,13702.61
224046,24144.25
224045,10665.67
224044,8158.69
224043,6482.31
224042,10950.02
224041,18042.93
224040,23651.49
224039,31000.98
224038,13626.06
224037,8118.64
224036,10907.22
224035,12487.59
224034,8531.02
224033,18192.49
224032,25979.54
224031,13600.53
224030,9169.46
224029,9592.23
224028,10861.75
224027,8533.45
224026,17457.4
224025,25916.34
224024,13101.38
224023,12842.52
224022,9618.1
224021,10107.5
224020,14387.62
224019,22136.98
224018,35493.5
224017,20265.41
224016,16164.2
224015,17103.59
224014,22391.7
224013,20066.55
224012,20053.1
224011,34042.57
224010,20141.26
224009,10502.79
224008,13920.75
224007,17596.4
224006,15503.97
224005,23755.25
224004,42700.99
224003,21522.55
224002,16995.4
224001,19280.61
224000,20912.2
223999,24943.25
223998,43759.81
223997,47871.13
223996,10259.28
223995,12347.04
223994,10658.37
223993,13622.25
223992,16527.7
223991,24316.04
223990,15237.41
223989,7668.86
223988,10434.31
223987,21124.79
223986,17816.04
223985,20958.22
223984,26396.64
223983,19237.31
223982,893.14
223981,8175.12
223980,9678.38
223979,10436.62
223978,17660.99
223977,21037.52
223976,16599.48
223975,9838.19
223974,10183.04
223973,13219.45
223972,17054.96
223971,23531.95
223970,27361.69
223969,14108.84
223968,13011.06
223967,11928.9
223966,15356.25
223965,15579.96
223964,501.9
223963,31478.66
223962,16440.15
223961,13047.26
223960,13932.57
223959,14415.52
223958,15877.55
223957,23669.49
223956,31036.66
223955,16611.89
223954,9550.44
223953,10442.87
223952,10138.4
223951,12031.29
223950,24198.81
223949,37103.2
223948,17304.55
223947,11985.3
223946,15515.32
223945,13537.32
223944,13597.24
223943,19783.08
223942,28805.06
223941,18070.65
223940,12126.69
223939,11805.47
223938,11548.39
223937,15656.5
223936,21805.09
223935,25087.53
223934,19087.74
223933,16907.1
223932,11529.76
223931,13313.89
223930,13874.54
223929,15752.96
223928,23451.62
223927,16903.32
223926,11268.98
223925,16265.37
223924,17071.84
223923,17109.97
223922,24615.86
223921,29141.8
223920,16382.8
223919,13849.78
223918,15391.17
223917,15390.14
223916,18293.22
223915,20045.07
223914,26385.8
223913,15583.82
223912,11375.59
223911,10929.5
223910,10960.8
223909,9481.25
223908,19672.11
223907,19528.04
223906,14571.63
223905,9559.49
223904,8858.8
223903,10922.72
223902,12363.47
223901,13077.79
223900,16340.41
223899,11265.6
223898,13228.16
