78510,29322.98
78509,47838.72
78508,38909.47
78507,11428.24
78506,14497.34
78505,16766.53
78504,9913.89
78503,1543.52
78502,26924.61
78501,20793.29
78500,12142.44
78499,11240.18
78498,11662.85
78497,24792.0
78496,30747.37
78495,44639.7
78494,24820.47
78493,20113.09
78492,18161.49
78491,17215.38
78490,20344.56
78489,22671.54
78488,44361.7
78487,33136.35
78486,9818.01
78485,11943.19
78484,13643.35
78483,13544.26
78482,25238.63
78481,39086.82
78480,28254.71
78479,16742.39
78478,9787.65
78477,18090.39
78476,21636.11
78475,23999.54
78474,35950.68
78473,24544.28
78472,11916.81
78471,11940.09
78470,14977.98
78469,36521.33
78468,43219.67
78467,69102.7
78466,36203.59
78465,26429.17
78464,22898.66
78463,28589.08
78462,21750.3
78461,36277.28
78460,56708.49
78459,42432.66
78458,16259.23
78457,15552.27
78456,17344.77
78455,16285.78
78454,22270.29
78453,40016.75
78452,26932.1
78451,20239.08
78450,10301.73
78449,13734.9
78448,36464.62
78447,40648.77
78446,63457.95
78445,58350.37
78444,31385.14
78443,36558.05
78442,46677.99
78441,25634.17
78440,28149.88
78439,43521.83
78438,41137.03
78437,17427.98
78436,13289.95
78435,29729.27
78434,32244.04
78433,37617.14
78432,63865.27
78431,51333.9
78430,35359.45
78429,30367.98
78428,38381.61
78427,21953.74
78426,50354.42
78425,65755.2
78424,17355.44
78423,20250.87
78422,19689.36
78421,17621.87
78420,30609.79
78419,34344.22
78418,29136.62
78417,559.43
78416,11490.49
78415,19959.4
78414,20124.31
78413,35669.54
78412,55093.62
78411,38293.62
78410,14856.59
78409,1116.11
78408,471.27
78407,23.97
78406,27017.75
78405,39747.44
78404,36417.41
78403,628.57
78402,15824.86
78401,18765.56
78400,42252.28
78399,46113.12
78398,66039.18
78397,46855.85
78396,29466.8
78395,31157.99
78394,27601.59
78393,28535.09
78392,38352.61
78391,70191.95
78390,36468.84
78389,22274.59
78388,24393.51
78387,21174.15
78386,34572.86
78385,36081.62
78384,66204.74
78383,45028.89
78382,17034.94
78381,22041.65
78380,21222.11
78379,21344.59
78378,40560.27
78377,63843.23
78376,42047.76
78375,30016.27
78374,26191.74
78373,29966.79
78372,28457.52
78371,39589.42
78370,53731.47
78369,52880.66
78368,20550.7
78367,23299.75
78366,27060.23
78365,37981.49
78364,46815.9
78363,67048.09
78362,52834.72
78361,49234.39
78360,22592.46
78359,22385.59
78358,27415.19
78357,34853.61
78356,56241.17
78355,39343.77
78354,22448.87
78353,43841.07
78352,35374.04
78351,37923.57
78350,51586.91
78349,68353.54
78348,46352.75
78347,35081.35
78346,30204.29
78345,37047.21
78344,36169.21
78343,51559.17
78342,57672.39
78341,49854.26
78340,19797.85
78339,25786.27
78338,22991.37
78337,25297.63
78336,43476.54
78335,40656.26
78334,44990.41
78333,19478.02
78332,20730.46
78331,21776.62
78330,34008.21
78329,32687.59
78328,42025.81
78327,34706.68
78326,24244.06
