56209,26807.99
56208,41248.12
56207,43446.54
56206,16018.24
56205,13236.25
56204,11625.56
56203,15822.86
56202,790.64
56201,30763.97
56200,28391.44
56199,12223.56
56198,12638.03
56197,11383.13
56196,25845.64
56195,26827.93
56194,40987.3
56193,29183.52
56192,27533.07
56191,14492.26
56190,20804.37
56189,17483.63
56188,18561.73
56187,43694.18
56186,25935.94
56185,13417.67
56184,13517.64
56183,16632.51
56182,15893.66
56181,20686.45
56180,38205.39
56179,31943.33
56178,17586.65
56177,18720.58
56176,19733.24
56175,22046.36
56174,23100.8
56173,39759.41
56172,24938.43
56171,16834.0
56170,15517.76
56169,17774.85
56168,39942.57
56167,41941.43
56166,70404.72
56165,39523.85
56164,35600.59
56163,22994.58
56162,25623.06
56161,20692.97
56160,31385.44
56159,50547.98
56158,45459.56
56157,15633.15
56156,15080.24
56155,17539.61
56154,14771.12
56153,26591.09
56152,45790.65
56151,30860.65
56150,27533.1
56149,21813.91
56148,19371.25
56147,42884.82
56146,43876.6
56145,61513.73
56144,50848.58
56143,32976.58
56142,29552.3
56141,47605.64
56140,29499.7
56139,29080.45
56138,51001.69
56137,40004.27
56136,19491.98
56135,25233.69
56134,38600.84
56133,28820.73
56132,34255.14
56131,59528.96
56130,40470.75
56129,24829.52
56128,26995.7
56127,36983.67
56126,29244.53
56125,47084.44
56124,72290.53
56123,16827.3
56122,19635.31
56121,16759.04
56120,22924.36
56119,24834.19
56118,40745.2
56117,35334.38
56116,574.61
56115,18801.76
56114,29134.72
56113,29660.99
56112,39135.85
56111,45003.14
56110,46928.43
56109,16713.25
56108,21971.9
56107,19807.35
56106,21970.57
56105,26286.63
56104,41325.09
56103,34028.85
56102,12815.5
56101,20015.66
56100,23427.1
56099,39918.37
56098,44267.07
56097,52179.15
56096,46813.37
56095,27055.82
56094,24997.61
56093,32746.01
56092,29573.23
56091,318.85
56090,69023.29
56089,40621.03
56088,20202.36
56087,23933.18
56086,27626.03
56085,35321.45
56084,44270.59
56083,66619.38
56082,45287.79
56081,18339.96
56080,20523.86
56079,26877.56
56078,26080.82
56077,46627.14
56076,64025.99
56075,56373.93
56074,33785.36
56073,34170.4
56072,33471.0
56071,31468.86
56070,40824.07
56069,56204.0
56068,60732.13
56067,20112.57
56066,25536.49
56065,21559.36
56064,174.76
56063,38132.39
56062,58628.59
56061,45769.81
56060,61431.44
56059,20194.42
56058,24083.96
56057,19642.39
56056,36064.63
56055,59510.83
56054,42246.48
56053,24895.09
56052,36177.61
56051,38004.83
56050,35024.16
56049,40118.03
56048,61676.61
56047,46298.54
56046,28849.48
56045,32407.69
56044,36483.15
56043,40414.91
56042,45065.72
56041,63968.51
56040,48696.8
56039,17979.68
56038,21089.89
56037,25683.65
56036,27098.32
56035,37076.01
56034,39236.91
56033,49556.39
56032,21471.53
56031,22121.32
56030,21760.98
56029,32179.91
56028,36662.14
56027,45687.83
56026,34010.58
56025,26505.66
