155938,26657.01
155937,49384.46
155936,42235.56
155935,14993.7
155934,16005.57
155933,20483.91
155932,16608.73
155931,1144.24
155930,38037.1
155929,31657.69
155928,13317.02
155927,12099.73
155926,15789.62
155925,27147.65
155924,34156.45
155923,50611.57
155922,33757.21
155921,31229.66
155920,23145.14
155919,24622.7
155918,24031.77
155917,30318.21
155916,642.33
155915,19261.74
155914,14165.53
155913,14972.15
155912,18031.13
155911,16108.11
155910,27344.41
155909,49409.48
155908,34724.08
155907,15137.99
155906,19245.48
155905,14267.28
155904,17271.66
155903,25645.42
155902,40573.05
155901,29609.87
155900,15543.95
155899,14986.81
155898,16493.53
155897,43428.93
155896,44883.06
155895,69341.56
155894,41691.05
155893,28374.33
155892,15608.22
155891,28048.12
155890,23324.2
155889,31159.72
155888,56988.68
155887,45465.16
155886,21529.13
155885,12570.47
155884,16597.11
155883,15033.69
155882,24707.75
155881,47134.82
155880,31187.86
155879,23198.05
155878,17390.47
155877,20271.5
155876,41521.22
155875,43684.73
155874,78894.69
155873,63473.25
155872,30626.5
155871,43659.84
155870,57488.68
155869,30050.36
155868,34471.67
155867,66591.64
155866,53474.87
155865,23538.77
155864,22416.17
155863,40791.6
155862,35542.99
155861,42930.43
155860,74345.26
155859,56031.38
155858,34292.62
155857,43603.75
155856,48620.94
155855,36580.93
155854,65978.26
155853,85006.42
155852,23636.91
155851,23670.89
155850,25335.92
155849,32105.59
155848,31941.3
155847,44617.88
155846,41742.64
155845,574.88
155844,17580.78
155843,23283.32
155842,24201.46
155841,35486.96
155840,50808.93
155839,48968.4
155838,15681.93
155837,764.36
155836,728.17
155835,115.34
155834,30806.16
155833,44394.92
155832,38243.21
155831,633.1
155830,22519.5
155829,25286.94
155828,43919.16
155827,56059.47
155826,74987.96
155825,57219.78
155824,33936.68
155823,33010.74
155822,42548.65
155821,38191.4
155820,48038.55
155819,77067.89
155818,47267.29
155817,26916.2
155816,27502.77
155815,27391.55
155814,39473.17
155813,47879.33
155812,80205.8
155811,49546.92
155810,20064.39
155809,19464.72
155808,30351.26
155807,26453.1
155806,54658.22
155805,64316.66
155804,57003.1
155803,32891.27
155802,34077.65
155801,35637.26
155800,39385.53
155799,40702.05
155798,63650.86
155797,68064.21
155796,23433.43
155795,23185.29
155794,32793.21
155793,40400.65
155792,61363.63
155791,69831.4
155790,55714.26
155789,68748.22
155788,33813.59
155787,31429.06
155786,38048.14
155785,38202.46
155784,50054.05
155783,50159.37
155782,24246.64
155781,46757.48
155780,40634.52
155779,45013.1
155778,48484.21
155777,63205.39
155776,57565.4
155775,36478.03
155774,39166.4
155773,35671.66
155772,43682.18
155771,63116.37
155770,65608.06
155769,52886.57
155768,25664.45
155767,34096.75
155766,28960.73
155765,32770.64
155764,45664.77
155763,48111.36
155762,48556.77
155761,24495.68
155760,18716.71
155759,24758.91
155758,31324.03
155757,35413.01
155756,42619.84
155755,32959.08
155754,30247.94
