95983,47159.93
95982,76176.86
95981,56885.81
95980,17137.35
95979,20889.19
95978,19653.27
95977,24821.47
95976,2025.41
95975,41832.25
95974,29196.41
95973,19081.14
95972,16685.54
95971,16158.87
95970,38043.36
95969,39582.87
95968,61221.34
95967,48903.06
95966,49695.74
95965,30150.08
95964,16394.96
95963,29931.72
95962,29652.9
95961,58076.41
95960,50765.45
95959,16100.54
95958,18597.42
95957,24877.23
95956,19250.72
95955,45197.15
95954,68339.88
95953,43038.12
95952,26777.78
95951,28332.4
95950,25560.76
95949,34978.33
95948,38073.18
95947,63775.38
95946,41791.84
95945,19451.66
95944,19836.76
95943,28398.04
95942,73771.5
95941,77990.14
95940,123936.04
95939,53632.08
95938,49126.21
95937,42708.72
95936,49670.23
95935,39353.95
95934,59501.4
95933,90716.06
95932,70688.85
95931,28894.96
95930,24600.52
95929,27188.73
95928,21158.45
95927,47032.4
95926,74226.41
95925,43736.68
95924,37701.94
95923,24608.22
95922,29369.25
95921,63595.65
95920,83695.68
95919,125261.27
95918,98961.2
95917,61024.86
95916,73985.96
95915,97334.09
95914,45644.67
95913,61498.47
95912,98205.39
95911,85593.75
95910,30941.98
95909,37050.28
95908,77028.91
95907,65451.02
95906,78962.02
95905,110212.2
95904,92163.99
95903,54438.75
95902,62101.87
95901,75943.28
95900,63448.33
95899,100617.22
95898,124020.99
95897,34437.96
95896,34306.22
95895,33652.56
95894,43838.73
95893,56909.45
95892,77670.17
95891,62761.39
95890,25337.83
95889,27296.6
95888,52954.3
95887,51020.29
95886,67956.02
95885,105715.93
95884,80376.08
95883,1960.09
95882,30583.91
95881,31452.1
95880,36102.24
95879,47104.76
95878,72008.93
95877,65312.9
95876,38003.7
95875,41694.82
95874,34134.21
95873,85276.32
95872,97229.27
95871,115682.43
95870,83881.31
95869,52980.4
95868,56822.3
95867,65764.92
95866,61576.25
95865,2295.16
95864,117138.58
95863,71856.0
95862,44377.09
95861,44288.88
95860,46132.9
95859,73790.44
95858,78215.78
95857,117363.06
95856,72843.85
95855,28097.68
95854,28758.11
95853,37208.31
95852,35673.48
95851,73289.76
95850,104909.92
95849,74413.24
95848,49132.96
95847,57423.42
95846,61319.16
95845,53536.73
95844,65826.17
95843,107610.97
95842,86017.33
95841,36655.83
95840,41438.22
95839,43682.94
95838,1172.92
95837,75695.1
95836,96816.82
95835,76366.21
95834,90092.54
95833,41099.58
95832,46893.67
95831,55712.98
95830,61337.65
95829,79774.45
95828,63806.46
95827,33565.14
95826,69493.14
95825,67928.21
95824,68437.17
95823,79325.61
95822,96367.08
95821,82211.92
95820,54484.31
95819,56720.18
95818,60827.6
95817,73883.19
95816,85668.73
95815,93491.57
95814,65154.9
95813,28981.8
95812,38657.1
95811,32219.58
95810,49717.42
95809,60058.33
95808,57299.77
95807,71923.95
95806,35050.49
95805,24873.14
95804,35631.88
95803,40871.25
95802,50380.07
95801,52226.45
95800,41487.23
95799,42883.37
