29928,31164.93
29927,43233.43
29926,45412.37
29925,13255.36
29924,20753.29
29923,18499.12
29922,18383.99
29921,2008.97
29920,32231.52
29919,30406.55
29918,14149.87
29917,12887.73
29916,14497.6
29915,28823.72
29914,29094.0
29913,52124.07
29912,30853.93
29911,28164.75
29910,21190.6
29909,22914.48
29908,22388.37
29907,23475.54
29906,49602.92
29905,32367.43
29904,13536.29
29903,15095.1
29902,21415.13
29901,13023.49
29900,32501.27
29899,48774.09
29898,34254.81
29897,21073.98
29896,15487.65
29895,21304.09
29894,22897.77
29893,31535.43
29892,48541.19
29891,27999.63
29890,19890.96
29889,12537.73
29888,24258.05
29887,44602.56
29886,55757.46
29885,80091.07
29884,38331.94
29883,31944.58
29882,26086.4
29881,37830.36
29880,24558.25
29879,33263.48
29878,60581.05
29877,46738.91
29876,19037.84
29875,19210.16
29874,12350.21
29873,21530.0
29872,28488.8
29871,51131.72
29870,35775.93
29869,25296.66
29868,15272.22
29867,16976.82
29866,39300.39
29865,57479.67
29864,79705.42
29863,71424.79
29862,49170.3
29861,51789.1
29860,69377.61
29859,29250.79
29858,38794.3
29857,60669.43
29856,43909.49
29855,23193.81
29854,24432.19
29853,39653.41
29852,41421.42
29851,48134.38
29850,78528.23
29849,66798.33
29848,39505.81
29847,43932.18
29846,56974.72
29845,42012.39
29844,71491.34
29843,93330.04
29842,-14.76
29841,23716.12
29840,25360.58
29839,29273.42
29838,26658.25
29837,36992.9
29836,42241.06
29835,38980.7
29834,820.85
29833,19084.81
29832,34592.47
29831,35856.46
29830,46334.3
29829,72689.65
29828,57103.92
29827,21421.33
29826,1285.98
29825,824.19
29824,210.96
29823,30375.56
29822,49215.21
29821,43070.62
29820,873.4
29819,23973.79
29818,25612.08
29817,50833.91
29816,53900.85
29815,80093.87
29814,52242.76
29813,38604.78
29812,33087.33
29811,39167.04
29810,37513.88
29809,53141.35
29808,84759.42
29807,50057.56
29806,23409.49
29805,30839.41
29804,36799.29
29803,50899.59
29802,68740.15
29801,91986.0
29800,49084.61
29799,19633.19
29798,23868.29
29797,26920.12
29796,23561.44
29795,59737.97
29794,63014.31
29793,62152.61
29792,39433.04
29791,38265.78
29790,45700.21
29789,35681.94
29788,46536.08
29787,69882.11
29786,67278.48
29785,31026.63
29784,33720.57
29783,37094.01
29782,48335.05
29781,55053.43
29780,70414.6
29779,54760.12
29778,59183.31
29777,30587.78
29776,37493.72
29775,39134.03
29774,42022.0
29773,59893.56
29772,40461.24
29771,29625.08
29770,44976.48
29769,49489.35
29768,42138.72
29767,55807.8
29766,75126.27
29765,63412.33
29764,39838.37
29763,45350.83
29762,54967.65
29761,51933.48
29760,69572.11
29759,90154.02
29758,61650.2
29757,22730.51
29756,23556.81
29755,26127.67
29754,33523.87
29753,51588.87
29752,43368.02
29751,52045.68
29750,24525.03
29749,20897.7
29748,23609.09
29747,32101.45
29746,41247.86
29745,46924.62
29744,34353.0
29743,24477.91
