2501,22911.43
2500,47695.89
2499,32335.56
2498,6714.95
2497,6592.84
2496,13401.22
2495,84.61
2494,13.6
2493,25093.54
2492,19912.83
2491,10840.48
2490,6144.57
2489,7855.74
2488,23360.72
2487,27893.93
2486,44954.29
2485,32895.95
2484,30815.47
2483,18217.09
2482,18127.69
2481,20210.07
2480,22921.92
2479,3689.31
2478,26983.05
2477,8128.76
2476,10520.91
2475,12739.97
2474,14310.77
2473,23450.88
2472,41907.23
2471,27540.79
2470,15127.43
2469,16569.96
2468,13869.76
2467,17002.83
2466,22308.41
2465,37207.64
2464,25279.27
2463,14036.75
2462,8933.22
2461,12501.75
2460,41690.03
2459,48953.29
2458,65133.74
2457,40362.26
2456,35556.75
2455,15256.82
2454,25326.21
2453,19936.48
2452,34468.66
2451,54115.54
2450,35518.01
2449,13610.12
2448,13507.54
2447,12292.31
2446,16220.93
2445,26752.75
2444,44518.84
2443,32385.9
2442,22558.49
2441,16668.79
2440,14891.73
2439,44519.83
2438,45392.95
2437,79949.24
2436,54041.04
2435,36658.44
2434,36688.53
2433,48155.69
2432,23401.62
2431,35826.56
2430,48753.24
2429,34877.03
2428,14284.29
2427,14187.31
2426,40529.79
2425,34904.02
2424,40506.25
2423,69228.76
2422,46612.8
2421,29677.54
2420,31300.47
2419,41381.39
2418,31068.76
2417,55357.39
2416,64810.25
2415,16189.68
2414,15010.1
2413,15595.67
2412,16428.58
2411,30982.71
2410,40656.23
2409,23064.51
2408,12784.79
2407,14539.46
2406,32774.53
2405,25547.51
2404,39237.09
2403,54028.79
2402,49542.64
2401,286.26
2400,8984.8
2399,17078.26
2398,20714.07
2397,29292.88
2396,40807.46
2395,35539.22
2394,16735.79
2393,16732.4
2392,16882.24
2391,44779.25
2390,53765.82
2389,71979.92
2388,51361.09
2387,28530.79
2386,31486.58
2385,29216.86
2384,30845.15
2383,10.48
2382,67781.69
2381,37002.34
2380,20037.42
2379,21349.01
2378,22997.25
2377,38832.84
2376,43561.04
2375,65390.97
2374,37321.3
2373,11084.95
2372,15872.46
2371,15763.62
2370,14551.28
2369,61114.18
2368,65353.61
2367,47852.9
2366,29782.78
2365,28796.26
2364,33694.6
2363,28041.08
2362,36183.25
2361,58851.74
2360,53305.87
2359,20286.15
2358,18398.41
2357,25588.45
2356,19.99
2355,44068.98
2354,57274.98
2353,47335.2
2352,45691.11
2351,21707.3
2350,23711.94
2349,26828.85
2348,33633.68
2347,49446.9
2346,38182.26
2345,20279.15
2344,44071.34
2343,38571.33
2342,40721.61
2341,44421.91
2340,59661.55
2339,48612.04
2338,29607.51
2337,31455.67
2336,32672.84
2335,39941.6
2334,53505.13
2333,51738.37
2332,36799.47
2331,17825.4
2330,14526.76
2329,17202.66
2328,27829.39
2327,33904.48
2326,31240.96
2325,32263.47
2324,18571.31
2323,14133.86
2322,17923.34
2321,23704.74
2320,27392.85
2319,32950.01
2318,22984.99
2317,17055.29
