51791,16973.22
51790,28036.12
51789,25898.95
51788,16327.28
51787,19459.81
51786,16208.72
51785,16534.42
51784,723.74
51783,27365.82
51782,22180.77
51781,10857.54
51780,15306.09
51779,16276.76
51778,19636.28
51777,18656.82
51776,30030.97
51775,23637.39
51774,27746.02
51773,20675.25
51772,23076.07
51771,28259.44
51770,15214.73
51769,110.21
51768,284.04
51767,7755.95
51766,14873.21
51765,12318.62
51764,11625.87
51763,18604.06
51762,28493.16
51761,21476.05
51760,14370.96
51759,17123.22
51758,14849.46
51757,17143.09
51756,22565.61
51755,31302.66
51754,23575.4
51753,15806.69
51752,11887.59
51751,14699.65
51750,28279.95
51749,32087.57
51748,49023.62
51747,36261.85
51746,11874.84
51745,13145.68
51744,18232.74
51743,16596.1
51742,25537.58
51741,35325.85
51740,28497.93
51739,15385.13
51738,14928.81
51737,14887.22
51736,14090.82
51735,20135.71
51734,37441.59
51733,22318.37
51732,19376.48
51731,21442.89
51730,19002.48
51729,26082.62
51728,26875.89
51727,46112.33
51726,41026.67
51725,28350.31
51724,32890.99
51723,42651.47
51722,29296.91
51721,34671.34
51720,46513.68
51719,38769.87
51718,17307.0
51717,25571.02
51716,37333.52
51715,29506.62
51714,36728.21
51713,40171.39
51712,38309.34
51711,21733.42
51710,26058.25
51709,31587.44
51708,29815.7
51707,39995.35
51706,53568.3
51705,-13.99
51704,21154.88
51703,20478.94
51702,24439.43
51701,21705.98
51700,27160.97
51699,35192.1
51698,32456.98
51697,14783.31
51696,15535.0
51695,22632.1
51694,22057.26
51693,29303.32
51692,41562.65
51691,33898.64
51690,1904.2
51689,17324.08
51688,21037.77
51687,21006.73
51686,27934.54
51685,37278.62
51684,31395.63
51683,24061.8
51682,21647.22
51681,20652.37
51680,27054.51
51679,35679.51
51678,46747.94
51677,34681.41
51676,28868.3
51675,26183.65
51674,27212.22
51673,22817.09
51672,1446.29
51671,47515.33
51670,33733.0
51669,19216.34
51668,22079.95
51667,23870.88
51666,27160.4
51665,31207.98
51664,53082.16
51663,42019.44
51662,18078.26
51661,17984.53
51660,21368.81
51659,22071.47
51658,32589.71
51657,45115.41
51656,40827.98
51655,23114.15
51654,23463.06
51653,29407.03
51652,21160.25
51651,30922.0
51650,41302.76
51649,41712.11
51648,19494.14
51647,23187.55
51646,26167.76
51645,792.39
51644,37076.57
51643,48694.49
51642,41435.16
51641,38114.91
51640,21166.0
51639,23983.15
51638,26439.14
51637,28867.81
51636,38631.33
51635,34945.7
51634,21686.33
51633,33312.71
51632,28739.39
51631,29504.63
51630,37006.91
51629,53259.55
51628,40881.09
51627,29199.68
51626,28322.35
51625,26968.8
51624,31476.14
51623,47637.95
51622,47815.94
51621,47408.2
51620,27331.5
51619,24010.35
51618,25497.38
51617,21484.36
51616,36537.48
51615,37654.0
51614,42910.38
51613,19131.58
51612,17023.06
51611,23045.78
51610,25253.45
51609,30865.96
51608,31866.68
51607,27082.87
51606,22942.55
