42205,43801.08
42204,56353.88
42203,44969.95
42202,19053.27
42201,18775.4
42200,17536.23
42199,21185.41
42198,2011.11
42197,38608.06
42196,21828.69
42195,13744.09
42194,13780.87
42193,15294.95
42192,26616.87
42191,32081.31
42190,58249.78
42189,44399.86
42188,36556.7
42187,25087.46
42186,12451.11
42185,29330.24
42184,6507.01
42183,43737.67
42182,39526.6
42181,14347.18
42180,16784.66
42179,17557.98
42178,16448.45
42177,32343.89
42176,49600.17
42175,30462.37
42174,20487.24
42173,19570.16
42172,20226.28
42171,25218.17
42170,31223.33
42169,47303.13
42168,31582.54
42167,14452.51
42166,18178.1
42165,20526.5
42164,51714.33
42163,61697.38
42162,99705.63
42161,39557.41
42160,30665.48
42159,31226.8
42158,33298.73
42157,27467.82
42156,42830.5
42155,66147.68
42154,46547.22
42153,20975.99
42152,19741.47
42151,18990.4
42150,20045.16
42149,35806.36
42148,55608.01
42147,34094.81
42146,28785.24
42145,20411.58
42144,19870.35
42143,46352.5
42142,60228.88
42141,91767.03
42140,77480.45
42139,43319.58
42138,54163.01
42137,58753.56
42136,27719.79
42135,46035.18
42134,70008.66
42133,57398.92
42132,23557.21
42131,22852.92
42130,54186.88
42129,46226.73
42128,54015.12
42127,88684.47
42126,62734.34
42125,41833.39
42124,41763.75
42123,49724.56
42122,42673.53
42121,63239.67
42120,101066.05
42119,27654.19
42118,28451.06
42117,30658.21
42116,32559.24
42115,43680.85
42114,53090.11
42113,32698.31
42112,22417.95
42111,19442.91
42110,34316.19
42109,38262.21
42108,43553.58
42107,65483.27
42106,50013.0
42105,249.54
42104,18643.49
42103,21138.22
42102,26713.18
42101,37608.21
42100,51241.6
42099,44353.41
42098,23753.03
42097,25055.1
42096,30686.29
42095,57809.81
42094,65236.57
42093,71329.31
42092,59632.05
42091,41439.72
42090,45759.06
42089,44446.73
42088,51141.46
42087,39.98
42086,104388.73
42085,65204.72
42084,30204.51
42083,45045.74
42082,48615.88
42081,56714.41
42080,66638.95
42079,61218.79
42078,50748.16
42077,16965.31
42076,19393.03
42075,28793.84
42074,26941.56
42073,56639.78
42072,78446.27
42071,55168.66
42070,36482.97
42069,44258.09
42068,38243.69
42067,37076.9
42066,50959.72
42065,80699.04
42064,72430.55
42063,23840.98
42062,33876.22
42061,33071.28
42060,11.0
42059,54947.11
42058,71392.71
42057,55353.87
42056,64984.29
42055,31587.46
42054,27496.45
42053,40004.54
42052,49565.28
42051,58263.12
42050,45234.53
42049,30422.66
42048,55871.51
42047,56428.03
42046,48793.1
42045,57035.72
42044,81648.0
42043,63799.13
42042,46805.57
42041,42906.53
42040,49133.1
42039,56041.16
42038,64318.12
42037,74518.63
42036,55099.54
42035,25157.61
42034,29998.85
42033,25978.42
42032,29216.45
42031,41022.99
42030,46334.76
42029,56183.3
42028,25321.07
42027,22831.15
42026,26350.75
42025,27983.86
42024,35156.13
42023,45557.24
42022,31476.39
42021,35282.14
