160544,22294.79
160543,33749.43
160542,25568.23
160541,12535.68
160540,12270.14
160539,10226.22
160538,8972.3
160537,133.66
160536,23324.14
160535,17003.6
160534,6948.88
160533,9161.22
160532,10143.43
160531,15566.12
160530,18194.13
160529,25184.5
160528,19010.45
160527,21403.29
160526,10841.51
160525,11919.34
160524,12441.05
160523,15894.69
160522,30962.13
160521,23025.08
160520,8694.73
160519,10122.89
160518,9842.73
160517,10062.12
160516,19534.95
160515,34344.74
160514,19878.5
160513,14302.8
160512,12974.07
160511,13337.29
160510,14778.7
160509,18276.33
160508,32921.82
160507,16222.99
160506,11493.96
160505,12985.37
160504,19881.59
160503,26423.64
160502,33402.71
160501,54576.38
160500,32445.01
160499,34783.7
160498,15431.94
160497,20543.54
160496,13496.0
160495,24763.03
160494,42475.45
160493,28692.04
160492,15256.41
160491,13135.71
160490,14650.32
160489,13531.7
160488,23409.03
160487,38229.92
160486,23303.4
160485,18090.36
160484,12450.25
160483,12807.39
160482,29568.02
160481,36903.07
160480,58320.29
160479,39477.39
160478,22000.73
160477,26967.39
160476,34832.52
160475,19133.71
160474,31265.3
160473,42453.92
160472,32365.72
160471,15543.93
160470,14130.85
160469,28171.24
160468,26637.16
160467,33181.91
160466,46958.16
160465,34180.95
160464,26024.41
160463,28620.64
160462,28739.19
160461,29509.63
160460,38894.28
160459,53664.35
160458,12913.5
160457,13803.57
160456,13647.76
160455,21006.03
160454,22692.47
160453,37902.7
160452,30910.59
160451,378.26
160450,14676.25
160449,27815.43
160448,26637.67
160447,40202.63
160446,52622.45
160445,39558.87
160444,17326.07
160443,553.11
160442,407.7
160441,153.94
160440,23563.16
160439,34078.23
160438,25640.77
160437,795.59
160436,14163.0
160435,15819.53
160434,28077.17
160433,37349.39
160432,49499.17
160431,37525.79
160430,17288.86
160429,21886.59
160428,20144.44
160427,25684.52
160426,31390.1
160425,49360.25
160424,30535.88
160423,13773.97
160422,23182.7
160421,21061.06
160420,30312.29
160419,34441.89
160418,57578.97
160417,35088.78
160416,14535.86
160415,14148.14
160414,17160.47
160413,18295.03
160412,35364.98
160411,43920.24
160410,32458.44
160409,23229.31
160408,23624.61
160407,25422.92
160406,23877.26
160405,33864.13
160404,47413.91
160403,37931.11
160402,16477.75
160401,18083.09
160400,21375.0
160399,23875.94
160398,30711.51
160397,38275.83
160396,29449.91
160395,34348.4
160394,17500.35
160393,17550.09
160392,21383.5
160391,28544.21
160390,39793.01
160389,30252.1
160388,18401.51
160387,31463.44
160386,28953.69
160385,30867.47
160384,36524.55
160383,42844.33
160382,34275.0
160381,21859.38
160380,23491.13
160379,23775.88
160378,25642.93
160377,36040.59
160376,38470.96
160375,27047.58
160374,16613.26
160373,14261.58
160372,18830.14
160371,21856.95
160370,28288.16
160369,30169.18
160368,32095.58
160367,19225.23
160366,13457.31
160365,20750.64
160364,21541.98
160363,27121.15
160362,32245.23
160361,28018.44
160360,14686.78
