135052,46375.53
135051,134351.57
135050,65087.24
135049,43373.64
135048,23449.74
135047,8016.14
135046,3028.28
135045,42070.25
135044,32912.04
135043,18138.13
135042,23515.46
135041,42540.95
135040,9263.37
135039,5306.32
135038,50769.46
135037,50164.47
135036,77939.49
135035,30128.38
135034,4697.98
135033,1371.7
135032,80936.23
135031,26432.93
135030,12892.54
135029,77006.41
135028,11593.13
135027,25375.44
135026,2894.85
135025,628.84
135024,119242.4
135023,76958.03
135022,41321.14
135021,32108.02
135020,27825.67
135019,5649.93
135018,475.65
135017,60237.23
135016,45684.33
135015,20939.58
135014,20258.93
135013,45371.49
135012,10649.96
135011,2156.99
135010,91776.33
135009,57287.03
135008,41917.3
135007,38640.15
135006,46282.76
135005,9651.25
135004,3074.34
135003,112785.13
135002,83075.78
135001,28329.02
135000,14347.51
134999,28215.7
134998,4034.35
134997,803.44
134996,107407.58
134995,56992.83
134994,19738.2
134993,21441.14
134992,45386.72
134991,7853.37
134990,1210.27
134989,86897.79
134988,61930.85
134987,38056.66
134986,67914.81
134985,37082.44
134984,10056.28
134983,8800.67
134982,39475.5
134981,48842.26
134980,15873.51
134979,28094.44
134978,21148.65
134977,5494.28
134976,856.8
134975,68141.21
134974,26449.57
134973,24404.03
134972,29876.79
134971,23038.38
134970,2590.04
134969,56329.23
134968,21412.68
134967,31165.77
134966,19662.09
134965,11651.91
134964,1881.81
134963,164.41
134962,51635.57
134961,14465.22
134960,21127.07
134959,65820.37
134958,44265.42
134957,9118.71
134956,389.27
134955,84886.1
134954,34180.19
134953,18506.65
134952,11748.57
134951,19733.7
134950,2599.55
134949,47.28
134948,76095.34
134947,22093.12
134946,11170.24
134945,33586.27
134944,47273.65
134943,8146.99
134942,934.93
134941,107637.06
134940,101410.78
134939,69404.7
134938,57423.63
134937,42951.04
134936,2757.79
134935,191.48
134934,152789.0
134933,37136.16
134932,21652.5
134931,23928.71
134930,48152.44
134929,4351.07
134928,453.58
134927,170184.12
134926,34803.18
134925,50091.82
134924,41340.23
134923,25087.73
134922,6780.03
134921,329.04
134920,154390.94
134919,155037.98
134918,89332.55
134917,95815.39
134916,94895.55
134915,3976.68
134914,2917.2
134913,252641.61
134912,140411.51
134911,176755.62
134910,92516.45
134909,51026.68
134908,3163.82
134907,153.18
134906,37.46
134905,81317.98
134904,84353.66
134903,73763.11
134902,73209.61
134901,4434.72
134900,2034.89
134899,74614.21
134898,94815.38
134897,54095.69
134896,102422.33
134895,132499.39
134894,18229.39
134893,6480.45
134892,254323.07
134891,139570.43
134890,73123.17
134889,61091.39
134888,61892.28
134887,9693.43
134886,1399.75
134885,103667.48
134884,87414.83
134883,117095.45
134882,21281.91
134881,48798.24
134880,5389.05
134879,282.2
134878,71061.82
134877,63678.24
134876,60127.27
134875,18409.56
134874,30273.32
134873,3986.28
134872,282.41
134871,8.93
