210451,24594.89
210450,37381.5
210449,27788.5
210448,10133.65
210447,13078.81
210446,11982.09
210445,14952.83
210444,506.71
210443,28343.17
210442,17502.92
210441,9533.47
210440,12054.41
210439,7793.99
210438,19461.78
210437,23675.05
210436,22644.68
210435,29131.22
210434,18457.86
210433,17387.43
210432,14862.57
210431,16007.6
210430,17965.24
210429,33778.83
210428,23972.02
210427,9661.39
210426,11712.98
210425,12614.22
210424,11939.63
210423,22352.77
210422,38335.27
210421,23188.14
210420,12812.67
210419,13798.85
210418,14725.41
210417,15669.98
210416,6740.97
210415,33197.69
210414,20952.54
210413,8396.65
210412,12560.16
210411,15361.14
210410,33000.4
210409,35020.72
210408,62639.26
210407,35186.76
210406,32453.79
210405,17287.54
210404,23683.23
210403,18895.88
210402,29731.67
210401,44957.25
210400,31286.57
210399,14309.85
210398,14608.12
210397,12061.6
210396,15050.03
210395,21801.15
210394,36959.9
210393,19861.87
210392,19243.28
210391,13958.09
210390,14355.48
210389,30449.61
210388,30018.16
210387,54236.9
210386,44714.67
210385,22831.87
210384,29578.38
210383,38675.43
210382,19873.94
210381,28396.45
210380,50756.31
210379,36816.35
210378,15722.18
210377,13833.27
210376,33473.71
210375,25822.82
210374,31873.26
210373,53306.83
210372,40904.46
210371,18124.98
210370,25554.36
210369,30231.89
210368,25403.05
210367,39213.49
210366,62932.16
210365,12039.23
210364,15486.97
210363,18510.82
210362,25099.71
210361,23423.34
210360,41152.69
210359,30410.47
210358,6658.36
210357,15552.68
210356,24045.76
210355,22559.34
210354,33960.21
210353,62259.04
210352,42209.74
210351,1013.42
210350,17706.56
210349,18931.13
210348,21921.71
210347,27780.64
210346,41543.07
210345,36638.78
210344,18585.0
210343,20038.45
210342,20672.2
210341,39991.79
210340,43587.63
210339,52476.83
210338,44608.47
210337,25032.34
210336,19436.5
210335,28228.26
210334,30269.48
210333,475.13
210332,46703.94
210331,32280.87
210330,17996.8
210329,19818.17
210328,24036.3
210327,25423.41
210326,35914.47
210325,57609.79
210324,37577.17
210323,14297.66
210322,19356.0
210321,18590.4
210320,20678.56
210319,41349.24
210318,52724.0
210317,47535.99
210316,27314.73
210315,24930.93
210314,31869.75
210313,26918.64
210312,38187.88
210311,44052.01
210310,47863.51
210309,19840.27
210308,23404.01
210307,27282.39
210306,31311.86
210305,42500.05
210304,45499.33
210303,34256.35
210302,49799.09
210301,23369.9
210300,26374.25
210299,26459.23
210298,30972.71
210297,32123.06
210296,35097.73
210295,22039.15
210294,31054.03
210293,34328.58
210292,33314.16
210291,40456.14
210290,44863.16
210289,37103.06
210288,22550.43
210287,29042.5
210286,25947.15
210285,33259.34
210284,39001.79
210283,42666.78
210282,27234.22
210281,19574.3
210280,21745.58
210279,26191.37
210278,24793.67
210277,34533.84
210276,30249.53
210275,35625.69
210274,21581.64
210273,17319.16
210272,25205.22
210271,23309.92
210270,26129.44
210269,32416.53
210268,21978.39
210267,19013.01
