196934,16227.43
196933,33534.62
196932,13975.18
196931,8865.74
196930,10793.85
196929,8197.2
196928,10046.96
196927,813.43
196926,21346.47
196925,10786.53
196924,7493.26
196923,6731.14
196922,8281.18
196921,13094.46
196920,15562.83
196919,24677.05
196918,11687.35
196917,14408.9
196916,9466.27
196915,11414.63
196914,10503.27
196913,12755.55
196912,26132.0
196911,9309.89
196910,9578.86
196909,9667.72
196908,8883.13
196907,11032.28
196906,18047.95
196905,25812.78
196904,12030.01
196903,8918.53
196902,12213.77
196901,11399.28
196900,12954.78
196899,16953.75
196898,27324.28
196897,10376.67
196896,9401.41
196895,10552.78
196894,13273.38
196893,23956.4
196892,31453.07
196891,49207.69
196890,15863.02
196889,26300.45
196888,14881.81
196887,18423.93
196886,11205.29
196885,20940.57
196884,39479.35
196883,15832.07
196882,7820.19
196881,9138.15
196880,13079.25
196879,10706.38
196878,17709.44
196877,29178.3
196876,12848.84
196875,17327.29
196874,11803.9
196873,13681.06
196872,23447.93
196871,32002.28
196870,45976.5
196869,17658.22
196868,19660.31
196867,22967.58
196866,30495.19
196865,18909.71
196864,22637.42
196863,32550.14
196862,18121.93
196861,11118.16
196860,11271.77
196859,20778.0
196858,20287.47
196857,26342.07
196856,45030.33
196855,17551.36
196854,21989.01
196853,19233.66
196852,29412.93
196851,24838.94
196850,36370.09
196849,54346.91
196848,10589.82
196847,11732.21
196846,15336.4
196845,18373.4
196844,18870.82
196843,28333.14
196842,14862.99
196841,11630.07
196840,14335.44
196839,21211.19
196838,24590.56
196837,24748.01
196836,40090.13
196835,22247.88
196834,800.1
196833,13072.03
196832,10827.55
196831,16077.75
196830,18708.41
196829,27068.04
196828,14256.3
196827,11044.92
196826,13772.06
196825,13144.6
196824,21158.75
196823,27871.35
196822,42230.07
196821,20582.81
196820,17381.8
196819,17841.14
196818,16376.62
196817,21341.53
196816,557.15
196815,42941.94
196814,15835.75
196813,15752.59
196812,16998.59
196811,19717.55
196810,27515.74
196809,33777.06
196808,56729.25
196807,20827.58
196806,15003.53
196805,13203.19
196804,14544.49
196803,14020.37
196802,29102.04
196801,41561.03
196800,20014.78
196799,20866.93
196798,18192.79
196797,20401.23
196796,20272.9
196795,25227.82
196794,43214.95
196793,23692.54
196792,15050.5
196791,12376.91
196790,13793.35
196789,282.07
196788,23352.71
196787,27649.8
196786,15027.51
196785,36094.21
196784,12326.21
196783,18504.63
196782,20334.06
196781,26985.14
196780,35262.12
196779,21165.75
196778,15264.29
196777,25355.89
196776,27759.34
196775,25153.13
196774,28203.88
196773,37284.45
196772,19172.09
196771,19674.25
196770,19249.82
196769,23913.98
196768,26237.81
196767,32246.51
196766,46346.88
196765,17136.42
196764,11534.92
196763,14528.47
196762,13922.44
196761,18584.09
196760,26499.54
196759,26306.3
196758,19553.0
196757,13791.28
196756,9544.65
196755,14882.54
196754,16603.79
196753,20824.42
196752,22579.8
196751,10299.29
196750,21135.38
