214100,20327.56
214099,33938.49
214098,34940.6
214097,12465.38
214096,15550.77
214095,14700.91
214094,16154.81
214093,948.56
214092,26246.2
214091,23249.35
214090,12376.26
214089,10535.56
214088,7886.58
214087,19396.26
214086,21662.71
214085,35823.67
214084,19764.05
214083,27993.29
214082,14724.99
214081,16182.59
214080,16649.72
214079,3471.49
214078,18839.21
214077,32264.34
214076,12040.27
214075,16927.18
214074,13045.58
214073,14898.84
214072,20052.53
214071,38382.81
214070,28449.9
214069,14385.71
214068,14409.95
214067,15763.07
214066,21134.63
214065,19975.99
214064,30223.04
214063,21507.31
214062,12057.91
214061,13826.38
214060,15504.15
214059,33907.97
214058,36698.05
214057,65263.35
214056,39158.77
214055,22599.85
214054,17390.61
214053,20301.31
214052,19102.34
214051,28209.17
214050,40563.61
214049,31752.78
214048,12009.09
214047,14146.17
214046,13159.23
214045,18922.4
214044,20715.0
214043,39901.89
214042,27826.4
214041,22642.23
214040,17536.09
214039,16310.66
214038,32723.81
214037,45862.34
214036,61807.07
214035,51359.17
214034,28866.09
214033,37663.4
214032,49407.93
214031,28520.99
214030,30161.97
214029,51989.56
214028,50869.09
214027,19498.86
214026,23072.91
214025,41545.24
214024,27777.07
214023,41364.79
214022,61822.15
214021,48358.12
214020,26798.54
214019,36043.45
214018,41595.72
214017,32938.82
214016,45931.58
214015,54057.41
214014,21606.25
214013,13376.9
214012,17335.42
214011,23680.41
214010,21339.23
214009,33018.63
214008,26050.0
214007,11282.65
214006,15762.38
214005,22171.44
214004,24017.58
214003,28838.71
214002,51546.89
214001,44845.37
214000,1446.35
213999,15871.12
213998,17624.01
213997,19684.3
213996,21073.77
213995,30498.63
213994,32002.51
213993,14891.89
213992,16349.37
213991,20943.39
213990,33122.38
213989,33064.02
213988,51779.74
213987,45281.73
213986,31453.25
213985,28148.76
213984,29500.72
213983,27902.62
213982,1630.79
213981,57255.17
213980,40408.28
213979,22070.87
213978,28498.71
213977,25316.7
213976,32475.39
213975,39114.04
213974,55500.32
213973,44272.8
213972,17865.77
213971,21454.5
213970,19677.54
213969,14904.82
213968,42783.23
213967,51634.4
213966,43031.05
213965,24562.47
213964,21934.44
213963,26624.62
213962,24676.26
213961,32759.99
213960,57066.94
213959,53235.53
213958,22502.38
213957,17379.14
213956,18574.3
213955,32101.21
213954,35808.72
213953,37808.85
213952,44812.78
213951,46299.15
213950,18874.74
213949,21454.29
213948,31502.38
213947,29645.96
213946,42929.66
213945,46693.61
213944,24614.27
213943,39693.8
213942,35823.97
213941,36715.17
213940,42557.3
213939,57885.26
213938,45928.97
213937,27865.52
213936,27406.54
213935,31660.23
213934,36815.9
213933,42187.19
213932,54520.18
213931,41095.86
213930,17936.42
213929,16794.16
213928,17871.51
213927,21945.05
213926,30859.59
213925,34139.26
213924,45377.76
213923,19853.08
213922,19020.0
213921,16935.94
213920,24187.62
213919,25499.98
213918,32613.61
213917,26557.42
213916,22562.92
