50062,26604.37
50061,69753.04
50060,53294.82
50059,19419.83
50058,19102.98
50057,16973.27
50056,16261.61
50055,1854.41
50054,35590.76
50053,26051.13
50052,13179.87
50051,15343.56
50050,14581.79
50049,26917.31
50048,33987.59
50047,53282.16
50046,36923.16
50045,36886.7
50044,21450.98
50043,26863.22
50042,21187.2
50041,25711.5
50040,50095.2
50039,44194.74
50038,17297.65
50037,15689.35
50036,18972.47
50035,16807.68
50034,28238.28
50033,58962.61
50032,36148.7
50031,18692.51
50030,19566.85
50029,21969.44
50028,21297.17
50027,29230.96
50026,43641.36
50025,31860.33
50024,17660.13
50023,16749.99
50022,21998.67
50021,41035.48
50020,53660.21
50019,69649.36
50018,58522.55
50017,45602.51
50016,20509.4
50015,34074.18
50014,29682.63
50013,44029.14
50012,69908.44
50011,51244.11
50010,17287.0
50009,22209.62
50008,24667.95
50007,19258.89
50006,29669.83
50005,61427.22
50004,38432.81
50003,27125.64
50002,19271.5
50001,17552.96
50000,49077.94
49999,58807.3
49998,95402.63
49997,77753.92
49996,41998.21
49995,44187.32
49994,71353.69
49993,28965.57
49992,45450.69
49991,76082.26
49990,61533.51
49989,22764.4
49988,26276.93
49987,49575.81
49986,37847.67
49985,49238.94
49984,84619.36
49983,53424.39
49982,37854.8
49981,39644.92
49980,50135.0
49979,36901.17
49978,65166.88
49977,82391.86
49976,-13.99
49975,22900.79
49974,22716.48
49973,23214.36
49972,26742.39
49971,35970.59
49970,48127.57
49969,40436.46
49968,1146.19
49967,21504.0
49966,38110.1
49965,33422.54
49964,46945.43
49963,67023.68
49962,52817.54
49961,15808.7
49960,17960.75
49959,28807.86
49958,27958.68
49957,33247.45
49956,49748.65
49955,43816.7
49954,25410.56
49953,23614.09
49952,28201.23
49951,61969.4
49950,65621.27
49949,84652.05
49948,58303.74
49947,30489.58
49946,36914.71
49945,44147.11
49944,35682.73
49943,1229.05
49942,88907.15
49941,51457.78
49940,32238.44
49939,28552.96
49938,31227.79
49937,49528.47
49936,56994.1
49935,80561.89
49934,50743.36
49933,22330.83
49932,22469.18
49931,25672.0
49930,30352.65
49929,60273.51
49928,83320.12
49927,64725.56
49926,39293.51
49925,39976.46
49924,42958.59
49923,38889.68
49922,47865.94
49921,81322.68
49920,66231.25
49919,22535.55
49918,27188.25
49917,29476.7
49916,708.93
49915,56846.77
49914,66289.12
49913,56938.01
49912,57823.18
49911,31043.54
49910,35884.53
49909,47044.92
49908,46425.68
49907,59233.48
49906,52825.98
49905,27857.79
49904,51990.79
49903,45690.33
49902,41497.31
49901,55065.47
49900,74444.56
49899,64346.78
49898,38477.15
49897,36833.8
49896,41575.47
49895,46955.25
49894,58077.69
49893,72108.83
49892,49343.35
49891,29902.28
49890,45459.84
49889,23757.85
49888,45364.99
49887,44504.03
49886,50541.88
49885,51011.94
49884,26954.26
49883,19314.81
49882,27413.09
49881,32693.19
49880,41786.33
49879,41749.87
49878,30821.32
49877,20491.82
