158243,20382.11
158242,35345.75
158241,23458.52
158240,10784.73
158239,12548.42
158238,11510.47
158237,10601.37
158236,507.39
158235,23151.5
158234,17374.19
158233,10387.26
158232,8614.06
158231,10560.25
158230,17493.33
158229,17905.37
158228,31534.86
158227,19334.05
158226,21252.44
158225,10596.36
158224,14690.58
158223,13735.62
158222,14128.16
158221,33184.48
158220,19628.88
158219,11701.55
158218,9722.95
158217,10232.66
158216,10965.46
158215,22648.33
158214,31670.49
158213,25796.76
158212,14677.67
158211,12943.58
158210,14899.27
158209,16568.88
158208,21148.65
158207,34830.75
158206,15643.67
158205,15802.15
158204,12859.03
158203,15890.42
158202,28234.57
158201,36050.05
158200,62727.42
158199,43167.39
158198,34938.7
158197,18743.9
158196,18306.15
158195,15702.24
158194,25983.86
158193,43895.1
158192,33380.45
158191,13525.64
158190,12469.75
158189,16112.8
158188,15745.26
158187,22744.81
158186,44048.97
158185,23958.29
158184,16675.97
158183,14265.31
158182,13752.63
158181,23509.76
158180,32447.12
158179,53402.89
158178,35950.74
158177,26488.52
158176,23935.28
158175,30031.89
158174,17570.91
158173,24005.2
158172,39552.16
158171,30281.57
158170,14872.08
158169,16392.67
158168,25597.54
158167,25733.41
158166,28666.27
158165,49340.51
158164,38665.14
158163,25436.1
158162,27989.0
158161,31181.98
158160,27453.2
158159,35196.94
158158,49423.11
158157,15619.34
158156,13931.4
158155,16443.08
158154,18576.23
158153,27507.46
158152,41526.65
158151,34164.59
158150,633.3
158149,15700.98
158148,27223.83
158147,27571.1
158146,39357.52
158145,55707.24
158144,44444.57
158143,17374.24
158142,835.04
158141,762.13
158140,235.11
158139,26461.01
158138,37331.36
158137,30552.49
158136,738.84
158135,15882.16
158134,19500.9
158133,32118.86
158132,33680.66
158131,48159.13
158130,36251.24
158129,21038.94
158128,19780.65
158127,21036.53
158126,21891.88
158125,30647.21
158124,46573.74
158123,30808.85
158122,15426.52
158121,20702.47
158120,21701.56
158119,22015.73
158118,30734.23
158117,50873.71
158116,35592.85
158115,16790.13
158114,17227.97
158113,19384.58
158112,21729.76
158111,34826.79
158110,43601.34
158109,33504.1
158108,21909.53
158107,24884.7
158106,25864.12
158105,23981.39
158104,32070.06
158103,46136.31
158102,37847.28
158101,16086.37
158100,13868.21
158099,19991.86
158098,23630.46
158097,29162.6
158096,41139.52
158095,37189.38
158094,39041.66
158093,16648.77
158092,20840.12
158091,22810.01
158090,28762.27
158089,40810.6
158088,33499.43
158087,22003.64
158086,31631.03
158085,27044.49
158084,28715.95
158083,35174.51
158082,48479.86
158081,37440.43
158080,21447.11
158079,21858.04
158078,22894.76
158077,24448.12
158076,35573.74
158075,42355.42
158074,27936.79
158073,19592.73
158072,17580.24
158071,21988.23
158070,18590.75
158069,29765.99
158068,26152.41
158067,28536.39
158066,19549.12
158065,15897.79
158064,17111.98
158063,20775.17
158062,29219.84
158061,34475.53
158060,26808.89
158059,14579.95
