96744,33320.55
96743,57384.65
96742,50118.71
96741,17960.87
96740,15069.83
96739,18775.86
96738,20475.52
96737,224.03
96736,44025.59
96735,37373.81
96734,14112.64
96733,15256.31
96732,20265.76
96731,27343.41
96730,28667.25
96729,52441.8
96728,41891.06
96727,38492.74
96726,17925.39
96725,21537.95
96724,21997.06
96723,24477.62
96722,53321.12
96721,37075.6
96720,16866.84
96719,15666.28
96718,17844.88
96717,18866.35
96716,30258.42
96715,53837.67
96714,33504.67
96713,19742.15
96712,21584.26
96711,25456.15
96710,27072.3
96709,29326.9
96708,51211.86
96707,33906.64
96706,18905.41
96705,21133.94
96704,27005.53
96703,45378.14
96702,46860.37
96701,76592.11
96700,51631.1
96699,47207.42
96698,28143.43
96697,32385.64
96696,25700.69
96695,35925.93
96694,66720.91
96693,47964.77
96692,20767.45
96691,24054.11
96690,22773.3
96689,20007.78
96688,33916.38
96687,61223.66
96686,38260.01
96685,34021.55
96684,26706.44
96683,29260.96
96682,43778.68
96681,46701.94
96680,83989.45
96679,65690.33
96678,37458.65
96677,42460.23
96676,44658.1
96675,32055.03
96674,39441.76
96673,66085.39
96672,54938.58
96671,29439.65
96670,30279.12
96669,47078.94
96668,41162.32
96667,46419.27
96666,67921.92
96665,47497.03
96664,29854.46
96663,35827.79
96662,41468.01
96661,37113.15
96660,57763.82
96659,78419.24
96658,-13.99
96657,19935.47
96656,22773.75
96655,21779.42
96654,28264.64
96653,30794.42
96652,55348.3
96651,46107.49
96650,18400.32
96649,21497.34
96648,32616.0
96647,38237.14
96646,50360.14
96645,77670.95
96644,60270.25
96643,992.89
96642,24852.39
96641,23556.88
96640,26248.42
96639,37610.03
96638,53252.5
96637,44649.7
96636,16926.14
96635,25161.47
96634,28420.91
96633,40347.66
96632,51371.58
96631,76729.08
96630,51539.56
96629,37122.11
96628,30841.66
96627,37131.61
96626,37865.58
96625,766.02
96624,85685.15
96623,53398.55
96622,31709.01
96621,32921.23
96620,32671.29
96619,44809.43
96618,57842.15
96617,84817.59
96616,53735.79
96615,26335.83
96614,29973.96
96613,32021.81
96612,32995.98
96611,54695.26
96610,68505.06
96609,70470.54
96608,32318.46
96607,36016.44
96606,38001.3
96605,28750.89
96604,49243.25
96603,76120.44
96602,64224.52
96601,27725.23
96600,27601.18
96599,31512.49
96598,401.46
96597,41315.27
96596,68944.62
96595,58144.77
96594,68212.21
96593,28133.66
96592,33567.84
96591,32828.82
96590,46234.3
96589,65047.45
96588,47681.23
96587,26157.92
96586,40576.35
96585,37488.84
96584,40479.82
96583,51382.58
96582,70375.76
96581,58395.22
96580,31005.26
96579,36250.71
96578,36416.22
96577,43719.8
96576,57609.37
96575,75684.26
96574,51829.05
96573,25545.1
96572,27372.94
96571,32122.38
96570,30765.68
96569,41223.1
96568,52420.13
96567,55147.2
96566,24364.56
96565,22748.48
96564,24418.76
96563,33491.97
96562,40059.41
96561,52662.8
96560,44489.86
96559,34603.19
