53714,42966.9
53713,59994.16
53712,49872.48
53711,18345.31
53710,18739.59
53709,20117.37
53708,19425.78
53707,641.83
53706,47001.41
53705,35111.19
53704,16863.19
53703,14665.58
53702,20369.34
53701,28173.81
53700,39483.28
53699,63764.34
53698,42511.9
53697,47281.57
53696,25283.68
53695,32402.27
53694,33915.43
53693,17721.62
53692,347.62
53691,43.01
53690,7431.64
53689,13849.14
53688,18283.19
53687,19200.18
53686,31103.84
53685,64864.07
53684,38652.34
53683,21578.99
53682,17756.85
53681,17451.65
53680,20818.16
53679,31160.16
53678,59564.91
53677,31904.1
53676,22380.67
53675,11909.54
53674,24790.32
53673,46108.24
53672,57329.76
53671,93142.06
53670,63417.16
53669,13693.75
53668,22045.71
53667,34423.26
53666,25852.57
53665,45212.58
53664,76298.97
53663,56803.18
53662,19980.91
53661,18499.23
53660,21835.1
53659,20794.49
53658,32857.96
53657,68426.54
53656,39402.4
53655,25971.71
53654,20204.58
53653,22318.43
53652,44415.04
53651,52048.76
53650,100198.89
53649,74702.56
53648,41486.54
53647,45843.31
53646,69080.59
53645,43065.09
53644,51898.69
53643,88207.22
53642,68105.53
53641,21430.5
53640,22130.93
53639,55201.96
53638,44311.51
53637,54790.11
53636,91125.64
53635,69819.28
53634,41944.31
53633,43792.39
53632,55708.6
53631,47515.42
53630,62032.74
53629,91766.74
53628,29760.88
53627,23297.92
53626,24410.63
53625,32686.01
53624,40721.46
53623,60239.7
53622,45184.83
53621,1069.77
53620,23095.75
53619,34777.52
53618,30277.89
53617,46219.27
53616,86111.39
53615,61013.08
53614,16545.69
53613,1402.32
53612,1034.61
53611,124.26
53610,30245.47
53609,50958.38
53608,49312.42
53607,1435.52
53606,24388.96
53605,28468.07
53604,46029.22
53603,63065.28
53602,96118.75
53601,64358.09
53600,37275.63
53599,54246.04
53598,40216.36
53597,32975.08
53596,52241.47
53595,92659.91
53594,46561.37
53593,31230.3
53592,31944.63
53591,33568.06
53590,47638.72
53589,53286.97
53588,98822.27
53587,52520.12
53586,20522.85
53585,24871.4
53584,25235.28
53583,24481.82
53582,57422.28
53581,80205.84
53580,60125.44
53579,38824.65
53578,38470.27
53577,38839.69
53576,38568.26
53575,51379.67
53574,85632.39
53573,71334.68
53572,26716.07
53571,29822.84
53570,33848.23
53569,46972.23
53568,62034.2
53567,80570.1
53566,64937.65
53565,87769.25
53564,34768.13
53563,32699.3
53562,36534.85
53561,43724.6
53560,65837.31
53559,57924.66
53558,26399.56
53557,47120.9
53556,38948.13
53555,43703.59
53554,52327.08
53553,85600.59
53552,67304.83
53551,39829.19
53550,43370.21
53549,41807.76
53548,44117.02
53547,66506.57
53546,78110.68
53545,55265.91
53544,32270.88
53543,30457.67
53542,32949.98
53541,31871.55
53540,49802.11
53539,52270.53
53538,54042.38
53537,26965.89
53536,22695.8
53535,33229.7
53534,35324.65
53533,42242.58
53532,48617.33
53531,36044.94
53530,34765.56
