37784,30473.96
37783,48692.02
37782,35420.07
37781,15509.83
37780,19393.18
37779,16441.99
37778,19045.68
37777,356.59
37776,38285.14
37775,27688.91
37774,13786.4
37773,14438.35
37772,14092.46
37771,24596.93
37770,27211.22
37769,46815.34
37768,27639.75
37767,39571.54
37766,24956.08
37765,34171.52
37764,32070.26
37763,20993.73
37762,5.8
37761,28.64
37760,8943.5
37759,12889.59
37758,15552.97
37757,17721.13
37756,23704.32
37755,44022.75
37754,32673.83
37753,14129.07
37752,16309.41
37751,14556.91
37750,20778.74
37749,25446.0
37748,46344.0
37747,29705.56
37746,15328.03
37745,10737.88
37744,23869.62
37743,33277.14
37742,41634.38
37741,71340.47
37740,51008.7
37739,15355.37
37738,23820.38
37737,25028.57
37736,19207.32
37735,31842.91
37734,56893.1
37733,40299.53
37732,15963.05
37731,12422.21
37730,12138.59
37729,18828.02
37728,26687.42
37727,56084.0
37726,32279.37
37725,23747.43
37724,14884.38
37723,20592.55
37722,30328.97
37721,36401.26
37720,70521.22
37719,64260.52
37718,33461.85
37717,35176.23
37716,51165.7
37715,31450.99
37714,41379.83
37713,67353.64
37712,51998.8
37711,20737.99
37710,21219.62
37709,39064.06
37708,31619.63
37707,43979.79
37706,59657.39
37705,56434.79
37704,31230.48
37703,31359.54
37702,40615.41
37701,40603.62
37700,45386.94
37699,78170.75
37698,-17.99
37697,25513.02
37696,18395.51
37695,21667.18
37694,22293.18
37693,30141.81
37692,50261.04
37691,35153.75
37690,1.18
37689,15892.61
37688,30246.74
37687,27456.57
37686,38921.89
37685,57674.27
37684,47922.57
37683,15459.51
37682,52.77
37681,26159.3
37680,46297.26
37679,48534.65
37678,38.11
37677,24994.48
37676,22929.43
37675,41974.74
37674,48683.28
37673,72922.13
37672,56664.88
37671,25988.57
37670,32748.27
37669,29926.64
37668,24821.31
37667,41250.61
37666,60018.98
37665,41962.2
37664,22184.76
37663,24979.95
37662,26234.21
37661,37808.14
37660,42396.13
37659,83154.24
37658,49495.26
37657,14890.9
37656,24560.17
37655,20353.51
37654,23190.48
37653,45590.34
37652,66402.18
37651,49358.7
37650,20405.2
37649,26819.18
37648,35006.97
37647,30038.26
37646,40243.71
37645,61609.87
37644,59316.01
37643,23350.25
37642,26827.16
37641,30872.01
37640,38272.9
37639,49212.55
37638,72200.97
37637,58880.84
37636,73276.14
37635,21388.93
37634,26607.81
37633,30841.16
37632,34563.58
37631,54799.54
37630,52009.72
37629,20391.59
37628,46150.58
37627,37912.22
37626,36909.44
37625,44923.11
37624,75934.99
37623,71379.63
37622,30791.87
37621,40536.52
37620,39908.45
37619,38613.09
37618,58411.5
37617,79486.08
37616,61115.25
37615,26043.75
37614,19795.95
37613,20739.57
37612,30068.81
37611,40209.01
37610,41365.69
37609,46506.94
37608,23050.13
37607,16610.49
37606,24854.64
37605,25553.59
37604,37364.4
37603,46321.9
37602,33896.23
37601,40370.13
