195013,26797.27
195012,34593.56
195011,28581.56
195010,11051.35
195009,9089.44
195008,11040.02
195007,10067.27
195006,917.13
195005,22324.78
195004,16752.3
195003,7064.75
195002,11335.3
195001,9010.19
195000,12635.84
194999,13951.59
194998,27829.0
194997,13971.46
194996,19306.23
194995,9911.14
194994,13116.56
194993,10794.05
194992,1265.13
194991,2568.0
194990,13438.13
194989,8077.55
194988,9539.31
194987,10140.92
194986,9352.46
194985,20896.62
194984,31509.79
194983,19422.99
194982,11488.97
194981,8708.72
194980,9161.72
194979,13160.29
194978,17585.3
194977,28495.53
194976,12088.81
194975,9764.09
194974,10957.57
194973,13447.31
194972,24023.96
194971,26514.86
194970,58649.88
194969,30215.1
194968,7888.56
194967,15016.68
194966,14307.6
194965,14803.47
194964,23269.91
194963,35722.56
194962,29453.91
194961,10125.9
194960,8914.3
194959,8642.61
194958,11412.5
194957,22680.76
194956,42530.66
194955,20384.86
194954,16242.1
194953,11605.31
194952,13890.15
194951,21327.01
194950,28224.68
194949,49653.17
194948,31508.76
194947,18103.89
194946,20627.05
194945,31658.93
194944,17758.18
194943,26244.13
194942,46637.54
194941,38387.48
194940,12693.76
194939,15900.61
194938,23254.57
194937,19767.4
194936,32069.87
194935,47883.29
194934,28388.52
194933,18593.85
194932,20775.0
194931,23566.13
194930,23207.32
194929,48952.48
194928,53253.67
194927,12617.97
194926,13530.09
194925,15249.85
194924,19666.76
194923,20020.15
194922,37891.53
194921,23570.48
194920,516.02
194919,9091.95
194918,15215.96
194917,17093.63
194916,26346.69
194915,42057.82
194914,29473.05
194913,10877.25
194912,800.14
194911,330.18
194910,105.97
194909,21374.03
194908,30256.06
194907,23625.85
194906,602.15
194905,10759.42
194904,13077.21
194903,19995.58
194902,24243.75
194901,46048.13
194900,28053.02
194899,15408.77
194898,20821.55
194897,19462.54
194896,20705.04
194895,28741.28
194894,46730.23
194893,27209.93
194892,17083.19
194891,16464.43
194890,18593.32
194889,24715.03
194888,36541.69
194887,60065.61
194886,28585.81
194885,13578.92
194884,15398.23
194883,13884.12
194882,16335.78
194881,33351.71
194880,43652.11
194879,30932.66
194878,16912.59
194877,16369.69
194876,18694.92
194875,15052.13
194874,26345.85
194873,39762.49
194872,29937.17
194871,11917.44
194870,13283.24
194869,15013.38
194868,22903.37
194867,27979.4
194866,40323.37
194865,27899.83
194864,39608.52
194863,11089.86
194862,11481.25
194861,18993.06
194860,23867.12
194859,35485.63
194858,29961.21
194857,17214.19
194856,24086.61
194855,24457.76
194854,24754.81
194853,29079.32
194852,40823.02
194851,28890.13
194850,16943.92
194849,21137.78
194848,20056.14
194847,26189.78
194846,35789.35
194845,49285.45
194844,31601.87
194843,12965.2
194842,11234.03
194841,13114.38
194840,17332.6
194839,25372.43
194838,29902.45
194837,28555.56
194836,11760.31
194835,10187.05
194834,16612.74
194833,20779.13
194832,19622.51
194831,25878.95
194830,18396.77
194829,21790.92
