13604,34191.54
13603,46911.84
13602,41015.46
13601,12073.3
13600,13708.02
13599,11096.15
13598,11795.85
13597,835.65
13596,15488.96
13595,26592.33
13594,9934.59
13593,10499.01
13592,13239.43
13591,22334.48
13590,25639.04
13589,42197.9
13588,23134.31
13587,27289.46
13586,12731.58
13585,11079.7
13584,15949.23
13583,14834.67
13582,42024.08
13581,34988.71
13580,9299.49
13579,8642.43
13578,13197.63
13577,13031.63
13576,24948.1
13575,38209.84
13574,22412.62
13573,16854.61
13572,13419.87
13571,14535.53
13570,19260.47
13569,26649.29
13568,41388.69
13567,23853.9
13566,11331.56
13565,14071.34
13564,14803.86
13563,33092.89
13562,44803.87
13561,76618.13
13560,23214.69
13559,32656.07
13558,19135.96
13557,32165.99
13556,20295.53
13555,29941.22
13554,53631.73
13553,32895.0
13552,17048.09
13551,17358.37
13550,18150.83
13549,13640.84
13548,26524.53
13547,47501.97
13546,24308.82
13545,21555.17
13544,14924.02
13543,18836.34
13542,33890.32
13541,46394.22
13540,79457.1
13539,56250.87
13538,30428.75
13537,37580.35
13536,46753.25
13535,24921.76
13534,33036.59
13533,59372.95
13532,46424.9
13531,20315.42
13530,21678.79
13529,38374.22
13528,32777.81
13527,42136.27
13526,66505.17
13525,41527.56
13524,30051.29
13523,32377.29
13522,46736.24
13521,33104.61
13520,55827.03
13519,62923.54
13518,19145.36
13517,19392.33
13516,14299.62
13515,21096.98
13514,22909.48
13513,42847.04
13512,26914.62
13511,530.84
13510,17228.65
13509,25760.09
13508,23099.94
13507,37770.9
13506,53436.16
13505,47431.36
13504,14890.99
13503,14793.62
13502,16478.82
13501,20698.63
13500,28398.47
13499,43928.99
13498,37775.56
13497,19950.14
13496,22096.33
13495,22056.16
13494,37166.45
13493,41968.34
13492,62082.41
13491,45328.72
13490,28867.66
13489,23204.32
13488,31226.31
13487,33100.99
13486,1295.08
13485,69016.65
13484,41372.88
13483,21893.71
13482,18709.2
13481,23715.54
13480,28034.02
13479,45355.95
13478,67995.67
13477,46324.5
13476,20549.48
13475,24957.97
13474,20825.88
13473,20438.03
13472,44701.2
13471,62925.01
13470,40208.33
13469,26660.46
13468,24321.53
13467,35233.94
13466,29229.75
13465,43151.17
13464,55985.15
13463,43803.33
13462,23747.04
13461,24964.23
13460,23316.28
13459,375.35
13458,37813.88
13457,56224.35
13456,39622.39
13455,44528.43
13454,18449.57
13453,26829.93
13452,27228.59
13451,36088.49
13450,48921.52
13449,35740.81
13448,20030.03
13447,38424.75
13446,34627.46
13445,38168.83
13444,47161.42
13443,63589.73
13442,43822.14
13441,29235.03
13440,32882.51
13439,32480.85
13438,40601.22
13437,47507.33
13436,60041.29
13435,42669.7
13434,16327.19
13433,22600.16
13432,19008.39
13431,20710.59
13430,33927.24
13429,34406.24
13428,36668.68
13427,16854.65
13426,10985.85
13425,17722.99
13424,22230.08
13423,25236.21
13422,32226.86
13421,27257.18
13420,22172.57
