49869,29712.18
49868,42884.57
49867,36222.0
49866,19529.7
49865,17658.59
49864,15886.14
49863,15924.49
49862,1198.84
49861,33039.04
49860,26513.11
49859,11109.86
49858,11447.69
49857,13845.83
49856,22779.1
49855,22989.93
49854,37043.87
49853,26272.0
49852,29893.28
49851,11287.18
49850,14660.94
49849,12351.14
49848,20995.3
49847,41416.18
49846,30497.84
49845,13064.97
49844,13077.22
49843,14975.31
49842,12973.08
49841,25237.13
49840,39872.48
49839,31015.93
49838,15867.31
49837,14559.42
49836,18092.04
49835,17579.53
49834,25084.92
49833,45909.77
49832,24342.57
49831,13362.39
49830,16502.61
49829,20670.91
49828,39470.64
49827,43517.79
49826,71642.54
49825,47707.27
49824,32339.52
49823,22185.25
49822,25496.25
49821,21396.7
49820,36813.77
49819,53939.53
49818,41808.59
49817,19212.53
49816,15260.65
49815,15498.33
49814,17744.49
49813,28405.95
49812,50760.02
49811,29281.84
49810,20662.51
49809,16274.09
49808,18944.47
49807,37904.89
49806,50053.95
49805,67608.16
49804,55895.16
49803,28775.99
49802,33475.86
49801,41416.69
49800,28521.97
49799,34492.8
49798,53421.71
49797,37968.69
49796,25937.89
49795,25910.92
49794,41702.89
49793,27953.81
49792,33085.29
49791,55664.45
49790,40114.59
49789,23384.46
49788,28438.72
49787,32884.37
49786,25241.48
49785,38502.96
49784,61341.47
49783,18061.3
49782,13737.37
49781,15849.25
49780,19193.96
49779,29762.13
49778,45072.17
49777,30257.74
49776,406.99
49775,14387.75
49774,30458.02
49773,27616.17
49772,32212.46
49771,54594.08
49770,40700.79
49769,14006.05
49768,815.58
49767,458.13
49766,119.65
49765,30884.82
49764,47128.58
49763,30441.4
49762,348.64
49761,20083.44
49760,20632.88
49759,29981.14
49758,40286.33
49757,53596.48
49756,44986.01
49755,26292.58
49754,22121.8
49753,31901.43
49752,27932.04
49751,39340.3
49750,73623.43
49749,30605.89
49748,22029.38
49747,22105.05
49746,20474.98
49745,31857.29
49744,36872.72
49743,59210.99
49742,38344.04
49741,19157.24
49740,19718.99
49739,21609.07
49738,24017.15
49737,46844.54
49736,56738.53
49735,39249.61
49734,23079.74
49733,28298.4
49732,28268.25
49731,27682.18
49730,36282.19
49729,52922.71
49728,51312.24
49727,23746.46
49726,26177.74
49725,22689.81
49724,26226.72
49723,31658.8
49722,42874.09
49721,33902.78
49720,46633.87
49719,20911.83
49718,24598.19
49717,27528.82
49716,30446.39
49715,46367.33
49714,37206.2
49713,20199.45
49712,33743.32
49711,28081.22
49710,31048.86
49709,35271.45
49708,56927.04
49707,46612.07
49706,26405.81
49705,29680.67
49704,28732.15
49703,32837.27
49702,41097.31
49701,55731.43
49700,46177.64
49699,18532.76
49698,19886.95
49697,22475.1
49696,22097.08
49695,31301.18
49694,37564.84
49693,32290.82
49692,18869.38
49691,13743.9
49690,16631.23
49689,25994.57
49688,34443.54
49687,36886.36
49686,25681.99
49685,20518.87
