218900,12193.07
218899,22597.88
218898,9796.51
218897,6690.32
218896,5612.61
218895,7816.13
218894,7813.85
218893,628.11
218892,15571.44
218891,9048.47
218890,5429.85
218889,3783.59
218888,4272.81
218887,10040.32
218886,15851.31
218885,21686.93
218884,12269.61
218883,10340.65
218882,8735.39
218881,10879.39
218880,9359.73
218879,9976.57
218878,20111.69
218877,12439.37
218876,6969.74
218875,6564.28
218874,6695.83
218873,6693.25
218872,12175.47
218871,22679.56
218870,12382.58
218869,7911.91
218868,11199.76
218867,9975.47
218866,11840.01
218865,13322.79
218864,24855.39
218863,11954.49
218862,8098.54
218861,8290.85
218860,12151.5
218859,15916.95
218858,19302.41
218857,27103.26
218856,20476.54
218855,14742.39
218854,4143.54
218853,11877.09
218852,10532.89
218851,16957.51
218850,26387.81
218849,16707.68
218848,11451.75
218847,8955.63
218846,10083.01
218845,6868.8
218844,16059.98
218843,24414.31
218842,13348.77
218841,11287.9
218840,8546.13
218839,7144.01
218838,14761.43
218837,24123.92
218836,35304.44
218835,26462.62
218834,13476.9
218833,17024.13
218832,21958.17
218831,14400.89
218830,23031.2
218829,28493.35
218828,24162.69
218827,11931.94
218826,11858.91
218825,17310.84
218824,18189.45
218823,23833.98
218822,35342.44
218821,19626.6
218820,13344.59
218819,16606.24
218818,19066.67
218817,18114.69
218816,26637.34
218815,33385.91
218814,11698.68
218813,9400.9
218812,8839.4
218811,10445.47
218810,14223.81
218809,20378.33
218808,11282.22
218807,5687.1
218806,9780.72
218805,18367.45
218804,14821.11
218803,18469.25
218802,24277.09
218801,21154.79
218800,1004.53
218799,7111.35
218798,9603.83
218797,10205.71
218796,12453.35
218795,18117.22
218794,13780.14
218793,9421.94
218792,7800.8
218791,8235.14
218790,16692.06
218789,18257.2
218788,34009.69
218787,18246.53
218786,10588.98
218785,14858.49
218784,10795.11
218783,13919.96
218782,911.64
218781,32173.77
218780,20443.09
218779,11889.83
218778,11237.57
218777,12932.06
218776,14788.51
218775,21128.22
218774,29487.15
218773,16431.86
218772,10339.15
218771,10659.01
218770,10202.18
218769,8841.6
218768,23050.05
218767,31754.62
218766,21155.0
218765,12301.03
218764,13166.94
218763,14587.73
218762,11205.79
218761,16751.1
218760,26952.44
218759,17390.33
218758,7052.95
218757,11856.69
218756,11495.94
218755,16362.19
218754,23459.79
218753,25348.53
218752,19394.63
218751,19256.51
218750,11569.86
218749,16056.23
218748,15887.43
218747,20546.57
218746,21061.6
218745,20215.72
218744,9961.48
218743,20383.6
218742,17050.43
218741,17865.44
218740,16444.59
218739,27373.28
218738,20972.14
218737,12089.63
218736,13706.66
218735,15063.96
218734,20039.1
218733,24463.86
218732,24215.93
218731,15219.08
218730,11526.07
218729,12335.8
218728,12133.19
218727,17968.01
218726,24643.67
218725,16002.23
218724,15218.91
218723,12430.36
218722,9767.03
218721,10320.87
218720,13533.72
218719,17611.15
218718,17239.25
218717,8350.05
218716,10404.9
