105144,39369.92
105143,50422.91
105142,56379.36
105141,18995.49
105140,20533.05
105139,16627.39
105138,23870.73
105137,1103.64
105136,32599.45
105135,29434.36
105134,14759.09
105133,16119.48
105132,15663.11
105131,27644.02
105130,31126.37
105129,45754.31
105128,29066.19
105127,30386.81
105126,18821.81
105125,23464.27
105124,29625.2
105123,27060.55
105122,39507.04
105121,34097.75
105120,16191.06
105119,27561.39
105118,18135.81
105117,18523.22
105116,35817.9
105115,44977.27
105114,26788.75
105113,26600.29
105112,26259.3
105111,28984.76
105110,41002.01
105109,37477.14
105108,46596.31
105107,29547.23
105106,21718.03
105105,24552.4
105104,24149.23
105103,57415.64
105102,62734.47
105101,78098.85
105100,48434.53
105099,52312.46
105098,28100.64
105097,31245.64
105096,22176.52
105095,45495.5
105094,56238.93
105093,46341.81
105092,24756.52
105091,20541.9
105090,25031.3
105089,24666.45
105088,40370.83
105087,56289.71
105086,41401.66
105085,33966.97
105084,26748.1
105083,26287.14
105082,55715.9
105081,63829.61
105080,79070.69
105079,64345.52
105078,31120.25
105077,45219.55
105076,64034.12
105075,36328.47
105074,43216.57
105073,57029.05
105072,49329.71
105071,27216.34
105070,27067.21
105069,49070.06
105068,42331.31
105067,49144.02
105066,65270.28
105065,54272.97
105064,39872.85
105063,43714.79
105062,51228.46
105061,43375.94
105060,57907.84
105059,76905.81
105058,22548.49
105057,24356.82
105056,23796.21
105055,34962.5
105054,45286.54
105053,52822.24
105052,40398.35
105051,765.5
105050,24030.78
105049,42583.51
105048,41097.35
105047,50278.2
105046,66170.06
105045,66888.21
105044,21198.2
105043,22644.33
105042,30912.27
105041,31576.67
105040,38107.96
105039,48502.42
105038,45796.26
105037,21426.16
105036,20467.31
105035,23063.91
105034,47589.81
105033,49160.56
105032,67768.43
105031,50077.71
105030,31719.1
105029,34699.88
105028,36605.37
105027,35650.01
105026,935.81
105025,70065.95
105024,50286.17
105023,31311.2
105022,34944.86
105021,37577.99
105020,51711.27
105019,71247.61
105018,99070.46
105017,62226.74
105016,28455.18
105015,27758.14
105014,25225.58
105013,30794.57
105012,64500.91
105011,68510.32
105010,58058.16
105009,38603.38
105008,38292.41
105007,39450.67
105006,42865.91
105005,47700.44
105004,73197.89
105003,60945.21
105002,28095.85
105001,31505.32
105000,30241.51
104999,327.86
104998,49954.54
104997,58057.55
104996,49256.85
104995,62998.53
104994,30070.86
104993,36235.54
104992,44332.51
104991,48628.31
104990,52476.2
104989,47179.83
104988,33770.02
104987,52061.37
104986,50677.78
104985,54540.08
104984,60105.03
104983,70477.62
104982,56984.82
104981,40635.34
104980,37228.71
104979,38844.65
104978,46031.06
104977,66901.83
104976,74068.8
104975,55104.12
104974,26447.55
104973,29345.82
104972,28716.85
104971,36153.0
104970,49405.25
104969,45847.99
104968,49704.23
104967,23823.29
104966,22455.91
104965,24897.58
104964,31559.37
104963,42006.67
104962,59168.58
104961,40059.02
104960,27597.57
