126059,16730.47
126058,35584.22
126057,36249.87
126056,13705.27
126055,11240.5
126054,10948.58
126053,13222.56
126052,968.19
126051,25155.67
126050,25709.38
126049,10964.73
126048,11288.35
126047,10752.37
126046,17188.63
126045,17524.7
126044,26678.12
126043,22000.32
126042,21817.48
126041,11757.05
126040,15165.32
126039,16383.07
126038,19646.13
126037,27916.55
126036,22707.92
126035,10234.73
126034,11164.92
126033,10066.52
126032,13122.5
126031,22460.86
126030,32269.02
126029,15428.3
126028,13688.57
126027,16348.92
126026,14771.71
126025,18442.08
126024,19992.9
126023,29845.47
126022,19029.27
126021,16237.69
126020,12681.68
126019,13590.25
126018,25954.8
126017,33620.46
126016,49646.05
126015,32041.48
126014,24135.59
126013,16834.68
126012,16819.02
126011,12774.13
126010,23126.18
126009,40289.39
126008,30863.87
126007,15652.63
126006,15057.75
126005,16955.43
126004,12691.84
126003,24615.78
126002,37265.64
126001,25480.7
126000,23447.5
125999,13497.84
125998,15696.24
125997,34976.42
125996,30707.59
125995,43336.8
125994,40539.32
125993,21985.94
125992,25600.05
125991,40587.04
125990,22931.45
125989,22181.8
125988,40033.42
125987,37920.72
125986,13644.78
125985,13689.47
125984,26859.91
125983,27565.01
125982,33727.65
125981,45562.84
125980,34479.08
125979,22804.65
125978,25429.56
125977,31234.33
125976,28083.31
125975,37389.01
125974,57845.44
125973,19656.31
125972,15804.15
125971,14615.35
125970,19159.91
125969,23314.02
125968,31381.24
125967,28870.91
125966,770.45
125965,13388.49
125964,21260.34
125963,22820.15
125962,27198.37
125961,39876.71
125960,38089.98
125959,17329.93
125958,860.3
125957,334.06
125956,179.41
125955,26345.86
125954,35464.39
125953,31797.64
125952,650.87
125951,14703.06
125950,13309.06
125949,28075.47
125948,32623.39
125947,49275.24
125946,35253.63
125945,16618.28
125944,18153.72
125943,21615.79
125942,22335.66
125941,29335.98
125940,50462.93
125939,32743.95
125938,17286.21
125937,21028.63
125936,17611.14
125935,25576.42
125934,40738.77
125933,60558.66
125932,38881.61
125931,16004.41
125930,17594.71
125929,16738.4
125928,16922.91
125927,33418.32
125926,41461.55
125925,42086.3
125924,20757.6
125923,21526.19
125922,22659.5
125921,22934.88
125920,31678.01
125919,43625.69
125918,46763.96
125917,17871.88
125916,17522.26
125915,17021.85
125914,28553.85
125913,33506.37
125912,39793.28
125911,35649.87
125910,41577.53
125909,16898.61
125908,17073.66
125907,23852.12
125906,28645.93
125905,40100.31
125904,35598.69
125903,17211.93
125902,29602.64
125901,29940.59
125900,29345.25
125899,27809.38
125898,46003.17
125897,39637.27
125896,23761.88
125895,23394.38
125894,21248.2
125893,31895.51
125892,35819.08
125891,55044.18
125890,40755.23
125889,17645.67
125888,21290.13
125887,21669.0
125886,21069.28
125885,30108.41
125884,34055.48
125883,38428.53
125882,22164.9
125881,15208.11
125880,17356.06
125879,23440.04
125878,23149.78
125877,35495.32
125876,31231.73
125875,22664.14
