116086,38387.5
116085,57932.87
116084,39597.16
116083,16220.45
116082,14978.1
116081,14476.39
116080,14449.49
116079,1260.15
116078,29520.57
116077,25771.75
116076,12044.18
116075,10857.12
116074,12314.86
116073,24256.62
116072,27338.54
116071,37591.65
116070,20704.8
116069,37217.56
116068,9695.54
116067,14799.09
116066,12691.0
116065,19806.62
116064,44643.54
116063,35905.62
116062,11652.19
116061,12913.99
116060,12318.15
116059,13975.84
116058,22403.19
116057,41780.11
116056,27574.58
116055,16545.11
116054,16784.18
116053,17733.61
116052,18801.4
116051,24749.24
116050,42534.72
116049,22044.78
116048,11699.14
116047,15790.95
116046,22601.93
116045,40367.76
116044,54311.48
116043,73289.34
116042,49031.78
116041,40054.22
116040,21442.07
116039,25798.87
116038,21554.71
116037,35228.4
116036,54613.08
116035,42950.26
116034,18033.59
116033,16393.64
116032,20556.13
116031,18496.79
116030,31808.27
116029,55146.73
116028,37209.19
116027,27149.88
116026,15719.53
116025,21846.16
116024,36872.24
116023,47260.66
116022,81597.82
116021,59612.34
116020,33990.3
116019,35503.75
116018,50431.3
116017,30273.86
116016,39884.46
116015,59753.91
116014,55481.61
116013,21192.77
116012,21485.67
116011,37158.86
116010,31427.65
116009,48651.04
116008,67498.79
116007,44694.04
116006,35574.82
116005,35216.4
116004,39234.32
116003,30439.1
116002,49066.4
116001,67109.49
116000,-51.98
115999,21929.94
115998,17096.07
115997,17155.23
115996,21378.67
115995,29487.64
115994,49133.13
115993,30060.5
115992,397.61
115991,16801.03
115990,28555.2
115989,28345.63
115988,38490.33
115987,62700.8
115986,42196.79
115985,20045.73
115984,890.37
115983,743.76
115982,125.56
115981,28841.93
115980,44787.82
115979,36332.78
115978,521.14
115977,16509.05
115976,20406.69
115975,40037.5
115974,39302.5
115973,56557.22
115972,44100.81
115971,28351.83
115970,22673.09
115969,25334.55
115968,28115.09
115967,37293.89
115966,71829.69
115965,40705.71
115964,18743.31
115963,19391.77
115962,26396.05
115961,33618.6
115960,43699.08
115959,62655.59
115958,46302.13
115957,20098.6
115956,25201.61
115955,26189.26
115954,29081.66
115953,50481.78
115952,75246.25
115951,43306.85
115950,28665.51
115949,31381.62
115948,34199.7
115947,30915.86
115946,43207.51
115945,59421.94
115944,51764.44
115943,19198.81
115942,23246.39
115941,26683.2
115940,20786.03
115939,41220.87
115938,54058.65
115937,44826.99
115936,50584.22
115935,22563.15
115934,24637.35
115933,28192.98
115932,30747.3
115931,46975.74
115930,42299.3
115929,25113.65
115928,39259.09
115927,39145.82
115926,36032.78
115925,49623.7
115924,69722.35
115923,50031.5
115922,31517.85
115921,34549.85
115920,32280.35
115919,42105.61
115918,55157.33
115917,63302.37
115916,44125.74
115915,20541.61
115914,23532.47
115913,26350.34
115912,26012.5
115911,40297.69
115910,41231.04
115909,42698.38
115908,23032.45
115907,17267.68
115906,22846.27
115905,25120.41
115904,28874.46
115903,38690.9
115902,30223.0
115901,20502.33
