18206,21342.66
18205,53970.34
18204,36949.23
18203,9807.42
18202,11284.31
18201,13189.47
18200,15349.98
18199,1673.14
18198,29415.48
18197,11143.67
18196,6141.64
18195,5856.23
18194,11120.94
18193,19989.9
18192,27608.28
18191,43398.18
18190,25077.28
18189,26078.02
18188,12435.07
18187,20419.55
18186,17719.74
18185,21227.44
18184,42737.85
18183,27299.07
18182,10252.09
18181,11901.17
18180,13520.04
18179,14463.87
18178,26881.0
18177,44331.5
18176,29565.41
18175,15667.35
18174,15226.99
18173,16245.67
18172,18851.44
18171,23489.02
18170,46470.94
18169,23810.27
18168,13086.52
18167,12332.96
18166,12483.3
18165,33898.87
18164,42977.57
18163,65859.42
18162,45855.3
18161,38320.71
18160,22108.54
18159,27915.58
18158,18894.3
18157,35056.89
18156,42164.71
18155,43599.09
18154,15031.32
18153,16032.92
18152,11018.62
18151,9290.5
18150,26138.81
18149,53355.71
18148,29017.9
18147,23621.53
18146,14352.57
18145,13805.1
18144,39067.95
18143,52161.99
18142,87933.98
18141,58325.79
18140,36994.85
18139,40216.94
18138,50074.49
18137,24038.23
18136,40478.43
18135,62984.93
18134,48158.84
18133,17961.9
18132,17905.67
18131,31958.9
18130,29530.29
18129,42388.58
18128,81119.33
18127,49503.66
18126,30925.68
18125,31748.12
18124,42274.12
18123,34447.19
18122,63613.41
18121,70560.62
18120,-55.96
18119,15891.39
18118,21496.81
18117,19160.56
18116,20295.31
18115,28318.84
18114,41479.81
18113,30990.77
18112,14741.99
18111,29348.58
18110,23980.52
18109,39314.76
18108,40024.62
18107,48817.39
18106,13545.16
18105,24674.96
18104,38267.83
18103,27470.33
18102,4.24
18101,15783.13
18100,17977.49
18099,42986.43
18098,53398.41
18097,74349.98
18096,44261.1
18095,32128.24
18094,24062.44
18093,29696.61
18092,28881.97
18091,45002.18
18090,66751.6
18089,41009.71
18088,22414.36
18087,19347.85
18086,27154.54
18085,33166.75
18084,36816.56
18083,55616.29
18082,34578.95
18081,14685.4
18080,18320.46
18079,20614.03
18078,18452.63
18077,46045.71
18076,76440.78
18075,49790.05
18074,29564.09
18073,28919.69
18072,30870.09
18071,27434.79
18070,39579.46
18069,73649.36
18068,48008.53
18067,19880.12
18066,22618.18
18065,26074.14
18064,39284.81
18063,48997.74
18062,58595.08
18061,34993.54
18060,43130.88
18059,24294.96
18058,26382.4
18057,30465.24
18056,35655.94
18055,39715.42
18054,38004.52
18053,20442.21
18052,46240.92
18051,42971.79
18050,38982.02
18049,48096.09
18048,60150.14
18047,45201.64
18046,32931.12
18045,33693.12
18044,35658.95
18043,40832.16
18042,51163.76
18041,48336.94
18040,36618.93
18039,29977.11
18038,34851.71
18037,22868.11
18036,32165.42
18035,41676.51
18034,33910.15
18033,41999.48
18032,23692.88
18031,19121.38
18030,27451.25
18029,26301.85
18028,32985.67
18027,34647.31
18026,23720.77
18025,20232.32
