204194,15221.25
204193,29136.46
204192,28084.94
204191,11870.3
204190,12385.62
204189,14960.12
204188,18988.2
204187,346.78
204186,20146.84
204185,20155.79
204184,10106.72
204183,10375.62
204182,11077.88
204181,13631.17
204180,17496.66
204179,19873.42
204178,17250.81
204177,21614.51
204176,12903.13
204175,15137.55
204174,14157.41
204173,15699.82
204172,23363.88
204171,20591.69
204170,12005.29
204169,11026.84
204168,13935.35
204167,10257.92
204166,18693.39
204165,21985.21
204164,16429.72
204163,16860.03
204162,13194.68
204161,17160.5
204160,18670.57
204159,20401.23
204158,28284.58
204157,17284.93
204156,13842.1
204155,13815.49
204154,17756.81
204153,27271.79
204152,31024.83
204151,39638.62
204150,29359.3
204149,26490.25
204148,19825.77
204147,17388.65
204146,13470.33
204145,22583.17
204144,31267.08
204143,21828.99
204142,12696.74
204141,14335.49
204140,14798.19
204139,14131.99
204138,19166.29
204137,27659.3
204136,20869.94
204135,17507.8
204134,17275.18
204133,13539.1
204132,22675.25
204131,25289.56
204130,29384.05
204129,29057.98
204128,22033.09
204127,21188.33
204126,31454.88
204125,15705.05
204124,21719.33
204123,28920.91
204122,25444.12
204121,13770.84
204120,14320.25
204119,23779.42
204118,21258.59
204117,27477.49
204116,32847.43
204115,28391.88
204114,18351.58
204113,21622.81
204112,25029.73
204111,24782.25
204110,31444.63
204109,36480.43
204108,15201.7
204107,15119.39
204106,19982.02
204105,21429.42
204104,24025.05
204103,26770.12
204102,25486.08
204101,701.32
204100,16316.06
204099,23678.59
204098,27188.88
204097,30463.85
204096,37488.51
204095,35611.08
204094,16105.48
204093,16002.25
204092,15835.51
204091,19492.86
204090,26126.12
204089,27904.59
204088,25985.04
204087,17759.97
204086,17552.83
204085,18945.47
204084,26827.26
204083,32400.61
204082,34182.93
204081,24966.44
204080,20656.42
204079,15676.53
204078,20841.43
204077,21779.38
204076,840.97
204075,34652.96
204074,28097.65
204073,18669.49
204072,17405.26
204071,23307.42
204070,28669.78
204069,37992.26
204068,48853.53
204067,34680.31
204066,15981.11
204065,21112.21
204064,15873.32
204063,19652.37
204062,32414.26
204061,31018.71
204060,31016.69
204059,23789.37
204058,23856.06
204057,23054.1
204056,22515.32
204055,30795.02
204054,34060.28
204053,32624.28
204052,14496.27
204051,17100.86
204050,16396.17
204049,57.99
204048,24614.08
204047,27996.11
204046,27786.68
204045,31319.15
204044,17992.46
204043,19222.12
204042,24630.06
204041,28110.56
204040,36815.64
204039,31361.23
204038,21767.77
204037,37717.48
204036,31841.85
204035,25066.87
204034,23510.19
204033,35372.57
204032,30427.98
204031,18912.81
204030,21012.53
204029,20290.57
204028,24033.88
204027,29178.01
204026,39542.58
204025,30883.83
204024,16477.08
204023,19689.94
204022,20636.23
204021,19781.43
204020,30308.36
204019,29786.72
204018,30797.67
204017,17241.22
204016,16232.93
204015,17623.77
204014,22855.15
204013,23254.83
204012,32092.61
204011,22701.27
204010,18525.98
