205513,18197.65
205512,31026.03
205511,25615.06
205510,13279.23
205509,11981.78
205508,12933.71
205507,17208.1
205506,366.15
205505,21948.43
205504,17676.0
205503,12141.4
205502,12490.93
205501,10961.3
205500,17350.53
205499,16956.69
205498,26305.04
205497,17957.53
205496,21915.89
205495,14410.93
205494,14956.02
205493,17132.39
205492,13125.59
205491,25353.66
205490,20473.35
205489,10935.05
205488,10525.28
205487,10459.18
205486,12238.79
205485,17730.61
205484,25627.99
205483,15478.13
205482,14320.8
205481,14788.05
205480,18636.0
205479,17504.33
205478,19597.65
205477,24980.18
205476,16809.42
205475,17575.28
205474,16568.77
205473,16003.9
205472,30060.33
205471,28209.46
205470,46163.6
205469,27097.0
205468,24823.32
205467,16252.32
205466,17920.11
205465,14860.35
205464,19819.04
205463,30382.13
205462,22686.74
205461,13143.67
205460,16365.57
205459,16021.55
205458,13006.62
205457,20744.34
205456,27813.81
205455,17683.65
205454,15158.08
205453,15659.67
205452,16004.87
205451,28269.62
205450,25913.63
205449,40320.66
205448,27474.87
205447,16856.38
205446,27643.51
205445,29267.94
205444,20199.17
205443,19039.29
205442,29702.67
205441,21095.86
205440,12562.69
205439,16096.47
205438,22085.12
205437,21074.85
205436,26781.12
205435,35005.13
205434,29077.63
205433,26808.91
205432,24140.2
205431,29605.65
205430,25511.11
205429,31957.76
205428,34619.21
205427,16910.71
205426,16120.93
205425,19859.8
205424,20981.31
205423,19121.21
205422,27502.96
205421,20454.42
205420,422.47
205419,14676.62
205418,20155.06
205417,26776.83
205416,25393.02
205415,32612.71
205414,27658.92
205413,15449.2
205412,792.77
205411,325.52
205410,274.59
205409,17320.49
205408,25280.57
205407,22481.8
205406,431.59
205405,15718.03
205404,21396.61
205403,25310.16
205402,26491.56
205401,32865.34
205400,25392.54
205399,19163.78
205398,16636.83
205397,19598.35
205396,19168.77
205395,27273.2
205394,34481.46
205393,20708.97
205392,18038.09
205391,17425.21
205390,19566.51
205389,24624.98
205388,31766.2
205387,37905.44
205386,24756.93
205385,16952.5
205384,16174.44
205383,14952.76
205382,15952.95
205381,29806.17
205380,34994.33
205379,31567.37
205378,21552.8
205377,16995.22
205376,25216.47
205375,23328.92
205374,29030.15
205373,35055.15
205372,28534.75
205371,16818.86
205370,14223.82
205369,18270.91
205368,21958.62
205367,24570.93
205366,29433.12
205365,25857.77
205364,27652.0
205363,18809.6
205362,16532.55
205361,19761.18
205360,21427.75
205359,29789.04
205358,29863.69
205357,20334.42
205356,24515.21
205355,29829.24
205354,29150.79
205353,28915.29
205352,32299.68
205351,28701.24
205350,24295.07
205349,22934.35
205348,22308.84
205347,27391.95
205346,26324.83
205345,30906.15
205344,27999.67
205343,19719.36
205342,20008.16
205341,22781.82
205340,21048.37
205339,23970.47
205338,23799.38
205337,24357.83
205336,17017.7
205335,13445.91
205334,15872.87
205333,17106.15
205332,21035.1
205331,27515.36
205330,22284.3
205329,12948.57
