138883,19689.1
138882,41723.97
138881,33350.87
138880,11336.04
138879,12348.48
138878,17170.79
138877,16249.77
138876,2406.84
138875,33464.99
138874,27024.07
138873,9240.93
138872,9635.07
138871,12846.74
138870,22008.78
138869,31358.14
138868,48413.86
138867,26760.05
138866,24512.1
138865,17500.53
138864,19890.31
138863,20006.65
138862,19271.4
138861,16757.64
138860,32292.14
138859,13496.58
138858,12251.72
138857,17068.21
138856,13239.47
138855,25920.0
138854,52112.83
138853,28968.32
138852,14025.06
138851,13810.02
138850,16884.93
138849,17900.2
138848,22495.28
138847,44468.32
138846,25019.48
138845,15405.05
138844,10837.46
138843,17383.45
138842,31546.96
138841,41449.81
138840,65063.3
138839,45857.5
138838,23426.87
138837,14478.8
138836,26443.76
138835,20296.36
138834,31356.72
138833,58445.89
138832,36501.0
138831,15695.85
138830,14944.09
138829,15041.98
138828,14606.87
138827,35871.05
138826,56657.55
138825,33860.49
138824,25965.52
138823,20864.46
138822,13807.61
138821,37964.72
138820,45415.68
138819,77057.61
138818,48164.03
138817,35652.82
138816,39281.02
138815,46728.95
138814,30049.68
138813,34941.69
138812,59345.96
138811,39435.74
138810,13148.98
138809,16261.31
138808,34562.15
138807,29566.24
138806,41829.81
138805,71715.85
138804,41145.0
138803,27090.93
138802,33060.36
138801,34365.33
138800,35711.02
138799,61212.2
138798,71143.43
138797,19029.97
138796,17552.05
138795,20879.07
138794,23237.39
138793,31914.85
138792,49794.88
138791,35294.31
138790,13410.12
138789,15338.58
138788,28157.02
138787,27959.88
138786,34933.69
138785,49038.16
138784,46203.27
138783,1053.44
138782,17019.18
138781,15402.09
138780,21994.56
138779,31635.96
138778,35499.63
138777,34082.95
138776,22553.45
138775,21248.65
138774,21747.38
138773,39458.52
138772,48429.38
138771,76127.6
138770,47797.69
138769,29749.76
138768,33089.07
138767,34251.03
138766,29793.71
138765,750.34
138764,66403.65
138763,37108.82
138762,24709.27
138761,23253.94
138760,25106.78
138759,36877.66
138758,43387.3
138757,58764.84
138756,43855.15
138755,17372.95
138754,19119.29
138753,21493.15
138752,17051.25
138751,42201.29
138750,56385.05
138749,41549.4
138748,25185.25
138747,26633.21
138746,26987.65
138745,25444.9
138744,37198.58
138743,59155.27
138742,49304.35
138741,17969.13
138740,20370.73
138739,24019.24
138738,45.32
138737,44921.25
138736,58376.12
138735,47785.69
138734,48979.63
138733,22847.78
138732,23396.43
138731,32983.4
138730,38053.84
138729,48216.63
138728,48743.2
138727,22385.71
138726,41091.87
138725,38802.71
138724,34256.66
138723,39417.54
138722,50370.06
138721,38876.31
138720,27192.58
138719,28583.36
138718,32586.2
138717,33745.73
138716,45408.25
138715,42120.58
138714,29326.98
138713,18029.17
138712,18551.49
138711,22033.43
138710,27049.05
138709,32958.22
138708,30468.44
138707,39338.01
138706,16218.78
138705,16217.92
138704,22203.05
138703,28163.56
138702,28675.77
138701,33166.57
138700,24436.22
138699,16911.02
