15528,20792.06
15527,31220.38
15526,26323.42
15525,9404.03
15524,12035.3
15523,14283.02
15522,14071.64
15521,674.51
15520,21875.4
15519,15178.69
15518,6381.52
15517,7572.0
15516,9506.1
15515,15041.48
15514,16444.12
15513,27154.23
15512,19825.65
15511,17258.56
15510,15444.84
15509,8466.18
15508,10106.31
15507,14506.12
15506,27886.09
15505,19902.41
15504,11462.77
15503,9521.76
15502,10388.98
15501,12442.23
15500,18165.55
15499,24982.68
15498,21358.02
15497,11669.45
15496,11746.92
15495,16694.51
15494,14280.39
15493,20575.61
15492,29262.69
15491,19828.14
15490,12500.09
15489,12026.27
15488,21205.11
15487,32860.3
15486,40899.0
15485,64604.02
15484,33209.76
15483,24035.36
15482,19656.73
15481,21857.4
15480,14564.56
15479,27886.92
15478,43546.95
15477,29875.14
15476,10947.0
15475,15540.4
15474,10893.46
15473,11879.45
15472,24913.02
15471,37351.05
15470,22875.3
15469,20803.48
15468,10135.94
15467,16107.6
15466,25121.61
15465,27610.05
15464,45654.45
15463,35492.55
15462,20525.84
15461,24105.28
15460,33088.1
15459,18766.08
15458,30615.63
15457,34284.75
15456,34903.39
15455,16960.48
15454,16859.42
15453,24805.06
15452,25576.43
15451,32143.0
15450,44628.15
15449,31903.62
15448,22098.39
15447,21205.45
15446,29155.57
15445,22282.37
15444,40072.68
15443,57244.74
15442,13933.18
15441,14775.17
15440,13666.94
15439,19400.52
15438,27150.03
15437,32851.23
15436,25948.54
15435,582.36
15434,13549.45
15433,20393.94
15432,19757.16
15431,27305.53
15430,45207.28
15429,34678.09
15428,10376.0
15427,14335.38
15426,16131.49
15425,17321.48
15424,25254.88
15423,32645.49
15422,27781.96
15421,15953.42
15420,15127.76
15419,14976.25
15418,23068.11
15417,32196.05
15416,41951.01
15415,29360.5
15414,21724.3
15413,21059.29
15412,21657.02
15411,20310.06
15410,801.21
15409,48519.93
15408,26132.38
15407,16504.39
15406,19380.56
15405,20155.29
15404,27136.12
15403,37949.85
15402,53449.71
15401,40675.85
15400,17038.28
15399,15743.96
15398,22318.98
15397,14451.64
15396,31953.44
15395,35891.54
15394,28614.8
15393,18815.96
15392,19180.39
15391,19999.48
15390,22232.91
15389,28720.83
15388,39756.49
15387,33687.74
15386,17601.12
15385,18594.64
15384,16966.49
15383,650.69
15382,25949.04
15381,40268.88
15380,8159.46
15379,37472.15
15378,17760.17
15377,17783.06
15376,26280.92
15375,29821.02
15374,39115.23
15373,26594.22
15372,15865.82
15371,29469.41
15370,25795.05
15369,24877.98
15368,31356.29
15367,41735.61
15366,27486.47
15365,18422.87
15364,17216.42
15363,19660.38
15362,28189.2
15361,41162.14
15360,47044.33
15359,36907.72
15358,12677.39
15357,14209.92
15356,17032.06
15355,20816.91
15354,28137.18
15353,32247.81
15352,35753.31
15351,12760.86
15350,9986.21
15349,13945.24
15348,18132.22
15347,23194.09
15346,32252.6
15345,20721.4
15344,20645.67
