217364,17410.71
217363,28482.1
217362,28648.14
217361,8435.49
217360,10580.17
217359,9649.06
217358,11796.36
217357,460.32
217356,16269.11
217355,11263.96
217354,7939.15
217353,6020.97
217352,8443.07
217351,14420.16
217350,16406.64
217349,18880.27
217348,18992.04
217347,16703.47
217346,9518.26
217345,11471.43
217344,11550.23
217343,12463.68
217342,19277.15
217341,14864.59
217340,8016.59
217339,8630.84
217338,10331.47
217337,9184.6
217336,16774.68
217335,27205.85
217334,17695.4
217333,10527.83
217332,10193.64
217331,11357.28
217330,12662.02
217329,7583.39
217328,25032.94
217327,18280.7
217326,7800.45
217325,9777.12
217324,10831.74
217323,29084.72
217322,31724.75
217321,41329.13
217320,22906.5
217319,20785.59
217318,9883.93
217317,17831.44
217316,14127.32
217315,25518.17
217314,31981.28
217313,24640.92
217312,13053.21
217311,9092.12
217310,9068.82
217309,11417.16
217308,19805.79
217307,30017.89
217306,20965.01
217305,15677.96
217304,11791.64
217303,12524.24
217302,30404.87
217301,28818.83
217300,44830.3
217299,35858.97
217298,24986.21
217297,23452.28
217296,29266.03
217295,17702.29
217294,26604.15
217293,36590.1
217292,27469.73
217291,11356.38
217290,14851.04
217289,28498.84
217288,22663.39
217287,26936.13
217286,41356.62
217285,27553.8
217284,19800.08
217283,25641.75
217282,25074.88
217281,26478.81
217280,39211.54
217279,50135.75
217278,8978.53
217277,12476.02
217276,15645.8
217275,16839.02
217274,21620.92
217273,30704.27
217272,20740.0
217271,5911.26
217270,9499.46
217269,23225.54
217268,20030.64
217267,28776.31
217266,42814.79
217265,34777.53
217264,1650.21
217263,11733.46
217262,13812.06
217261,16845.5
217260,19217.77
217259,29978.94
217258,21203.0
217257,16269.89
217256,14020.59
217255,15012.16
217254,28762.23
217253,31391.19
217252,38298.54
217251,25421.3
217250,20386.94
217249,14449.79
217248,19954.67
217247,18309.0
217246,927.81
217245,45342.6
217244,26784.39
217243,17731.87
217242,17918.23
217241,17004.58
217240,29121.38
217239,37274.84
217238,58058.93
217237,33248.54
217236,10446.87
217235,13269.82
217234,16037.41
217233,16558.39
217232,32294.89
217231,37826.8
217230,31748.42
217229,19588.84
217228,18656.03
217227,22105.75
217226,24144.31
217225,30804.2
217224,34625.74
217223,35622.04
217222,13852.67
217221,14181.83
217220,19872.9
217219,27672.12
217218,32169.76
217217,38417.42
217216,30212.1
217215,38995.22
217214,17664.47
217213,15328.76
217212,21736.63
217211,26582.74
217210,29813.63
217209,28991.72
217208,15224.95
217207,24147.98
217206,24349.66
217205,23593.65
217204,28510.81
217203,39791.36
217202,33737.62
217201,21880.14
217200,20503.71
217199,24644.44
217198,29103.7
217197,35496.76
217196,45363.4
217195,36849.21
217194,14293.86
217193,14630.26
217192,19042.14
217191,22890.12
217190,26263.48
217189,29305.76
217188,26421.13
217187,15422.62
217186,10294.15
217185,17598.13
217184,19533.34
217183,21966.45
217182,24485.29
217181,18711.13
217180,12789.53
