66822,33688.6
66821,57416.35
66820,39861.4
66819,17660.9
66818,18692.78
66817,17433.64
66816,16055.01
66815,917.93
66814,38124.58
66813,35843.89
66812,12180.9
66811,15797.64
66810,16883.73
66809,26978.37
66808,26227.48
66807,45804.82
66806,33117.6
66805,33045.98
66804,16783.75
66803,20598.36
66802,20169.76
66801,22885.87
66800,50114.0
66799,37467.66
66798,13469.63
66797,15042.93
66796,26677.25
66795,21595.67
66794,28292.98
66793,50638.07
66792,32739.89
66791,18533.05
66790,19550.86
66789,21619.12
66788,23065.3
66787,29692.34
66786,45916.43
66785,28462.37
66784,20049.39
66783,22057.45
66782,21452.05
66781,42364.45
66780,46356.6
66779,77078.99
66778,53406.26
66777,38699.99
66776,26462.53
66775,29844.77
66774,24528.76
66773,43019.75
66772,59417.22
66771,42747.27
66770,22091.71
66769,13558.1
66768,24227.71
66767,21550.8
66766,30502.59
66765,54077.38
66764,32400.76
66763,28059.83
66762,17729.39
66761,21318.03
66760,45692.17
66759,52316.04
66758,80598.47
66757,67388.09
66756,33190.88
66755,32877.31
66754,55318.03
66753,33057.15
66752,39509.47
66751,68390.62
66750,45823.08
66749,23905.81
66748,26555.01
66747,45674.58
66746,36259.94
66745,46520.14
66744,65764.02
66743,43301.27
66742,25242.06
66741,34226.85
66740,37408.77
66739,33741.14
66738,61211.1
66737,72322.8
66736,24382.18
66735,20284.07
66734,17815.37
66733,27371.65
66732,30959.52
66731,52418.75
66730,41811.17
66729,20050.37
66728,30578.14
66727,30479.9
66726,34210.29
66725,38244.17
66724,62415.11
66723,54214.44
66722,1621.68
66721,20004.89
66720,24060.73
66719,27243.27
66718,30643.88
66717,51838.72
66716,38117.58
66715,19124.77
66714,21412.71
66713,20544.37
66712,41018.23
66711,44657.77
66710,71212.26
66709,43256.92
66708,31400.42
66707,28047.02
66706,35851.06
66705,30264.21
66704,296.46
66703,77821.68
66702,45838.94
66701,25302.89
66700,32265.01
66699,29670.39
66698,33886.1
66697,48038.69
66696,83673.92
66695,42536.82
66694,22321.37
66693,27704.69
66692,26698.74
66691,28634.91
66690,57936.06
66689,84013.3
66688,61037.42
66687,33329.62
66686,36122.88
66685,39584.18
66684,35465.91
66683,47274.78
66682,67948.58
66681,62079.52
66680,28233.16
66679,28564.26
66678,31022.51
66677,706.21
66676,47276.42
66675,63616.82
66674,50123.39
66673,72824.61
66672,27686.91
66671,27359.13
66670,28302.39
66669,37940.24
66668,61429.7
66667,51715.68
66666,27370.9
66665,45209.28
66664,42552.56
66663,41055.2
66662,52358.74
66661,68405.11
66660,50614.13
66659,30392.78
66658,36894.36
66657,38510.05
66656,42854.11
66655,55903.47
66654,71294.86
66653,56246.34
66652,26371.07
66651,27212.58
66650,28225.7
66649,34624.11
66648,44716.05
66647,51569.63
66646,48408.07
66645,30911.07
66644,22503.47
66643,32344.85
66642,35254.32
66641,31418.07
66640,50540.62
66639,37495.41
66638,33159.81
