48522,22190.97
48521,49209.32
48520,47195.64
48519,16926.55
48518,17219.79
48517,12477.31
48516,20274.1
48515,906.99
48514,33035.01
48513,20250.24
48512,16471.15
48511,10965.4
48510,16604.21
48509,30497.82
48508,32175.55
48507,47525.13
48506,39727.34
48505,39528.97
48504,23790.14
48503,25185.32
48502,22171.89
48501,21696.25
48500,51467.84
48499,50376.38
48498,11742.43
48497,13867.16
48496,15202.52
48495,17819.31
48494,31192.75
48493,56129.03
48492,35537.3
48491,23465.38
48490,18384.16
48489,27794.97
48488,24670.36
48487,32852.94
48486,44110.81
48485,31678.34
48484,18649.15
48483,21168.98
48482,24199.82
48481,53560.93
48480,52621.42
48479,81685.07
48478,60496.65
48477,16441.16
48476,34150.0
48475,38510.79
48474,32838.36
48473,43269.22
48472,66394.84
48471,61440.78
48470,23778.65
48469,21422.57
48468,9677.69
48467,16588.67
48466,30924.7
48465,55011.37
48464,42299.9
48463,33803.39
48462,17703.38
48461,22944.68
48460,41813.83
48459,49012.79
48458,82109.35
48457,72558.6
48456,44331.2
48455,56203.84
48454,76535.4
48453,37801.95
48452,41157.58
48451,66257.08
48450,46930.26
48449,18181.8
48448,19465.91
48447,45778.3
48446,41035.49
48445,50967.06
48444,89109.46
48443,76672.69
48442,47994.79
48441,49979.2
48440,57762.95
48439,38926.26
48438,71464.42
48437,83144.47
48436,-71.99
48435,27520.77
48434,21661.39
48433,23763.93
48432,28533.06
48431,34439.69
48430,38224.91
48429,39762.73
48428,1436.65
48427,24674.3
48426,33033.28
48425,35001.21
48424,39818.83
48423,60646.65
48422,48127.38
48421,19050.91
48420,22642.78
48419,23365.16
48418,27922.77
48417,29125.99
48416,48312.49
48415,47416.31
48414,27367.98
48413,22466.0
48412,29222.22
48411,49219.32
48410,57608.85
48409,74191.1
48408,52141.23
48407,39789.86
48406,40094.72
48405,42521.4
48404,40336.31
48403,2801.72
48402,83979.22
48401,45362.14
48400,27629.58
48399,28047.53
48398,28038.93
48397,47316.06
48396,50788.61
48395,76581.97
48394,54355.38
48393,26139.17
48392,21572.63
48391,29549.34
48390,21268.05
48389,55110.89
48388,71514.22
48387,63988.65
48386,34786.04
48385,30575.36
48384,44280.5
48383,38881.61
48382,50329.96
48381,64454.71
48380,73927.47
48379,26309.36
48378,34286.28
48377,36496.29
48376,1039.93
48375,59445.22
48374,65846.9
48373,59098.46
48372,58191.19
48371,28617.48
48370,26996.21
48369,40323.83
48368,41945.14
48367,56556.9
48366,55779.16
48365,22154.39
48364,55299.1
48363,46576.32
48362,38260.42
48361,50385.95
48360,73709.55
48359,58631.11
48358,35781.47
48357,39718.76
48356,46149.56
48355,47626.26
48354,58704.55
48353,79270.72
48352,66797.09
48351,26182.0
48350,29992.62
48349,29059.28
48348,32422.12
48347,41478.06
48346,43027.06
48345,64288.06
48344,28126.93
48343,20407.54
48342,27883.2
48341,34205.45
48340,38672.94
48339,44042.33
48338,27946.01
48337,26474.63
