147885,25223.06
147884,42747.82
147883,24937.86
147882,10719.56
147881,11308.99
147880,12047.79
147879,14288.47
147878,666.85
147877,27223.21
147876,20198.81
147875,9224.77
147874,11245.56
147873,14242.81
147872,16486.3
147871,22102.41
147870,30647.38
147869,20095.27
147868,22067.01
147867,12906.79
147866,14985.14
147865,15048.53
147864,16176.82
147863,32112.43
147862,24138.12
147861,10998.77
147860,9856.78
147859,13689.25
147858,14640.09
147857,24123.71
147856,36875.55
147855,22166.11
147854,12854.34
147853,13647.68
147852,15944.26
147851,18826.39
147850,27319.34
147849,37146.02
147848,17868.36
147847,17868.35
147846,18183.12
147845,17960.91
147844,32443.95
147843,42201.7
147842,61357.86
147841,32827.04
147840,15998.03
147839,17672.93
147838,20410.59
147837,15687.78
147836,27355.15
147835,46861.12
147834,25855.99
147833,12607.16
147832,8012.74
147831,17412.11
147830,18375.17
147829,27099.67
147828,40848.77
147827,23012.01
147826,20088.47
147825,16850.67
147824,16456.04
147823,33510.35
147822,44479.47
147821,50485.07
147820,34945.58
147819,24244.28
147818,28632.48
147817,33675.59
147816,25886.67
147815,24582.43
147814,61851.49
147813,36585.12
147812,19840.17
147811,17339.08
147810,31111.21
147809,26126.01
147808,40931.91
147807,68344.11
147806,39710.64
147805,26951.63
147804,30458.63
147803,32733.6
147802,29262.21
147801,69472.43
147800,83359.43
147799,-45.16
147798,15478.56
147797,15790.76
147796,20179.23
147795,21783.14
147794,25305.9
147793,48721.18
147792,30516.03
147791,127.49
147790,19970.6
147789,31225.46
147788,33636.91
147787,45813.83
147786,54145.57
147785,33961.55
147784,15592.8
147783,63.99
147782,30814.42
147781,39181.55
147780,24352.34
147779,21.23
147778,16165.6
147777,17342.25
147776,33205.83
147775,32180.87
147774,47511.49
147773,25522.42
147772,19622.46
147771,19642.71
147770,20431.41
147769,24159.67
147768,37601.05
147767,54227.86
147766,28697.19
147765,18505.36
147764,22614.9
147763,28627.55
147762,36228.54
147761,49541.2
147760,73140.27
147759,37454.2
147758,19294.06
147757,21544.95
147756,21601.19
147755,24180.3
147754,45344.47
147753,51272.43
147752,36705.24
147751,26507.67
147750,23475.68
147749,32529.59
147748,27701.9
147747,32893.76
147746,43367.34
147745,36809.03
147744,19744.24
147743,19088.97
147742,23611.65
147741,30751.05
147740,35756.52
147739,45328.97
147738,27764.13
147737,37040.04
147736,16047.67
147735,21500.13
147734,20443.05
147733,31401.54
147732,34953.59
147731,29523.38
147730,19285.28
147729,24830.66
147728,26912.91
147727,25845.79
147726,31503.49
147725,40754.81
147724,28120.51
147723,24042.24
147722,21547.6
147721,23354.76
147720,28388.55
147719,40124.02
147718,58282.18
147717,30240.66
147716,13753.42
147715,16642.56
147714,17130.97
147713,18505.74
147712,25134.38
147711,31230.93
147710,32273.37
147709,9147.78
147708,13039.82
147707,16984.78
147706,23498.75
147705,26019.04
147704,36822.68
147703,24100.01
147702,17914.49
