209687,18252.61
209686,28116.86
209685,24485.01
209684,13041.61
209683,10832.05
209682,12875.15
209681,15702.58
209680,301.04
209679,24090.84
209678,15835.77
209677,11174.52
209676,10600.37
209675,10148.16
209674,16742.66
209673,25262.22
209672,21634.98
209671,15231.16
209670,20860.01
209669,11221.09
209668,13174.08
209667,12541.63
209666,13169.31
209665,20297.64
209664,17274.86
209663,11176.15
209662,11914.15
209661,12068.52
209660,11898.14
209659,22217.2
209658,24980.16
209657,15131.09
209656,13749.37
209655,13499.13
209654,15521.64
209653,16303.89
209652,19159.0
209651,26961.72
209650,11958.53
209649,11740.1
209648,12164.58
209647,17946.88
209646,31639.02
209645,34186.87
209644,43448.29
209643,26635.62
209642,21541.46
209641,20071.41
209640,14959.01
209639,11876.71
209638,20266.98
209637,26949.79
209636,19985.65
209635,13147.36
209634,13533.68
209633,13681.6
209632,14911.15
209631,19915.16
209630,26620.95
209629,14749.54
209628,18211.85
209627,14866.89
209626,16436.27
209625,23562.91
209624,29792.9
209623,34130.89
209622,26541.34
209621,20442.8
209620,21444.67
209619,29647.76
209618,20622.33
209617,17322.63
209616,26181.66
209615,19506.93
209614,16291.85
209613,17972.87
209612,24843.4
209611,21792.57
209610,30464.26
209609,27790.99
209608,25790.93
209607,19868.84
209606,21400.5
209605,26789.24
209604,25369.74
209603,29510.15
209602,39492.38
209601,15790.8
209600,14635.51
209599,14544.82
209598,20480.69
209597,25031.12
209596,23783.23
209595,19393.17
209594,14954.07
209593,19535.84
209592,26302.16
209591,26180.04
209590,27584.6
209589,34595.17
209588,26364.85
209587,1302.31
209586,15143.58
209585,16804.44
209584,17065.6
209583,22693.73
209582,23765.49
209581,19934.31
209580,14220.79
209579,18519.42
209578,14863.79
209577,25788.2
209576,25703.27
209575,32371.43
209574,21345.12
209573,20493.15
209572,21703.28
209571,21650.86
209570,27992.02
209569,905.42
209568,30564.85
209567,24732.32
209566,21529.32
209565,21430.08
209564,19695.54
209563,28282.81
209562,34001.24
209561,37697.93
209560,28105.63
209559,13325.81
209558,19373.84
209557,16092.07
209556,22664.12
209555,33912.22
209554,33924.11
209553,24005.92
209552,20830.84
209551,27359.47
209550,25665.95
209549,21615.54
209548,26537.91
209547,29438.22
209546,23250.3
209545,15465.06
209544,15445.7
209543,17223.93
209542,159.12
209541,24088.66
209540,28750.13
209539,30721.91
209538,30716.33
209537,23870.33
209536,22044.04
209535,25198.0
209534,27775.04
209533,26724.67
209532,23262.58
209531,21201.64
209530,25173.23
209529,28227.22
209528,26812.03
209527,29548.25
209526,28095.47
209525,21939.95
209524,16935.4
209523,21377.35
209522,21053.91
209521,24930.23
209520,29110.83
209519,26743.61
209518,20666.38
209517,16844.93
209516,20061.81
209515,19126.06
209514,20250.41
209513,23594.51
209512,20483.31
209511,19462.06
209510,14925.83
209509,14054.27
209508,21343.36
209507,19788.53
209506,22876.23
209505,25228.44
209504,20605.42
209503,14748.84
