118584,39847.53
118583,60225.19
118582,42672.44
118581,21140.72
118580,22825.33
118579,21556.45
118578,23500.12
118577,922.44
118576,40723.56
118575,28229.47
118574,16709.44
118573,14972.82
118572,19694.97
118571,23650.73
118570,36929.34
118569,28564.89
118568,47967.76
118567,25345.03
118566,21854.76
118565,20766.68
118564,24129.91
118563,23793.52
118562,53632.44
118561,34966.89
118560,19610.41
118559,18312.59
118558,18484.01
118557,20657.07
118556,32642.5
118555,57206.65
118554,37423.49
118553,24512.64
118552,22657.65
118551,13614.74
118550,29184.83
118549,28630.6
118548,62035.18
118547,36176.18
118546,21588.19
118545,18211.58
118544,26578.25
118543,43482.46
118542,53160.36
118541,89485.6
118540,51908.83
118539,45473.53
118538,18715.32
118537,33990.12
118536,30872.78
118535,42116.77
118534,62923.78
118533,45064.93
118532,27893.48
118531,26346.56
118530,17062.34
118529,21712.29
118528,36692.54
118527,67732.95
118526,38552.35
118525,28181.47
118524,23761.36
118523,20566.6
118522,40456.71
118521,45449.29
118520,83179.71
118519,62359.17
118518,30062.85
118517,43619.35
118516,45700.58
118515,33848.1
118514,43163.41
118513,81289.63
118512,51730.65
118511,23685.87
118510,24540.06
118509,42458.08
118508,33970.16
118507,47875.55
118506,83033.03
118505,62940.57
118504,28251.51
118503,32088.06
118502,40352.46
118501,35678.12
118500,51469.05
118499,81415.81
118498,22540.22
118497,25544.54
118496,31140.33
118495,27538.77
118494,40541.72
118493,78021.45
118492,55797.08
118491,21655.51
118490,27405.62
118489,37762.06
118488,34412.24
118487,40964.67
118486,75301.75
118485,55678.12
118484,1352.58
118483,23069.66
118482,24621.55
118481,25598.4
118480,36850.02
118479,57841.37
118478,38534.66
118477,27898.51
118476,30672.33
118475,31694.69
118474,48967.46
118473,59262.22
118472,71060.23
118471,59894.31
118470,30142.85
118469,25505.83
118468,35037.84
118467,33767.15
118466,1195.45
118465,66073.47
118464,51364.47
118463,26639.37
118462,27773.22
118461,33682.19
118460,41289.7
118459,45929.51
118458,76838.02
118457,53343.38
118456,25874.38
118455,27476.22
118454,27769.27
118453,28086.19
118452,53700.41
118451,68264.73
118450,64607.5
118449,28805.04
118448,33935.3
118447,40916.8
118446,37447.33
118445,47070.61
118444,56952.42
118443,57783.34
118442,28539.57
118441,32895.35
118440,31261.94
118439,317.61
118438,52777.94
118437,72819.13
118436,55435.47
118435,61982.99
118434,36096.09
118433,39603.21
118432,40796.05
118431,48931.79
118430,61602.38
118429,70957.19
118428,34931.93
118427,47560.11
118426,45061.91
118425,46484.5
118424,53107.56
118423,71039.89
118422,50096.19
118421,33627.1
118420,35829.43
118419,35919.86
118418,43518.12
118417,53333.59
118416,52652.63
118415,44697.92
118414,31997.61
118413,40529.03
118412,36097.61
118411,33171.17
118410,49040.37
118409,43396.8
118408,39045.03
118407,29261.89
118406,27395.49
118405,32878.64
118404,39759.84
118403,33813.44
118402,50132.12
118401,36514.87
118400,23113.12
