2309,33897.51
2308,45200.52
2307,37151.24
2306,12936.71
2305,14876.65
2304,16370.46
2303,15834.39
2302,733.11
2301,37245.2
2300,24346.78
2299,15758.68
2298,13039.72
2297,16609.74
2296,22467.85
2295,24923.91
2294,37626.72
2293,30772.44
2292,24927.81
2291,16027.19
2290,15597.18
2289,15887.54
2288,21064.25
2287,37479.94
2286,25390.73
2285,11124.11
2284,13921.49
2283,14356.43
2282,15331.66
2281,26805.33
2280,36885.57
2279,25190.68
2278,15106.59
2277,17162.33
2276,18295.63
2275,22347.92
2274,27237.9
2273,38034.77
2272,25435.21
2271,17136.86
2270,19677.05
2269,24683.16
2268,38713.13
2267,51318.0
2266,83299.03
2265,42108.27
2264,27635.69
2263,22683.75
2262,27257.99
2261,23659.57
2260,41293.25
2259,58475.41
2258,39422.21
2257,16335.59
2256,12699.74
2255,15817.0
2254,20306.85
2253,26173.33
2252,53735.9
2251,28584.0
2250,24159.87
2249,23042.23
2248,23803.52
2247,36440.91
2246,40737.45
2245,65150.38
2244,46909.38
2243,22034.42
2242,23293.78
2241,37419.9
2240,29656.43
2239,35264.71
2238,61112.82
2237,41553.68
2236,23545.51
2235,24456.81
2234,39249.1
2233,32247.22
2232,44079.16
2231,54363.96
2230,37145.45
2229,21949.47
2228,28984.28
2227,32202.22
2226,32083.59
2225,56121.81
2224,82181.48
2223,-33.98
2222,19940.72
2221,21280.02
2220,15484.34
2219,25470.45
2218,31023.04
2217,48657.83
2216,30632.37
2215,17651.06
2214,17878.87
2213,32914.17
2212,30457.27
2211,41721.61
2210,63128.87
2209,50070.76
2208,908.46
2207,17047.99
2206,21212.7
2205,13608.51
2204,37234.52
2203,45900.4
2202,31636.57
2201,19764.2
2200,17392.95
2199,19057.27
2198,33497.42
2197,42363.61
2196,55180.26
2195,38335.96
2194,22070.7
2193,19147.91
2192,29029.29
2191,29393.91
2190,850.48
2189,67946.93
2188,45328.11
2187,25501.68
2186,26666.04
2185,30108.46
2184,40282.55
2183,50219.5
2182,83354.0
2181,43918.97
2180,19124.4
2179,16952.66
2178,25898.34
2177,26786.27
2176,51308.19
2175,61564.46
2174,45291.66
2173,25801.81
2172,26273.88
2171,33317.6
2170,26544.48
2169,44794.7
2168,63019.73
2167,46782.17
2166,22146.78
2165,23626.86
2164,24965.09
2163,73.3
2162,44179.41
2161,59828.44
2160,42611.06
2159,53108.87
2158,18575.08
2157,28036.22
2156,27251.11
2155,39831.84
2154,54814.88
2153,37728.8
2152,17590.03
2151,33443.61
2150,29644.22
2149,33438.74
2148,41687.72
2147,62522.9
2146,41138.48
2145,26605.51
2144,28167.74
2143,32508.45
2142,36001.22
2141,45974.94
2140,63725.67
2139,45827.64
2138,21320.62
2137,23710.52
2136,23357.59
2135,26423.59
2134,33502.18
2133,42970.52
2132,45224.13
2131,23130.99
2130,16313.14
2129,21499.23
2128,26632.65
2127,33523.78
2126,40480.41
2125,31549.99
2124,23643.84
