48329,34186.34
48328,69284.41
48327,64805.48
48326,17280.49
48325,22271.03
48324,22116.56
48323,25295.76
48322,4149.31
48321,43422.65
48320,35259.01
48319,17809.67
48318,16802.6
48317,18381.97
48316,38240.65
48315,39689.56
48314,63891.93
48313,42890.44
48312,33544.52
48311,26094.95
48310,24894.04
48309,31826.5
48308,26885.69
48307,61596.91
48306,53411.41
48305,16143.56
48304,18232.42
48303,21228.99
48302,17723.18
48301,38441.31
48300,54945.43
48299,49029.88
48298,22209.65
48297,16129.29
48296,27243.29
48295,24940.57
48294,30272.84
48293,55398.92
48292,35983.37
48291,18328.88
48290,17518.66
48289,27233.75
48288,57409.89
48287,56560.71
48286,95445.99
48285,47860.03
48284,52094.41
48283,32088.54
48282,41330.0
48281,27977.98
48280,46303.82
48279,73991.99
48278,65801.89
48277,20895.43
48276,21317.38
48275,20771.04
48274,26934.75
48273,38735.2
48272,66349.49
48271,42657.42
48270,36564.01
48269,20711.15
48268,22117.45
48267,51859.48
48266,70717.08
48265,102400.89
48264,84896.85
48263,42828.08
48262,58206.43
48261,78625.99
48260,38221.05
48259,43141.42
48258,73556.8
48257,70148.88
48256,22971.18
48255,25044.75
48254,55417.04
48253,48910.23
48252,57142.22
48251,105474.83
48250,91561.45
48249,49838.97
48248,50023.48
48247,62799.46
48246,46721.8
48245,73993.23
48244,97391.53
48243,-55.57
48242,30061.58
48241,24731.19
48240,28258.78
48239,27036.16
48238,39623.06
48237,30750.42
48236,54034.92
48235,19838.47
48234,20258.71
48233,38305.53
48232,39685.77
48231,40661.75
48230,80986.99
48229,66400.52
48228,2228.9
48227,22133.79
48226,25365.69
48225,28205.14
48224,36522.37
48223,58515.02
48222,59491.28
48221,36043.67
48220,25278.52
48219,27566.14
48218,61628.74
48217,63509.84
48216,81220.54
48215,73452.16
48214,43786.77
48213,48779.71
48212,42367.39
48211,43492.45
48210,1669.34
48209,94604.73
48208,57755.77
48207,30223.73
48206,32232.44
48205,36788.32
48204,50937.86
48203,58367.82
48202,93215.24
48201,56811.65
48200,27162.58
48199,26180.36
48198,34354.4
48197,32920.85
48196,64024.18
48195,96373.99
48194,78648.87
48193,40615.33
48192,49998.58
48191,50821.57
48190,45131.37
48189,53670.46
48188,83858.21
48187,89583.2
48186,37424.86
48185,39093.79
48184,40277.51
48183,816.83
48182,67633.96
48181,81265.0
48180,63168.61
48179,79426.44
48178,36138.48
48177,40751.1
48176,48534.73
48175,56286.25
48174,70610.19
48173,56311.83
48172,29351.98
48171,62840.79
48170,58016.92
48169,52827.47
48168,66011.88
48167,87505.44
48166,73124.1
48165,51031.58
48164,56204.87
48163,61466.09
48162,62784.65
48161,73912.33
48160,84579.75
48159,67460.08
48158,33654.22
48157,35089.75
48156,30740.18
48155,41649.98
48154,49996.42
48153,53907.81
48152,71388.0
48151,33918.51
48150,29103.58
48149,28180.84
48148,40120.75
48147,39253.08
48146,49560.5
48145,39250.13
48144,31256.72
