118008,17725.12
118007,28014.39
118006,30930.79
118005,12437.88
118004,10067.65
118003,14331.12
118002,16208.7
118001,645.94
118000,24188.37
117999,28209.04
117998,10057.85
117997,8642.97
117996,10398.54
117995,16332.23
117994,18448.35
117993,24688.57
117992,24628.92
117991,25711.25
117990,10808.01
117989,16322.11
117988,16541.17
117987,14787.62
117986,30668.97
117985,25387.61
117984,11424.13
117983,10072.02
117982,10713.51
117981,12223.0
117980,21362.25
117979,27554.71
117978,21820.98
117977,17024.03
117976,16013.26
117975,20333.7
117974,20543.29
117973,24620.22
117972,36437.63
117971,20860.25
117970,19994.68
117969,16132.22
117968,23194.43
117967,37074.15
117966,46497.17
117965,63101.39
117964,42390.67
117963,33404.01
117962,20123.86
117961,23758.23
117960,17599.45
117959,27275.66
117958,39889.42
117957,33212.47
117956,18027.8
117955,17966.4
117954,16313.74
117953,12371.51
117952,19801.04
117951,36195.76
117950,29819.74
117949,23274.82
117948,17061.55
117947,14774.53
117946,34241.82
117945,32334.8
117944,46307.29
117943,41557.25
117942,25825.97
117941,26792.74
117940,39851.57
117939,21604.7
117938,21756.12
117937,43850.78
117936,37373.69
117935,16280.04
117934,17050.41
117933,33547.24
117932,27861.53
117931,26530.06
117930,49127.77
117929,42993.57
117928,22281.09
117927,26485.95
117926,36034.71
117925,27288.4
117924,40314.14
117923,58963.54
117922,17360.38
117921,14636.42
117920,16689.39
117919,26550.08
117918,24169.98
117917,35007.55
117916,33258.07
117915,730.3
117914,18030.31
117913,30703.08
117912,25860.94
117911,32159.45
117910,44271.57
117909,45167.73
117908,15164.74
117907,17080.85
117906,13862.38
117905,19406.54
117904,22181.65
117903,33357.22
117902,28810.86
117901,17074.18
117900,17384.37
117899,16819.55
117898,28567.63
117897,32332.49
117896,45365.44
117895,35393.22
117894,18992.78
117893,19050.61
117892,19404.32
117891,22867.64
117890,838.9
117889,53986.42
117888,34396.12
117887,16699.52
117886,20457.32
117885,24073.51
117884,33439.66
117883,44846.09
117882,69354.04
117881,46291.25
117880,18005.36
117879,19411.02
117878,17304.28
117877,17927.91
117876,39673.05
117875,52983.6
117874,44572.17
117873,22764.16
117872,27265.92
117871,27513.96
117870,29549.39
117869,32970.95
117868,46731.44
117867,45532.22
117866,16931.37
117865,17628.59
117864,19490.9
117863,46.81
117862,31843.54
117861,42691.12
117860,36456.65
117859,37461.13
117858,20500.81
117857,22344.99
117856,28059.55
117855,29828.01
117854,39343.78
117853,38028.09
117852,20252.05
117851,34607.52
117850,31412.07
117849,26245.98
117848,30193.17
117847,43775.68
117846,37542.59
117845,20508.38
117844,25440.16
117843,22434.24
117842,26569.32
117841,35613.66
117840,51637.4
117839,44029.81
117838,15764.21
117837,16366.0
117836,18062.05
117835,24426.66
117834,27184.34
117833,29044.69
117832,18401.31
117831,24734.56
117830,10301.07
117829,15053.14
117828,20713.71
117827,24204.1
117826,35696.06
117825,31051.71
117824,21313.55
