178937,17857.48
178936,29280.84
178935,25846.19
178934,11292.08
178933,9135.12
178932,8223.34
178931,10563.32
178930,754.09
178929,22290.72
178928,16949.55
178927,8869.5
178926,8325.1
178925,8415.62
178924,12487.51
178923,14809.15
178922,21312.41
178921,21123.5
178920,21968.62
178919,9722.5
178918,14118.25
178917,11225.63
178916,11695.94
178915,28657.01
178914,20709.8
178913,7581.74
178912,7867.2
178911,7639.64
178910,9542.13
178909,18079.23
178908,26570.81
178907,18325.76
178906,8745.3
178905,12252.16
178904,9095.11
178903,11177.08
178902,14779.58
178901,24462.48
178900,14722.79
178899,9219.22
178898,10465.5
178897,14309.5
178896,20639.2
178895,27656.2
178894,48321.66
178893,30198.37
178892,19697.71
178891,13787.05
178890,17603.85
178889,14178.35
178888,20495.07
178887,31456.72
178886,22974.93
178885,10738.29
178884,11891.09
178883,11425.63
178882,11248.73
178881,13653.61
178880,29946.23
178879,17059.46
178878,17911.63
178877,10434.06
178876,11458.24
178875,28452.0
178874,26746.66
178873,42857.0
178872,34138.68
178871,19230.35
178870,21116.99
178869,26566.43
178868,17997.74
178867,20768.33
178866,31836.74
178865,27983.98
178864,10696.35
178863,14414.16
178862,22838.81
178861,18653.28
178860,27675.91
178859,40134.3
178858,33098.58
178857,17910.47
178856,19032.8
178855,25074.98
178854,19732.71
178853,27702.56
178852,41088.77
178851,10659.04
178850,7489.27
178849,13256.74
178848,14915.67
178847,18036.67
178846,28006.79
178845,21336.47
178844,9715.25
178843,10797.27
178842,19699.86
178841,17800.17
178840,27793.72
178839,31531.2
178838,28346.26
178837,819.27
178836,9383.44
178835,10683.02
178834,16199.83
178833,13159.33
178832,27593.57
178831,21687.63
178830,11117.41
178829,13395.87
178828,11249.99
178827,21522.66
178826,20640.23
178825,36269.27
178824,25319.71
178823,15486.35
178822,13923.28
178821,14413.75
178820,20694.62
178819,1413.81
178818,39669.23
178817,21587.86
178816,14586.6
178815,16507.28
178814,14502.25
178813,27916.24
178812,30810.59
178811,44695.73
178810,27284.9
178809,11115.99
178808,12862.42
178807,15215.68
178806,13795.23
178805,31480.08
178804,39430.11
178803,31536.15
178802,14549.12
178801,14446.45
178800,20218.4
178799,15751.25
178798,22061.14
178797,36413.13
178796,33689.48
178795,14691.73
178794,15673.39
178793,14140.98
178792,250.21
178791,22905.56
178790,32194.73
178789,27682.81
178788,27777.84
178787,12280.95
178786,12523.81
178785,14743.73
178784,21831.07
178783,29162.52
178782,23839.24
178781,13010.69
178780,20129.94
178779,20850.81
178778,16727.58
178777,22559.98
178776,33771.97
178775,27961.88
178774,15148.65
178773,21182.51
178772,17559.15
178771,18974.49
178770,29160.77
178769,32410.81
178768,29598.51
178767,9713.99
178766,13002.28
178765,10584.22
178764,13069.57
178763,18837.21
178762,24714.43
178761,27913.01
178760,8910.37
178759,11072.91
178758,14425.5
178757,13355.29
178756,20054.18
178755,23443.4
178754,19334.4
178753,14653.9
