95214,29532.18
95213,69833.18
95212,38214.49
95211,14076.71
95210,12973.14
95209,13622.88
95208,17208.43
95207,1078.36
95206,37915.22
95205,15677.43
95204,10636.53
95203,11006.03
95202,11930.38
95201,31739.96
95200,36956.98
95199,57067.84
95198,30060.08
95197,30999.95
95196,18963.22
95195,17495.06
95194,22252.86
95193,23831.92
95192,53971.38
95191,33688.84
95190,13755.35
95189,13272.62
95188,14843.92
95187,21165.17
95186,36016.17
95185,57502.27
95184,28061.36
95183,19230.34
95182,18364.11
95181,21343.14
95180,25344.16
95179,32151.08
95178,58618.17
95177,30261.34
95176,12179.22
95175,15068.96
95174,21427.37
95173,56585.34
95172,68989.07
95171,102663.06
95170,55266.47
95169,50045.43
95168,35489.0
95167,37547.25
95166,29573.11
95165,46670.83
95164,78526.02
95163,50211.4
95162,19657.12
95161,17883.84
95160,17936.55
95159,19104.06
95158,39892.68
95157,75495.42
95156,35037.4
95155,31807.38
95154,18413.29
95153,18620.5
95152,46909.52
95151,71297.52
95150,108045.35
95149,69639.94
95148,46132.16
95147,50553.5
95146,73602.33
95145,32424.61
95144,53714.36
95143,73637.99
95142,51621.99
95141,21416.17
95140,22417.16
95139,39086.15
95138,41706.95
95137,62208.61
95136,98392.71
95135,65987.78
95134,41355.96
95133,51883.1
95132,61282.41
95131,52910.3
95130,90112.97
95129,90875.15
95128,23333.25
95127,22465.81
95126,25831.84
95125,26955.29
95124,46540.14
95123,59204.86
95122,38505.79
95121,1228.33
95120,19972.0
95119,36269.0
95118,37989.59
95117,63947.81
95116,90380.75
95115,51687.36
95114,18344.59
95113,19848.8
95112,24878.14
95111,27826.2
95110,40046.87
95109,55216.29
95108,43130.6
95107,27424.91
95106,27446.99
95105,25630.9
95104,70965.41
95103,80998.28
95102,106447.25
95101,58922.19
95100,37070.49
95099,43787.87
95098,45955.42
95097,45294.63
95096,1275.44
95095,99552.98
95094,53700.43
95093,29371.05
95092,28258.73
95091,34899.17
95090,49974.64
95089,56809.82
95088,87067.15
95087,41248.07
95086,17780.72
95085,22384.69
95084,26909.33
95083,24049.0
95082,70327.9
95081,86618.67
95080,58398.11
95079,36600.86
95078,41030.99
95077,43291.87
95076,39862.39
95075,55971.15
95074,85596.91
95073,53518.16
95072,27290.16
95071,27477.06
95070,33007.69
95069,881.0
95068,73582.59
95067,78993.89
95066,51655.75
95065,57363.01
95064,32641.89
95063,33877.78
95062,40441.81
95061,51019.59
95060,63090.47
95059,44930.78
95058,27719.74
95057,64859.37
95056,58669.43
95055,49664.52
95054,68964.68
95053,80214.64
95052,54755.04
95051,40695.57
95050,42855.96
95049,51101.08
95048,47815.93
95047,64165.12
95046,67526.57
95045,39479.35
95044,15606.3
95043,29062.41
95042,25160.92
95041,33217.94
95040,55052.68
95039,47558.29
95038,45087.7
95037,25879.63
95036,19744.31
95035,29951.55
95034,36185.16
95033,40521.1
95032,41844.85
95031,27778.11
95030,27803.49
