14373,45939.02
14372,73634.57
14371,50063.7
14370,19574.86
14369,19915.97
14368,21619.49
14367,17553.96
14366,1876.89
14365,41170.25
14364,20725.66
14363,16392.12
14362,17700.17
14361,21261.52
14360,31995.13
14359,34561.61
14358,60131.23
14357,36263.51
14356,44556.95
14355,22677.21
14354,20474.69
14353,27284.15
14352,31865.95
14351,66809.37
14350,40465.74
14349,16658.67
14348,20993.79
14347,21577.23
14346,19255.42
14345,36395.57
14344,63399.15
14343,37383.23
14342,22293.69
14341,19211.78
14340,17130.79
14339,25324.18
14338,36401.62
14337,59814.6
14336,27362.58
14335,15561.81
14334,15357.44
14333,24235.37
14332,52563.55
14331,76062.82
14330,121943.92
14329,35303.65
14328,58903.96
14327,33887.15
14326,39695.13
14325,30310.19
14324,49026.67
14323,85569.15
14322,50924.51
14321,23432.25
14320,23503.93
14319,7277.8
14318,19989.8
14317,37660.95
14316,73800.71
14315,41996.12
14314,32546.56
14313,17882.6
14312,24201.03
14311,39561.57
14310,65748.44
14309,111726.97
14308,73267.08
14307,38375.75
14306,50366.77
14305,63979.89
14304,36903.63
14303,50871.1
14302,94017.58
14301,56625.18
14300,27309.18
14299,31661.52
14298,50529.23
14297,45476.76
14296,64374.2
14295,97468.16
14294,60128.8
14293,48549.09
14292,40537.27
14291,55155.52
14290,45655.33
14289,71265.77
14288,83018.29
14287,28022.27
14286,24054.72
14285,21872.05
14284,27297.78
14283,38168.83
14282,66563.82
14281,40421.05
14280,812.42
14279,25066.01
14278,32617.68
14277,36413.19
14276,50406.79
14275,102378.23
14274,53978.87
14273,22047.9
14272,1711.9
14271,961.4
14270,204.75
14269,39968.69
14268,62632.95
14267,56143.48
14266,918.57
14265,29754.55
14264,32436.12
14263,58322.18
14262,77072.24
14261,97077.6
14260,64582.81
14259,43981.99
14258,37697.3
14257,40271.14
14256,44303.99
14255,64171.41
14254,103455.64
14253,50813.14
14252,28621.51
14251,35315.25
14250,37605.97
14249,42930.77
14248,52897.5
14247,89002.45
14246,51405.45
14245,33074.21
14244,26761.12
14243,29143.75
14242,34585.79
14241,75672.86
14240,88970.44
14239,60762.37
14238,39131.38
14237,44878.39
14236,40022.36
14235,44544.34
14234,57535.86
14233,72733.4
14232,59111.39
14231,32545.11
14230,31853.51
14229,35649.3
14228,51585.15
14227,65025.56
14226,74901.6
14225,53963.21
14224,57663.5
14223,34556.11
14222,39980.11
14221,41969.44
14220,51165.11
14219,63552.61
14218,44155.29
14217,28852.25
14216,50470.85
14215,55541.99
14214,49839.41
14213,66296.51
14212,86863.77
14211,64714.69
14210,45025.81
14209,47009.07
14208,50596.95
14207,54896.86
14206,65941.62
14205,71105.93
14204,51934.07
14203,26428.26
14202,28346.53
14201,29299.72
14200,38063.88
14199,46786.16
14198,47144.75
14197,50656.41
14196,23172.47
14195,23318.04
14194,26867.76
14193,32925.2
14192,39980.39
14191,52447.52
14190,40706.5
14189,25669.89
