186953,19246.0
186952,28747.26
186951,23092.13
186950,10401.46
186949,10096.32
186948,14594.95
186947,10821.05
186946,973.55
186945,21908.52
186944,17859.33
186943,11314.88
186942,11238.33
186941,13044.85
186940,19695.45
186939,17491.63
186938,24922.28
186937,19550.71
186936,23014.67
186935,16510.66
186934,15705.87
186933,15337.04
186932,15181.28
186931,32824.77
186930,25358.17
186929,13359.38
186928,12287.63
186927,12121.36
186926,11433.9
186925,20124.46
186924,27514.84
186923,19088.72
186922,14415.16
186921,12183.78
186920,12467.47
186919,14625.85
186918,23701.52
186917,27173.89
186916,22580.89
186915,12764.34
186914,15283.23
186913,23275.5
186912,32984.33
186911,38574.69
186910,49069.93
186909,31285.62
186908,28011.99
186907,19980.01
186906,19108.07
186905,17030.83
186904,26839.99
186903,33958.29
186902,20762.02
186901,12713.36
186900,14811.66
186899,12444.1
186898,17240.59
186897,24908.6
186896,31901.87
186895,21143.31
186894,20333.18
186893,15883.24
186892,15602.13
186891,30454.96
186890,33019.91
186889,39187.22
186888,35303.32
186887,22866.07
186886,25456.52
186885,32153.45
186884,19904.67
186883,25860.6
186882,34589.34
186881,30193.82
186880,14187.86
186879,17759.41
186878,29240.36
186877,23318.46
186876,26938.04
186875,41486.75
186874,32889.65
186873,23678.98
186872,23314.47
186871,27373.14
186870,23399.57
186869,30975.94
186868,42384.85
186867,16184.99
186866,13816.62
186865,14359.38
186864,18819.16
186863,19818.16
186862,30317.75
186861,26303.58
186860,8384.59
186859,18100.04
186858,33274.99
186857,24626.91
186856,32509.25
186855,39589.58
186854,33139.72
186853,904.75
186852,11888.7
186851,9822.0
186850,15170.44
186849,18863.06
186848,26951.86
186847,18835.22
186846,8529.43
186845,10542.07
186844,10358.56
186843,27928.42
186842,24041.89
186841,29593.79
186840,22109.72
186839,17066.34
186838,17911.65
186837,18517.67
186836,18963.65
186835,1914.5
186834,32544.6
186833,26699.94
186832,17378.35
186831,13825.7
186830,12697.11
186829,25518.95
186828,31485.82
186827,43968.26
186826,26377.53
186825,11161.0
186824,11455.61
186823,10119.69
186822,15497.02
186821,26267.62
186820,31720.28
186819,25310.88
186818,15221.57
186817,14699.11
186816,19238.37
186815,15352.11
186814,22010.14
186813,30482.83
186812,26948.69
186811,13534.67
186810,11370.3
186809,12677.28
186808,226.74
186807,22439.98
186806,27823.32
186805,21830.25
186804,25814.13
186803,10081.83
186802,12993.86
186801,14664.7
186800,20599.78
186799,26746.76
186798,21545.01
186797,10372.31
186796,20422.16
186795,19174.56
186794,17077.35
186793,21746.87
186792,30670.61
186791,19455.71
186790,17100.57
186789,13995.19
186788,14331.57
186787,17093.28
186786,24150.12
186785,27852.85
186784,22326.02
186783,11322.58
186782,12976.29
186781,11512.69
186780,14854.39
186779,23469.78
186778,20758.39
186777,21832.48
186776,11243.7
186775,10061.7
186774,12583.1
186773,12908.81
186772,17053.96
186771,24691.44
186770,17995.35
186769,13649.64
