159200,21525.76
159199,30039.63
159198,14692.32
159197,8357.73
159196,8887.49
159195,11210.17
159194,10727.65
159193,478.37
159192,21843.71
159191,8713.7
159190,8209.23
159189,8486.32
159188,8099.04
159187,11738.45
159186,16354.33
159185,22388.29
159184,9713.1
159183,18366.1
159182,11819.07
159181,9526.86
159180,14021.14
159179,12909.12
159178,22230.92
159177,9936.91
159176,8342.28
159175,9629.52
159174,7189.62
159173,8364.39
159172,12078.83
159171,23621.51
159170,12359.24
159169,11506.43
159168,12700.34
159167,11070.07
159166,12651.46
159165,17136.85
159164,26181.27
159163,8861.94
159162,10224.77
159161,10770.81
159160,14394.8
159159,26804.05
159158,31622.48
159157,51042.26
159156,16823.0
159155,30968.92
159154,12136.1
159153,14888.96
159152,11707.74
159151,23969.84
159150,40845.97
159149,16916.54
159148,12610.71
159147,11538.95
159146,12228.54
159145,14115.79
159144,22095.29
159143,39528.45
159142,14287.58
159141,15562.74
159140,11929.52
159139,12647.65
159138,23540.53
159137,34334.86
159136,45746.69
159135,21009.05
159134,23368.25
159133,21441.49
159132,26455.2
159131,19029.21
159130,26578.72
159129,43799.14
159128,23505.31
159127,11797.42
159126,9966.47
159125,20670.61
159124,21011.67
159123,33675.0
159122,46476.41
159121,17116.8
159120,19836.78
159119,21629.91
159118,27148.51
159117,20722.21
159116,32710.74
159115,46884.31
159114,12637.21
159113,10047.05
159112,14012.57
159111,14587.55
159110,20167.61
159109,23596.14
159108,14688.37
159107,741.03
159106,19227.44
159105,25414.11
159104,24291.61
159103,31362.66
159102,46732.63
159101,24189.21
159100,9896.3
159099,13347.23
159098,15035.99
159097,11418.13
159096,18393.09
159095,33715.58
159094,15759.3
159093,10219.61
159092,9314.82
159091,13983.52
159090,24754.39
159089,27100.31
159088,46796.56
159087,20609.27
159086,18476.59
159085,16343.55
159084,18628.17
159083,17493.71
159082,231.46
159081,38661.72
159080,15498.7
159079,16296.68
159078,16649.45
159077,18749.52
159076,23930.63
159075,30764.64
159074,49649.99
159073,19165.69
159072,12380.83
159071,11148.26
159070,13030.58
159069,12534.22
159068,31060.35
159067,32754.53
159066,17494.6
159065,19259.61
159064,17966.8
159063,17256.52
159062,18010.92
159061,25723.15
159060,41683.78
159059,22144.22
159058,13487.02
159057,13346.64
159056,12743.43
159055,199.31
159054,25578.83
159053,32668.85
159052,14308.2
159051,31205.52
159050,18282.81
159049,16093.61
159048,16743.99
159047,26506.32
159046,30424.73
159045,17812.9
159044,17232.64
159043,24921.62
159042,22648.82
159041,22695.46
159040,33434.99
159039,43476.66
159038,20730.56
159037,22180.27
159036,20495.95
159035,24067.96
159034,24535.58
159033,28728.63
159032,38004.45
159031,21538.09
159030,18441.37
159029,15753.04
159028,16763.63
159027,18541.65
159026,30543.79
159025,24068.24
159024,18677.33
159023,17028.58
159022,8180.69
159021,17170.07
159020,16891.65
159019,25017.98
159018,30053.85
159017,19054.22
159016,17790.52
