13028,19015.37
13027,26952.61
13026,15233.76
13025,6903.52
13024,5902.63
13023,7832.7
13022,11512.52
13021,471.32
13020,16586.8
13019,7783.89
13018,6083.42
13017,6825.85
13016,6695.75
13015,12380.6
13014,16282.44
13013,16856.84
13012,15024.11
13011,15512.91
13010,10322.18
13009,9556.88
13008,10529.89
13007,11751.43
13006,20443.2
13005,12656.63
13004,7754.23
13003,6283.92
13002,6300.7
13001,8984.34
13000,15306.91
12999,24262.44
12998,13006.35
12997,8527.7
12996,11462.83
12995,13552.86
12994,12096.89
12993,14029.62
12992,23934.58
12991,9848.72
12990,7348.24
12989,9121.35
12988,12765.96
12987,22846.96
12986,30050.38
12985,45729.57
12984,22361.92
12983,21556.16
12982,14638.63
12981,15628.15
12980,12280.6
12979,21617.89
12978,29776.38
12977,17891.11
12976,11238.58
12975,6250.13
12974,10570.56
12973,10833.75
12972,17178.83
12971,29371.37
12970,13754.58
12969,15267.64
12968,9419.32
12967,12746.98
12966,21604.74
12965,26116.1
12964,38458.95
12963,24090.18
12962,17049.52
12961,17747.94
12960,21518.59
12959,15225.28
12958,19101.28
12957,32036.43
12956,19659.31
12955,11426.71
12954,15585.99
12953,25341.49
12952,21184.23
12951,23924.58
12950,38098.99
12949,18993.57
12948,19062.99
12947,16837.48
12946,21232.89
12945,17338.4
12944,30641.41
12943,42635.21
12942,9929.03
12941,9331.94
12940,11614.24
12939,15372.94
12938,16329.63
12937,28923.35
12936,15633.98
12935,594.6
12934,8907.88
12933,20615.61
12932,21159.1
12931,24298.19
12930,35657.29
12929,21846.87
12928,10715.02
12927,926.62
12926,502.58
12925,119.01
12924,20168.98
12923,24724.27
12922,13416.11
12921,1174.39
12920,10749.66
12919,10943.8
12918,18868.65
12917,23286.31
12916,31800.12
12915,18752.82
12914,17127.28
12913,9069.61
12912,16014.96
12911,18815.65
12910,21926.69
12909,34112.45
12908,19028.04
12907,11327.16
12906,16583.99
12905,15559.41
12904,22356.98
12903,27957.02
12902,41585.88
12901,21937.27
12900,11515.13
12899,15829.5
12898,13358.82
12897,13972.64
12896,32780.28
12895,35704.76
12894,20694.37
12893,17017.11
12892,15071.18
12891,17371.13
12890,15555.38
12889,27272.43
12888,29154.22
12887,23385.76
12886,10920.15
12885,14608.4
12884,12597.27
12883,18938.42
12882,27411.91
12881,27598.12
12880,21873.28
12879,26618.83
12878,12021.61
12877,10874.84
12876,17383.13
12875,18907.04
12874,23622.23
12873,16856.83
12872,13073.25
12871,23824.26
12870,19783.59
12869,17567.94
12868,24391.35
12867,28596.16
12866,21872.76
12865,14993.36
12864,17204.28
12863,16865.9
12862,21882.72
12861,32180.14
12860,31929.38
12859,20788.78
12858,11633.16
12857,10579.42
12856,12211.89
12855,13836.84
12854,18142.57
12853,21563.98
12852,18843.15
12851,11518.85
12850,9860.37
12849,12624.86
12848,17211.76
12847,19536.24
12846,22859.5
12845,12745.33
12844,13168.67
