120313,21738.35
120312,40573.41
120311,40154.48
120310,9871.28
120309,12872.93
120308,12913.81
120307,13318.57
120306,789.96
120305,28921.97
120304,20609.24
120303,8453.78
120302,11679.54
120301,12407.55
120300,18432.04
120299,18918.93
120298,39115.63
120297,27409.75
120296,33267.81
120295,18659.9
120294,15803.67
120293,18986.82
120292,898.14
120291,713.64
120290,21495.29
120289,14587.71
120288,13555.57
120287,10949.01
120286,15963.95
120285,17392.15
120284,49586.2
120283,27422.26
120282,16255.91
120281,14156.77
120280,15102.05
120279,22245.84
120278,20572.56
120277,43922.91
120276,25271.1
120275,12742.46
120274,13093.27
120273,17191.21
120272,31676.39
120271,32254.54
120270,79893.91
120269,47872.1
120268,9416.45
120267,17804.24
120266,24574.09
120265,14274.4
120264,25278.23
120263,48611.31
120262,39728.08
120261,12443.01
120260,13749.63
120259,8603.95
120258,10897.49
120257,21978.66
120256,49779.91
120255,26083.05
120254,23213.87
120253,17840.98
120252,11375.43
120251,26176.79
120250,36689.0
120249,69644.48
120248,55515.43
120247,25305.89
120246,30914.79
120245,49624.66
120244,27709.9
120243,33465.01
120242,71828.18
120241,58163.4
120240,18199.87
120239,25755.97
120238,35716.38
120237,31774.42
120236,40805.4
120235,71194.26
120234,50282.42
120233,30320.64
120232,29516.26
120231,34763.18
120230,28079.07
120229,50979.61
120228,65212.11
120227,-38.68
120226,19792.92
120225,14449.35
120224,16177.21
120223,23009.31
120222,28519.5
120221,45584.86
120220,34752.4
120219,14213.77
120218,12822.21
120217,25399.5
120216,16814.26
120215,27445.86
120214,50880.01
120213,48943.81
120212,781.62
120211,13098.47
120210,17611.92
120209,19620.52
120208,22398.75
120207,38294.57
120206,34305.54
120205,15892.15
120204,17922.73
120203,20102.24
120202,31594.59
120201,36544.54
120200,58327.05
120199,43783.44
120198,23653.73
120197,24780.21
120196,28423.38
120195,24840.42
120194,938.13
120193,66657.93
120192,42237.92
120191,12097.94
120190,22977.94
120189,19573.97
120188,33243.01
120187,41941.31
120186,63848.26
120185,48037.43
120184,17471.35
120183,18945.63
120182,20822.51
120181,20891.1
120180,44605.06
120179,57181.8
120178,48985.35
120177,24962.73
120176,24410.78
120175,28667.92
120174,22764.16
120173,32753.26
120172,66321.89
120171,53832.26
120170,16370.36
120169,16371.44
120168,17424.71
120167,331.95
120166,36923.49
120165,50643.64
120164,42417.04
120163,59874.63
120162,19005.61
120161,18106.11
120160,25514.44
120159,27428.1
120158,47438.22
120157,44775.5
120156,20981.45
120155,33149.1
120154,33964.55
120153,28378.43
120152,36443.4
120151,58677.36
120150,49597.44
120149,31352.87
120148,28491.58
120147,26117.25
120146,31339.02
120145,36496.93
120144,55826.8
120143,39193.59
120142,14645.61
120141,14649.1
120140,18035.0
120139,20953.2
120138,33023.3
120137,37168.83
120136,44609.11
120135,16698.66
120134,16903.46
120133,17406.13
120132,19947.13
120131,25954.25
120130,35113.64
120129,31531.47
120128,26298.23
