165726,24405.23
165725,38204.07
165724,36729.27
165723,16994.2
165722,16741.03
165721,14886.27
165720,17088.99
165719,720.09
165718,20918.1
165717,25175.8
165716,12914.55
165715,14058.42
165714,15081.77
165713,26853.36
165712,23133.18
165711,33327.64
165710,29493.69
165709,28342.91
165708,23460.42
165707,19171.71
165706,20697.96
165705,22702.31
165704,35436.58
165703,32470.07
165702,14119.37
165701,14018.48
165700,13978.17
165699,13645.71
165698,30996.34
165697,34217.36
165696,23628.01
165695,19440.46
165694,15664.54
165693,18539.26
165692,16850.9
165691,26063.52
165690,33520.91
165689,26779.58
165688,18878.29
165687,19931.27
165686,24445.06
165685,41909.28
165684,49121.77
165683,64654.08
165682,39519.21
165681,34336.07
165680,23121.41
165679,30352.96
165678,21508.33
165677,33309.59
165676,44928.37
165675,31608.16
165674,19342.96
165673,19035.73
165672,18790.45
165671,19599.54
165670,28740.59
165669,32954.4
165668,24264.02
165667,24630.69
165666,17809.32
165665,19389.59
165664,39050.17
165663,43161.03
165662,52486.53
165661,50154.11
165660,32014.78
165659,34119.66
165658,43168.79
165657,25627.28
165656,30707.48
165655,41567.38
165654,38296.25
165653,18101.49
165652,20512.49
165651,31171.68
165650,33698.71
165649,39226.53
165648,55650.05
165647,45133.36
165646,31982.76
165645,31109.34
165644,35763.45
165643,31531.75
165642,41007.81
165641,56358.82
165640,21285.75
165639,17800.79
165638,23760.72
165637,22502.79
165636,26089.77
165635,31955.33
165634,30315.51
165633,18245.71
165632,21491.47
165631,37069.65
165630,31648.5
165629,34509.05
165628,45129.95
165627,42674.21
165626,879.18
165625,19003.71
165624,20333.23
165623,22599.54
165622,27493.07
165621,35161.3
165620,28882.31
165619,17711.88
165618,18939.3
165617,20059.61
165616,38136.8
165615,32692.28
165614,47994.66
165613,32760.46
165612,24115.22
165611,24139.0
165610,25428.01
165609,25957.31
165608,1471.7
165607,48344.21
165606,32807.48
165605,23137.16
165604,24416.3
165603,24927.92
165602,35233.2
165601,41596.07
165600,59417.17
165599,37796.17
165598,15799.85
165597,16498.24
165596,20733.53
165595,19752.58
165594,40983.8
165593,45804.41
165592,43574.64
165591,28314.66
165590,23019.89
165589,27469.28
165588,25316.28
165587,30666.28
165586,45415.15
165585,37770.58
165584,17810.96
165583,18016.65
165582,18263.61
165581,184.45
165580,34177.47
165579,38434.25
165578,40652.45
165577,43176.81
165576,17614.25
165575,19997.52
165574,25968.42
165573,29887.8
165572,37003.78
165571,29772.43
165570,11214.24
165569,31330.03
165568,28343.72
165567,23645.9
165566,30056.54
165565,45085.71
165564,42326.5
165563,23849.75
165562,24776.23
165561,22183.84
165560,29277.57
165559,34314.56
165558,46795.56
165557,32638.38
165556,14532.95
165555,13709.53
165554,19526.44
165553,24175.45
165552,28525.72
165551,28904.47
165550,34588.84
165549,18002.41
165548,13147.21
165547,17676.78
165546,22874.52
165545,27877.33
165544,30904.23
165543,22401.96
165542,18431.29
