56975,18077.31
56974,26165.77
56973,31585.43
56972,9384.09
56971,8485.68
56970,6046.63
56969,9726.71
56968,762.24
56967,17615.82
56966,16184.01
56965,8056.92
56964,8653.48
56963,7641.38
56962,14180.14
56961,15031.08
56960,22475.91
56959,18344.75
56958,18206.09
56957,8339.87
56956,10806.91
56955,11137.34
56954,13738.23
56953,25377.39
56952,19011.54
56951,9123.19
56950,8810.77
56949,8752.78
56948,7448.55
56947,14829.15
56946,28693.04
56945,20157.21
56944,9606.74
56943,10689.8
56942,12257.71
56941,13038.04
56940,13134.8
56939,26296.21
56938,17394.03
56937,9834.66
56936,9354.8
56935,11777.34
56934,20507.78
56933,25903.68
56932,49246.11
56931,27393.26
56930,18182.54
56929,11026.59
56928,14763.79
56927,10746.09
56926,18892.7
56925,36739.62
56924,24578.71
56923,11689.47
56922,8736.61
56921,10281.66
56920,10382.11
56919,14965.73
56918,31749.52
56917,21818.53
56916,15845.87
56915,11904.17
56914,10921.36
56913,20892.32
56912,22227.17
56911,39431.32
56910,31167.62
56909,16789.24
56908,15161.53
56907,24665.4
56906,15958.52
56905,20787.96
56904,32176.92
56903,28841.12
56902,12040.54
56901,12254.69
56900,22892.81
56899,16994.6
56898,20923.97
56897,38428.87
56896,26979.33
56895,13484.84
56894,16084.06
56893,23725.37
56892,19079.11
56891,31443.52
56890,53069.39
56889,9024.05
56888,11608.29
56887,9231.4
56886,15320.17
56885,14725.0
56884,23750.01
56883,24325.6
56882,545.42
56881,12820.03
56880,21040.76
56879,21931.64
56878,22387.47
56877,38156.87
56876,34500.79
56875,12730.7
56874,1048.12
56873,573.84
56872,204.55
56871,17336.52
56870,26511.43
56869,19865.19
56868,484.15
56867,11291.14
56866,13764.27
56865,21722.78
56864,25543.08
56863,36911.58
56862,29709.49
56861,14382.14
56860,13236.39
56859,17733.89
56858,18626.98
56857,23652.2
56856,48964.03
56855,29120.19
56854,12936.43
56853,13577.07
56852,17337.2
56851,24873.14
56850,29889.42
56849,53272.37
56848,34406.9
56847,15203.25
56846,16912.66
56845,13488.9
56844,15292.97
56843,26912.53
56842,44549.31
56841,29679.46
56840,15878.19
56839,18061.56
56838,19757.07
56837,18547.5
56836,25745.89
56835,39343.21
56834,33713.08
56833,13364.65
56832,15176.63
56831,16944.16
56830,20437.05
56829,23357.92
56828,38443.11
56827,30785.5
56826,34875.1
56825,9107.16
56824,15353.2
56823,13499.68
56822,22872.86
56821,33369.43
56820,29646.86
56819,11255.83
56818,22884.47
56817,20747.51
56816,21435.73
56815,24980.19
56814,39762.42
56813,25006.95
56812,13402.4
56811,20912.24
56810,16994.41
56809,27011.37
56808,29240.5
56807,42003.63
56806,30316.85
56805,12613.77
56804,14616.57
56803,13392.42
56802,17362.2
56801,22366.3
56800,26872.05
56799,32466.71
56798,11367.0
56797,11849.49
56796,13856.3
56795,16132.8
56794,22293.45
56793,27503.76
56792,18953.25
56791,19015.1
