166110,19158.54
166109,36019.78
166108,32738.3
166107,10320.01
166106,9406.96
166105,13045.25
166104,10650.5
166103,924.71
166102,21372.12
166101,18343.94
166100,9858.73
166099,10629.67
166098,8124.82
166097,17320.13
166096,23387.74
166095,34071.47
166094,26918.53
166093,25013.43
166092,12974.86
166091,19023.44
166090,22235.1
166089,22835.6
166088,187.81
166087,11010.74
166086,8995.95
166085,9918.9
166084,13019.39
166083,13009.54
166082,18847.18
166081,33898.67
166080,26305.24
166079,12410.3
166078,13125.68
166077,10980.68
166076,13628.56
166075,14249.34
166074,31621.76
166073,20713.22
166072,14842.01
166071,9673.75
166070,13665.84
166069,32445.56
166068,31474.34
166067,51166.1
166066,30334.56
166065,22604.69
166064,13701.63
166063,23137.37
166062,16066.59
166061,25066.38
166060,41567.86
166059,33414.15
166058,12863.14
166057,9101.84
166056,10056.3
166055,12670.71
166054,18951.44
166053,33858.84
166052,21739.73
166051,18206.07
166050,11401.46
166049,12798.77
166048,32346.05
166047,29940.08
166046,55979.75
166045,44522.18
166044,25711.33
166043,35495.16
166042,53332.13
166041,21983.88
166040,28356.58
166039,41321.01
166038,38930.64
166037,8382.2
166036,11250.95
166035,31091.52
166034,27915.24
166033,32575.76
166032,55454.15
166031,38470.04
166030,26650.79
166029,27752.67
166028,38584.95
166027,21622.41
166026,40441.06
166025,63934.35
166024,13896.89
166023,12665.06
166022,16887.91
166021,15878.14
166020,20632.94
166019,34603.58
166018,25828.65
166017,10935.37
166016,13169.4
166015,21600.98
166014,25635.25
166013,27254.24
166012,38190.3
166011,36400.85
166010,575.04
166009,17261.63
166008,14893.74
166007,16591.2
166006,18324.91
166005,32666.03
166004,31486.25
166003,16331.66
166002,15514.64
166001,12402.78
166000,34710.72
165999,45036.24
165998,57342.06
165997,41704.33
165996,23842.02
165995,27608.52
165994,28095.12
165993,28655.87
165992,1102.32
165991,62452.52
165990,29110.88
165989,12747.92
165988,19122.91
165987,21912.35
165986,35618.23
165985,36510.5
165984,74456.64
165983,48181.42
165982,13212.99
165981,15874.44
165980,15081.11
165979,16723.33
165978,38042.81
165977,48669.74
165976,47294.6
165975,24509.42
165974,25071.7
165973,25704.28
165972,26368.2
165971,34499.19
165970,47833.13
165969,50888.03
165968,15632.97
165967,16163.06
165966,24863.07
165965,454.44
165964,46767.88
165963,60425.44
165962,35859.68
165961,55269.36
165960,18874.6
165959,18067.2
165958,23520.5
165957,25834.3
165956,43041.26
165955,30919.34
165954,15409.99
165953,36003.66
165952,30611.76
165951,29618.14
165950,37120.21
165949,60271.42
165948,48166.0
165947,25884.56
165946,26051.36
165945,26284.63
165944,29647.98
165943,44024.77
165942,53734.96
165941,55108.72
165940,19411.24
165939,17979.88
165938,15879.45
165937,21166.2
165936,30918.82
165935,31853.53
165934,41532.82
165933,12838.98
165932,12909.11
165931,15897.9
165930,25373.22
165929,22276.53
165928,30954.0
165927,27178.56
165926,24812.28
