164958,30851.61
164957,48638.15
164956,39390.33
164955,17167.99
164954,16924.33
164953,13490.16
164952,16419.58
164951,971.61
164950,35222.88
164949,23917.49
164948,13632.15
164947,12178.89
164946,14110.43
164945,21313.23
164944,25843.84
164943,37747.36
164942,24714.59
164941,30165.63
164940,20689.84
164939,23506.58
164938,29277.64
164937,20990.29
164936,206.3
164935,7333.09
164934,12726.06
164933,14036.75
164932,13170.33
164931,17029.67
164930,25736.83
164929,46530.53
164928,28842.03
164927,16163.52
164926,11484.95
164925,13492.12
164924,18549.29
164923,27841.86
164922,42324.32
164921,26582.32
164920,13064.59
164919,12752.68
164918,17754.71
164917,37412.76
164916,48401.67
164915,71200.44
164914,43190.27
164913,22731.47
164912,25493.22
164911,27604.58
164910,20009.26
164909,35532.53
164908,60002.61
164907,39678.92
164906,18792.66
164905,14138.29
164904,18082.98
164903,16572.89
164902,28847.8
164901,51306.45
164900,31973.9
164899,25267.86
164898,18309.5
164897,17985.02
164896,31100.56
164895,31914.31
164894,70146.81
164893,51252.96
164892,28234.64
164891,33454.29
164890,51164.81
164889,27426.38
164888,36017.5
164887,61733.97
164886,47891.67
164885,16715.96
164884,16519.55
164883,35311.65
164882,30848.84
164881,36487.52
164880,68651.11
164879,44560.66
164878,29787.23
164877,30912.55
164876,41226.67
164875,31040.16
164874,54591.87
164873,78319.27
164872,-6.29
164871,20672.7
164870,18121.21
164869,18675.9
164868,20127.09
164867,28151.54
164866,49353.15
164865,31725.18
164864,67.99
164863,15136.17
164862,26760.35
164861,23963.53
164860,32291.71
164859,51800.85
164858,48895.99
164857,16445.51
164856,13808.84
164855,18801.64
164854,20478.59
164853,28263.55
164852,40318.34
164851,31855.19
164850,18604.29
164849,19927.69
164848,17208.46
164847,37961.81
164846,37334.11
164845,65256.38
164844,45493.11
164843,24048.49
164842,32079.74
164841,23941.02
164840,28053.58
164839,68.8
164838,61519.92
164837,35665.07
164836,19366.92
164835,19828.12
164834,25049.2
164833,34197.17
164832,41785.42
164831,83276.66
164830,36904.4
164829,14427.34
164828,16897.97
164827,22385.66
164826,19166.49
164825,44525.67
164824,57141.93
164823,46554.72
164822,25853.01
164821,24404.15
164820,32735.97
164819,25411.19
164818,40586.96
164817,59310.3
164816,53107.39
164815,23309.14
164814,27072.9
164813,26845.18
164812,53289.95
164811,61884.0
164810,42313.38
164809,60516.66
164808,26281.94
164807,27050.13
164806,35101.56
164805,40895.22
164804,52497.35
164803,47012.63
164802,22260.29
164801,39065.39
164800,31402.57
164799,37659.05
164798,48700.6
164797,56616.7
164796,49915.16
164795,26031.55
164794,28435.51
164793,33341.19
164792,38389.32
164791,55480.9
164790,60754.86
164789,37381.65
164788,21937.46
164787,21735.33
164786,24454.27
164785,25959.53
164784,43870.6
164783,40133.48
164782,39063.43
164781,17467.56
164780,14805.61
164779,27676.63
164778,27170.94
164777,32113.27
164776,38602.55
164775,29122.56
164774,28501.51
