120697,20101.25
120696,42381.33
120695,37637.28
120694,11797.94
120693,14090.73
120692,12584.98
120691,13796.95
120690,940.77
120689,25720.99
120688,22632.19
120687,10260.27
120686,10205.38
120685,12013.67
120684,24071.72
120683,24236.62
120682,38785.9
120681,30751.04
120680,27397.19
120679,19907.74
120678,21920.19
120677,25036.05
120676,20690.55
120675,310.18
120674,14019.44
120673,8268.37
120672,11028.71
120671,11397.83
120670,13373.3
120669,24923.74
120668,34883.73
120667,22981.19
120666,14753.69
120665,13369.07
120664,12922.9
120663,12243.1
120662,18320.56
120661,28995.4
120660,21991.19
120659,13592.72
120658,10987.96
120657,13187.15
120656,34150.54
120655,40779.99
120654,56289.3
120653,38689.79
120652,22345.21
120651,16918.98
120650,29122.34
120649,18317.48
120648,28923.34
120647,43663.18
120646,33470.93
120645,13667.86
120644,10375.8
120643,14217.19
120642,17092.5
120641,22479.78
120640,42339.41
120639,25511.99
120638,22759.46
120637,16755.66
120636,16794.16
120635,35588.63
120634,30936.16
120633,64580.69
120632,54091.4
120631,31124.14
120630,33987.08
120629,53957.85
120628,28279.46
120627,36124.84
120626,43928.57
120625,41615.28
120624,14554.11
120623,18162.95
120622,31158.94
120621,24917.7
120620,35965.72
120619,59213.94
120618,44563.91
120617,31052.54
120616,33233.07
120615,39301.27
120614,29270.87
120613,53881.99
120612,65259.86
120611,19608.0
120610,18482.44
120609,18119.16
120608,21163.24
120607,25700.83
120606,33008.46
120605,27260.09
120604,564.9
120603,13159.34
120602,23631.45
120601,26331.39
120600,28454.58
120599,40975.21
120598,45749.8
120597,13428.41
120596,885.71
120595,760.74
120594,158.87
120593,26179.46
120592,34930.32
120591,30290.47
120590,909.13
120589,18474.21
120588,21492.6
120587,36923.87
120586,40159.53
120585,61406.54
120584,49524.21
120583,29160.65
120582,29885.13
120581,32764.67
120580,34160.86
120579,39750.5
120578,58948.94
120577,30591.39
120576,19038.97
120575,17020.22
120574,20698.04
120573,30968.9
120572,36101.83
120571,65902.47
120570,39521.58
120569,14036.49
120568,12859.22
120567,22264.54
120566,23222.87
120565,41974.89
120564,51536.11
120563,44132.59
120562,28332.84
120561,27189.52
120560,28825.91
120559,28256.56
120558,35803.54
120557,54472.86
120556,54823.73
120555,16823.41
120554,21975.58
120553,23546.27
120552,33552.89
120551,42538.2
120550,53787.67
120549,37692.07
120548,54824.13
120547,22593.98
120546,21066.03
120545,25706.52
120544,35005.33
120543,37991.28
120542,38553.33
120541,21887.88
120540,37838.43
120539,39817.48
120538,36445.22
120537,37282.88
120536,54274.78
120535,45147.29
120534,27569.99
120533,32088.95
120532,32715.07
120531,36649.89
120530,42676.97
120529,55831.56
120528,40932.68
120527,22344.78
120526,23858.89
120525,22936.75
120524,27257.45
120523,34160.38
120522,30643.54
120521,32537.7
120520,20735.99
120519,12951.2
120518,17816.83
120517,21333.79
120516,26172.53
120515,30824.25
120514,25171.92
120513,20416.18
