180090,31405.1
180089,40746.45
180088,30977.87
180087,15314.11
180086,16734.49
180085,15462.78
180084,16061.46
180083,1392.09
180082,27921.96
180081,20285.72
180080,16070.75
180079,11905.42
180078,12656.35
180077,22960.55
180076,23235.8
180075,32561.33
180074,29332.23
180073,26472.66
180072,17973.52
180071,15524.72
180070,16978.14
180069,16740.91
180068,37911.27
180067,24742.66
180066,9945.64
180065,14748.04
180064,14686.5
180063,13555.74
180062,29956.16
180061,32113.7
180060,20745.56
180059,15202.29
180058,14488.44
180057,17962.66
180056,15531.18
180055,29735.91
180054,33195.77
180053,24809.09
180052,17145.39
180051,16730.93
180050,21325.32
180049,44034.57
180048,48551.04
180047,65542.67
180046,41311.64
180045,33958.17
180044,19068.08
180043,22614.15
180042,23730.46
180041,31699.95
180040,42412.34
180039,33098.58
180038,17646.47
180037,18039.34
180036,18713.67
180035,18048.89
180034,25465.42
180033,42269.98
180032,25606.6
180031,24897.23
180030,15822.84
180029,17759.46
180028,46351.46
180027,46177.02
180026,54878.6
180025,38684.13
180024,28481.64
180023,33671.81
180022,39530.94
180021,28792.76
180020,32392.09
180019,45335.21
180018,34903.96
180017,20154.23
180016,18088.81
180015,31662.47
180014,30014.67
180013,42609.49
180012,56092.91
180011,36200.95
180010,31200.48
180009,31840.44
180008,37163.08
180007,31736.27
180006,38804.75
180005,58220.87
180004,15821.12
180003,19755.51
180002,20000.78
180001,21436.92
180000,28284.26
179999,38257.91
179998,25074.18
179997,12133.55
179996,19297.65
179995,35098.25
179994,32118.17
179993,36863.37
179992,46191.96
179991,39977.98
179990,1847.62
179989,15445.48
179988,15516.53
179987,22700.72
179986,24293.7
179985,34913.7
179984,25302.65
179983,16335.0
179982,15592.78
179981,16202.21
179980,30415.4
179979,36156.03
179978,48449.37
179977,33887.59
179976,20365.3
179975,24582.06
179974,27320.1
179973,30843.96
179972,466.29
179971,50644.82
179970,33038.76
179969,23737.59
179968,23692.42
179967,22210.63
179966,34157.3
179965,39754.9
179964,62983.73
179963,28361.04
179962,15969.19
179961,19741.07
179960,14538.57
179959,20652.39
179958,38598.87
179957,49149.64
179956,34313.77
179955,26749.08
179954,25264.2
179953,27319.36
179952,25750.43
179951,35694.18
179950,48613.33
179949,34021.53
179948,19655.03
179947,17137.95
179946,16886.56
179945,140.79
179944,32702.32
179943,41753.75
179942,34121.09
179941,35083.39
179940,17615.28
179939,14226.13
179938,24631.12
179937,27639.22
179936,38998.2
179935,28426.31
179934,9604.94
179933,28864.99
179932,31491.35
179931,27728.01
179930,32018.26
179929,46428.96
179928,32018.03
179927,24144.65
179926,22120.54
179925,26631.21
179924,27991.15
179923,31003.66
179922,46009.18
179921,32811.03
179920,15146.27
179919,17517.93
179918,17002.47
179917,20583.03
179916,27502.05
179915,30372.82
179914,32343.23
179913,14043.84
179912,13466.2
179911,16536.71
179910,17406.26
179909,23236.21
179908,33625.17
179907,25865.4
179906,20218.49
