126805,37536.74
126804,49224.93
126803,55072.31
126802,16944.55
126801,12540.92
126800,17082.3
126799,21029.75
126798,507.17
126797,37274.35
126796,35330.14
126795,12749.91
126794,14794.89
126793,18236.4
126792,28903.81
126791,35108.25
126790,44973.17
126789,32350.74
126788,35848.55
126787,21122.01
126786,19776.32
126785,18496.54
126784,24066.86
126783,42777.82
126782,42120.24
126781,19627.56
126780,16833.29
126779,16484.21
126778,18907.65
126777,32370.2
126776,46623.68
126775,27338.21
126774,17389.77
126773,19029.3
126772,20311.81
126771,26964.65
126770,24797.04
126769,40511.94
126768,26205.97
126767,23959.25
126766,20463.0
126765,23254.65
126764,52447.18
126763,53781.37
126762,74868.36
126761,52196.64
126760,47868.38
126759,27406.44
126758,34569.51
126757,24206.16
126756,39229.92
126755,61163.56
126754,48621.19
126753,20700.67
126752,19141.75
126751,25065.71
126750,21799.47
126749,36406.06
126748,51730.83
126747,42175.91
126746,28998.64
126745,23185.41
126744,19584.94
126743,55315.69
126742,55934.15
126741,72344.44
126740,64219.73
126739,31120.4
126738,44532.35
126737,56124.79
126736,34307.72
126735,32915.94
126734,57792.74
126733,49231.07
126732,18733.63
126731,26387.91
126730,45732.54
126729,38793.73
126728,45630.06
126727,64212.03
126726,55961.72
126725,38415.43
126724,42793.4
126723,51461.57
126722,43160.9
126721,52340.32
126720,78284.64
126719,22999.48
126718,24276.05
126717,27026.02
126716,34573.34
126715,33117.22
126714,48812.38
126713,42900.73
126712,924.92
126711,17145.74
126710,39338.31
126709,34606.96
126708,41970.44
126707,63969.96
126706,57080.34
126705,19821.59
126704,1302.42
126703,770.7
126702,339.48
126701,32065.89
126700,46612.66
126699,40868.69
126698,1284.32
126697,19843.6
126696,22867.91
126695,43177.61
126694,56579.82
126693,66479.51
126692,63510.24
126691,32938.74
126690,37582.21
126689,33036.01
126688,33024.98
126687,50476.58
126686,73209.64
126685,48052.31
126684,29332.32
126683,29331.88
126682,31116.1
126681,45351.71
126680,52394.42
126679,87779.88
126678,50043.46
126677,22325.5
126676,25922.28
126675,27891.04
126674,26647.61
126673,55667.07
126672,64233.71
126671,55423.2
126670,32883.75
126669,34055.34
126668,40328.31
126667,33912.13
126666,47153.77
126665,68155.19
126664,63739.46
126663,24398.98
126662,21839.83
126661,28023.5
126660,37690.39
126659,45060.06
126658,54524.08
126657,52614.51
126656,66528.88
126655,19077.32
126654,27091.03
126653,32861.89
126652,46154.13
126651,55233.92
126650,50777.93
126649,24304.05
126648,47028.62
126647,43623.23
126646,44557.41
126645,50492.45
126644,71742.91
126643,60560.58
126642,39017.9
126641,42335.95
126640,41358.94
126639,43721.32
126638,59195.55
126637,70800.12
126636,59134.53
126635,30042.89
126634,32127.25
126633,28644.22
126632,31934.3
126631,50686.44
126630,48348.46
126629,63948.73
126628,25871.03
126627,18013.15
126626,28397.27
126625,36387.34
126624,36380.97
126623,48984.28
126622,42872.55
126621,29437.76
