86387,27364.69
86386,57535.72
86385,41733.6
86384,18633.29
86383,17442.3
86382,19681.91
86381,17457.89
86380,1456.36
86379,35321.42
86378,22437.78
86377,16307.45
86376,16689.54
86375,18802.58
86374,32615.67
86373,33738.21
86372,42658.82
86371,45647.99
86370,36445.41
86369,22724.18
86368,26560.32
86367,23543.98
86366,25326.85
86365,39812.95
86364,29482.56
86363,16706.96
86362,20310.8
86361,21061.45
86360,17803.24
86359,23317.4
86358,50308.81
86357,33078.35
86356,22746.85
86355,19369.57
86354,19249.55
86353,23202.09
86352,8288.29
86351,50728.06
86350,36231.31
86349,8439.7
86348,21260.83
86347,21508.19
86346,39947.52
86345,43809.44
86344,77927.23
86343,41726.79
86342,50842.09
86341,20074.24
86340,34856.62
86339,23048.07
86338,36765.58
86337,58483.15
86336,46456.87
86335,20703.84
86334,16953.4
86333,21850.23
86332,19531.64
86331,34999.63
86330,60585.89
86329,37882.25
86328,36615.07
86327,25776.4
86326,17613.05
86325,41934.87
86324,47803.08
86323,87163.15
86322,66043.99
86321,41124.85
86320,48691.05
86319,65396.08
86318,31572.77
86317,49366.24
86316,68785.18
86315,58290.7
86314,23344.51
86313,24278.19
86312,45503.98
86311,35296.68
86310,51801.79
86309,86483.85
86308,62176.35
86307,26676.73
86306,36519.34
86305,49842.35
86304,37763.03
86303,54980.04
86302,91838.75
86301,-24.38
86300,20920.04
86299,25291.07
86298,24766.72
86297,28919.61
86296,33297.84
86295,64944.03
86294,40024.91
86293,9731.23
86292,22358.87
86291,36093.41
86290,30083.14
86289,48369.49
86288,78274.94
86287,67092.38
86286,1075.19
86285,25239.84
86284,26227.65
86283,32901.05
86282,32979.04
86281,56079.92
86280,49690.11
86279,32859.79
86278,25418.23
86277,28157.87
86276,48118.81
86275,59981.11
86274,84846.74
86273,62840.91
86272,37613.22
86271,39952.82
86270,46554.42
86269,44134.6
86268,1020.12
86267,88483.3
86266,51415.41
86265,29542.25
86264,31135.43
86263,33124.44
86262,42737.9
86261,50887.9
86260,80023.25
86259,51019.26
86258,26826.29
86257,32096.99
86256,29672.62
86255,33018.91
86254,64961.2
86253,87569.03
86252,70153.87
86251,41383.11
86250,44995.28
86249,49475.97
86248,44759.95
86247,55147.59
86246,80217.4
86245,75607.82
86244,35003.06
86243,35602.23
86242,38119.62
86241,695.78
86240,60084.36
86239,67116.56
86238,55165.76
86237,73512.82
86236,32759.12
86235,32642.33
86234,35103.6
86233,49375.22
86232,63703.45
86231,61080.38
86230,28848.81
86229,47029.58
86228,54309.11
86227,49309.39
86226,55887.65
86225,73766.67
86224,61465.82
86223,36655.16
86222,42097.86
86221,43480.5
86220,52531.23
86219,58924.74
86218,71588.52
86217,53530.21
86216,29679.4
86215,34896.94
86214,32678.87
86213,38462.69
86212,53072.65
86211,53813.26
86210,49400.08
86209,31532.71
86208,29735.33
86207,36253.97
86206,40291.49
86205,38802.29
86204,50949.71
86203,33472.4
86202,26449.91
