79087,42909.32
79086,63131.01
79085,52356.21
79084,17969.18
79083,19415.0
79082,16668.25
79081,18658.75
79080,707.24
79079,38004.76
79078,32285.23
79077,17061.72
79076,18421.15
79075,14665.38
79074,29317.7
79073,34164.64
79072,50672.76
79071,32800.65
79070,34249.38
79069,20534.36
79068,20432.72
79067,20096.22
79066,20814.77
79065,46858.04
79064,36847.98
79063,16422.14
79062,16818.15
79061,15923.63
79060,16617.95
79059,31345.1
79058,47128.33
79057,35570.11
79056,19405.73
79055,21112.43
79054,20131.61
79053,21882.51
79052,31806.03
79051,50156.82
79050,25102.21
79049,17593.55
79048,20669.36
79047,21450.2
79046,42822.26
79045,52651.25
79044,84113.38
79043,47483.93
79042,36613.8
79041,28424.87
79040,31242.17
79039,23887.04
79038,38938.41
79037,61505.38
79036,41949.43
79035,19257.01
79034,15213.99
79033,20309.96
79032,20161.21
79031,39045.35
79030,53761.58
79029,41117.61
79028,34423.03
79027,22649.67
79026,21310.94
79025,44771.99
79024,51772.21
79023,82743.34
79022,63267.33
79021,31968.69
79020,38809.42
79019,59683.79
79018,33725.4
79017,37099.72
79016,68748.05
79015,49254.43
79014,27325.61
79013,27692.63
79012,40588.32
79011,44302.5
79010,39833.06
79009,63705.78
79008,42153.28
79007,32491.55
79006,36530.64
79005,46120.13
79004,35867.5
79003,55612.61
79002,83749.65
79001,-27.99
79000,18740.39
78999,22041.19
78998,20011.74
78997,29893.27
78996,38349.09
78995,50646.05
78994,40980.58
78993,1132.34
78992,23767.57
78991,42136.58
78990,41335.39
78989,43688.11
78988,63090.99
78987,58216.01
78986,18114.05
78985,1248.63
78984,441.38
78983,157.53
78982,33059.21
78981,54790.09
78980,36110.08
78979,896.81
78978,21197.28
78977,21724.7
78976,41370.09
78975,48626.6
78974,68446.97
78973,43663.99
78972,29091.94
78971,18834.89
78970,38329.32
78969,38249.73
78968,41265.96
78967,79794.44
78966,36498.89
78965,25914.42
78964,28226.76
78963,32036.01
78962,48224.67
78961,54182.26
78960,87188.84
78959,50388.63
78958,21447.15
78957,27840.93
78956,31119.72
78955,27446.19
78954,54669.48
78953,76434.52
78952,46925.58
78951,37063.91
78950,38227.29
78949,36094.29
78948,41629.36
78947,50130.29
78946,67671.72
78945,60859.53
78944,23860.4
78943,27298.33
78942,29931.77
78941,41371.79
78940,40484.58
78939,51726.91
78938,47177.29
78937,64399.45
78936,24231.08
78935,28031.59
78934,32341.18
78933,37208.76
78932,54654.8
78931,42020.24
78930,23437.94
78929,37115.87
78928,45298.49
78927,43375.81
78926,53903.82
78925,70970.5
78924,48291.2
78923,36212.43
78922,36756.03
78921,38309.08
78920,44375.98
78919,61315.67
78918,72178.46
78917,51090.63
78916,25694.88
78915,27202.77
78914,26149.94
78913,29838.7
78912,40196.07
78911,51848.31
78910,47889.64
78909,20946.74
78908,20404.12
78907,25173.79
78906,28053.31
78905,30744.88
78904,41251.93
78903,33691.34
78902,28629.14
