6517,26166.39
6516,44610.23
6515,43861.83
6514,11068.78
6513,13712.61
6512,11284.92
6511,12566.12
6510,552.28
6509,27850.86
6508,24478.82
6507,6867.07
6506,9146.89
6505,11649.7
6504,25546.68
6503,25621.94
6502,44897.0
6501,29841.14
6500,24813.31
6499,15665.93
6498,17564.23
6497,15798.38
6496,20145.33
6495,42202.67
6494,31146.66
6493,12184.41
6492,11384.88
6491,11902.01
6490,12323.99
6489,21496.81
6488,40941.62
6487,26590.15
6486,14285.42
6485,10463.54
6484,15004.92
6483,17453.64
6482,20359.89
6481,41832.7
6480,26157.6
6479,11311.4
6478,12246.73
6477,13488.06
6476,34720.31
6475,41105.81
6474,69714.54
6473,28143.4
6472,30969.62
6471,19953.03
6470,29340.96
6469,19559.17
6468,27994.23
6467,52750.98
6466,43976.3
6465,16206.49
6464,17591.58
6463,13978.45
6462,14542.07
6461,24816.08
6460,44838.46
6459,29667.28
6458,22910.1
6457,13847.34
6456,16853.83
6455,33894.37
6454,49531.32
6453,81531.28
6452,68269.69
6451,34561.77
6450,38757.42
6449,48981.72
6448,25464.61
6447,30253.01
6446,57427.92
6445,54549.16
6444,15370.07
6443,17612.96
6442,34051.69
6441,33442.28
6440,40430.56
6439,75035.34
6438,59847.77
6437,33970.54
6436,36060.15
6435,38318.09
6434,29047.88
6433,53571.58
6432,70232.19
6431,-20.97
6430,17473.15
6429,19608.48
6428,19052.67
6427,23716.05
6426,30350.24
6425,35344.68
6424,33826.81
6423,563.11
6422,14418.2
6421,20629.85
6420,26781.05
6419,30532.25
6418,58848.29
6417,48914.21
6416,15448.06
6415,816.67
6414,553.73
6413,81.81
6412,25415.58
6411,40903.62
6410,43135.6
6409,742.16
6408,16202.29
6407,23367.1
6406,41796.05
6405,37339.13
6404,66584.34
6403,51029.68
6402,31702.92
6401,28167.96
6400,30203.26
6399,29507.54
6398,38165.64
6397,79971.29
6396,46055.95
6395,18501.52
6394,19987.32
6393,24026.19
6392,33159.23
6391,41808.35
6390,77210.76
6389,45135.74
6388,17582.4
6387,17458.38
6386,21792.33
6385,19548.75
6384,50957.25
6383,60585.58
6382,61268.26
6381,28539.29
6380,29849.38
6379,39416.59
6378,29617.82
6377,43123.98
6376,61607.71
6375,62915.87
6374,23448.22
6373,23991.51
6372,28264.02
6371,39429.26
6370,45709.83
6369,66287.56
6368,47505.92
6367,51006.9
6366,24323.66
6365,29337.29
6364,32294.19
6363,33368.08
6362,49668.61
6361,42525.85
6360,19574.17
6359,35448.49
6358,35937.83
6357,36691.1
6356,45724.58
6355,73273.3
6354,53643.27
6353,32858.08
6352,32434.16
6351,37866.79
6350,36515.47
6349,37620.93
6348,65661.19
6347,50999.05
6346,20616.37
6345,19978.97
6344,16800.87
6343,29836.22
6342,33952.96
6341,36485.51
6340,45328.44
6339,15960.57
6338,14376.97
6337,16595.43
6336,24092.28
6335,30232.75
6334,37695.19
6333,29020.7
6332,19033.65
