177402,25876.82
177401,33198.14
177400,21391.58
177399,10770.22
177398,10686.85
177397,11837.24
177396,10309.75
177395,602.62
177394,13936.18
177393,17694.96
177392,5433.36
177391,9167.42
177390,9282.18
177389,17219.14
177388,16197.87
177387,23782.55
177386,19486.72
177385,19466.45
177384,11936.54
177383,9915.75
177382,11030.38
177381,13418.5
177380,26571.64
177379,16182.51
177378,7863.77
177377,10613.39
177376,10350.55
177375,8274.92
177374,18223.79
177373,28023.15
177372,20912.41
177371,12202.11
177370,11307.21
177369,12098.81
177368,13339.87
177367,18195.4
177366,26443.44
177365,15397.97
177364,9068.35
177363,11846.02
177362,15291.84
177361,23804.24
177360,27608.57
177359,49917.98
177358,30432.14
177357,23572.3
177356,13657.99
177355,14234.55
177354,12502.29
177353,17656.39
177352,35802.66
177351,23470.79
177350,12997.15
177349,8597.09
177348,11084.77
177347,11001.59
177346,16168.99
177345,33584.2
177344,16080.02
177343,15300.38
177342,13011.36
177341,12497.55
177340,24219.38
177339,30641.03
177338,42739.48
177337,30559.18
177336,15637.37
177335,18896.73
177334,29083.84
177333,17787.13
177332,20720.57
177331,37657.2
177330,21736.56
177329,16479.04
177328,18542.17
177327,24876.5
177326,24525.73
177325,26753.03
177324,40485.34
177323,20943.64
177322,15656.13
177321,20450.92
177320,23639.29
177319,19219.66
177318,31029.47
177317,44588.6
177316,10969.0
177315,13514.43
177314,10069.2
177313,13807.69
177312,20310.69
177311,27315.95
177310,16813.95
177309,687.78
177308,11756.65
177307,25313.84
177306,16109.48
177305,28123.75
177304,43447.57
177303,26268.57
177302,9944.68
177301,543.11
177300,566.92
177299,93.18
177298,20878.33
177297,29789.81
177296,19578.92
177295,1005.18
177294,14178.74
177293,12440.23
177292,22173.78
177291,24926.74
177290,36578.1
177289,24118.86
177288,18079.9
177287,6732.64
177286,18979.33
177285,17979.61
177284,18434.55
177283,46959.88
177282,25097.0
177281,16443.71
177280,19099.11
177279,16999.28
177278,23393.42
177277,31963.02
177276,41934.31
177275,23522.52
177274,12678.61
177273,17794.7
177272,16244.99
177271,18143.57
177270,31888.4
177269,45249.1
177268,27346.96
177267,20538.08
177266,19309.92
177265,19708.28
177264,16230.93
177263,24349.49
177262,33159.5
177261,23891.47
177260,15534.79
177259,16917.86
177258,14305.11
177257,20132.93
177256,26187.92
177255,30357.1
177254,25100.8
177253,26800.39
177252,15949.2
177251,13838.83
177250,16743.46
177249,22908.63
177248,33466.13
177247,23547.81
177246,13495.4
177245,22026.88
177244,24260.69
177243,22925.01
177242,30789.95
177241,31969.38
177240,23061.62
177239,17684.53
177238,21753.62
177237,19872.82
177236,30467.49
177235,29936.88
177234,36958.27
177233,25693.36
177232,14637.28
177231,14921.75
177230,14665.37
177229,15261.74
177228,21602.11
177227,23365.47
177226,21991.53
177225,11587.84
177224,9923.52
177223,13990.05
177222,17378.97
177221,19652.51
177220,24773.86
177219,14313.55
177218,14582.63
