81005,20400.44
81004,52025.7
81003,37953.5
81002,11405.18
81001,15918.33
81000,15512.48
80999,17857.25
80998,1438.0
80997,33195.51
80996,20993.27
80995,13480.11
80994,12553.28
80993,13965.3
80992,22052.85
80991,28249.72
80990,55314.49
80989,29362.0
80988,31756.37
80987,15577.2
80986,17508.9
80985,20059.12
80984,21641.94
80983,56746.56
80982,37758.76
80981,10397.94
80980,12344.19
80979,14560.42
80978,16809.84
80977,29889.58
80976,49322.22
80975,31676.19
80974,16929.54
80973,9034.13
80972,16696.68
80971,18380.42
80970,29587.13
80969,50109.34
80968,27445.91
80967,15802.67
80966,16909.03
80965,21966.15
80964,42441.65
80963,43126.57
80962,85282.16
80961,22087.76
80960,38886.4
80959,23806.11
80958,29333.58
80957,24435.68
80956,38135.54
80955,69956.38
80954,48913.51
80953,18242.19
80952,18102.86
80951,19731.98
80950,19233.01
80949,27030.83
80948,58762.65
80947,34256.17
80946,24887.12
80945,19260.4
80944,19156.28
80943,41626.52
80942,56271.24
80941,106719.05
80940,77780.06
80939,38852.07
80938,46828.44
80937,57124.33
80936,32518.5
80935,42837.96
80934,59580.86
80933,50997.51
80932,19971.68
80931,19110.04
80930,40119.01
80929,36581.52
80928,46379.08
80927,72929.57
80926,44872.01
80925,30436.89
80924,33479.99
80923,38351.85
80922,31145.53
80921,57063.88
80920,70998.85
80919,-160.99
80918,19838.06
80917,20729.95
80916,20435.71
80915,25681.38
80914,32674.28
80913,50666.96
80912,39034.63
80911,21645.45
80910,20016.01
80909,32783.34
80908,32397.93
80907,36039.62
80906,65794.18
80905,49270.2
80904,1298.29
80903,17992.13
80902,21581.1
80901,18990.68
80900,31770.02
80899,50365.32
80898,44003.55
80897,26905.8
80896,23686.76
80895,22623.3
80894,42510.04
80893,56170.75
80892,77497.68
80891,54702.36
80890,33257.89
80889,36793.99
80888,38229.18
80887,33086.33
80886,956.93
80885,83234.04
80884,38719.59
80883,21965.92
80882,24472.69
80881,26298.43
80880,33070.41
80879,38551.29
80878,60258.21
80877,51279.19
80876,19638.41
80875,22206.58
80874,24855.95
80873,27261.54
80872,56070.39
80871,72037.29
80870,53305.88
80869,34631.24
80868,33736.7
80867,39971.52
80866,37216.0
80865,44772.42
80864,59613.5
80863,51564.78
80862,28783.66
80861,28429.46
80860,29994.32
80859,286.99
80858,51127.79
80857,67739.06
80856,48135.9
80855,53003.59
80854,25112.47
80853,27772.88
80852,30538.01
80851,35660.32
80850,51317.01
80849,44483.42
80848,23899.96
80847,46552.78
80846,45690.78
80845,45822.26
80844,55955.68
80843,71008.65
80842,58694.16
80841,33644.34
80840,39649.64
80839,39903.82
80838,47768.74
80837,53372.45
80836,57298.87
80835,46874.71
80834,23087.93
80833,27783.13
80832,27775.67
80831,29492.95
80830,38968.03
80829,43987.98
80828,48226.26
80827,22815.38
80826,16592.02
80825,26023.24
80824,32892.16
80823,31987.51
80822,37548.6
80821,25990.59
80820,22493.86
