187145,36814.72
187144,70410.83
187143,50102.22
187142,9783.61
187141,14439.93
187140,17076.64
187139,14004.39
187138,673.35
187137,37975.94
187136,30309.07
187135,11038.3
187134,11029.1
187133,13463.33
187132,18410.77
187131,23558.85
187130,52590.55
187129,23836.39
187128,31853.6
187127,10355.43
187126,18896.48
187125,16902.45
187124,22712.36
187123,51198.75
187122,35101.26
187121,9291.24
187120,10433.12
187119,14692.4
187118,12926.16
187117,25695.39
187116,53420.95
187115,33869.41
187114,13843.38
187113,6999.09
187112,14912.84
187111,16218.54
187110,24305.2
187109,57753.12
187108,23933.68
187107,10269.46
187106,14734.01
187105,13399.11
187104,28910.76
187103,41986.99
187102,87523.27
187101,35201.9
187100,33967.95
187099,19822.65
187098,26466.77
187097,20779.37
187096,41408.37
187095,73297.41
187094,46762.44
187093,17632.09
187092,17998.43
187091,17693.07
187090,14237.77
187089,27438.68
187088,63426.27
187087,36672.36
187086,26103.25
187085,14729.19
187084,17380.5
187083,35580.31
187082,53563.44
187081,106131.19
187080,69333.48
187079,32359.04
187078,35959.23
187077,50488.11
187076,27477.43
187075,40945.56
187074,70461.65
187073,52988.43
187072,21065.81
187071,22290.81
187070,43500.42
187069,33383.29
187068,52155.44
187067,79023.33
187066,47669.79
187065,28324.83
187064,28235.69
187063,34531.36
187062,28305.05
187061,51710.23
187060,73723.56
187059,20453.28
187058,16935.02
187057,19019.13
187056,21517.62
187055,30146.14
187054,63982.19
187053,35926.06
187052,637.14
187051,17036.24
187050,25608.2
187049,25550.9
187048,35323.56
187047,75861.56
187046,50743.69
187045,15291.95
187044,1086.9
187043,394.24
187042,103.95
187041,33185.5
187040,54224.08
187039,44871.2
187038,668.67
187037,23397.05
187036,22112.48
187035,33590.15
187034,50383.3
187033,77639.5
187032,56191.28
187031,27982.21
187030,28334.12
187029,29788.19
187028,31006.97
187027,40343.67
187026,90859.4
187025,42655.0
187024,20565.43
187023,20584.04
187022,27264.17
187021,29441.73
187020,45281.2
187019,64667.46
187018,45875.48
187017,18418.82
187016,22704.8
187015,26034.49
187014,25142.06
187013,44593.11
187012,76472.51
187011,48761.23
187010,28800.7
187009,30897.56
187008,31305.52
187007,30532.18
187006,45786.93
187005,69870.12
187004,58454.97
187003,23096.25
187002,26387.19
187001,27500.35
187000,32036.15
186999,48522.01
186998,73264.07
186997,45375.79
186996,52277.03
186995,25760.34
186994,22401.62
186993,22025.94
186992,37101.96
186991,53158.83
186990,42186.66
186989,26792.91
186988,41783.42
186987,41715.11
186986,44822.6
186985,50147.71
186984,76289.56
186983,60824.37
186982,36554.73
186981,36991.49
186980,35153.04
186979,40892.17
186978,50667.36
186977,65470.14
186976,43045.1
186975,22295.11
186974,20746.12
186973,26608.12
186972,29869.46
186971,40011.49
186970,46005.95
186969,50330.61
186968,21464.15
186967,17908.73
186966,22573.24
186965,24911.84
186964,31276.73
186963,43178.22
186962,28763.58
186961,18133.4
