129111,41690.32
129110,66390.64
129109,62280.86
129108,29420.2
129107,25729.27
129106,28626.95
129105,31508.72
129104,1733.11
129103,50842.17
129102,37985.75
129101,23210.58
129100,20832.53
129099,20680.13
129098,38248.19
129097,42316.66
129096,56610.58
129095,55281.53
129094,55521.25
129093,29668.9
129092,34177.34
129091,35619.42
129090,38542.42
129089,1672.4
129088,15215.06
129087,17352.81
129086,21746.55
129085,19452.19
129084,24360.4
129083,38099.37
129082,57138.06
129081,46892.5
129080,25108.62
129079,28250.55
129078,23697.31
129077,26023.69
129076,30683.99
129075,58627.44
129074,45585.61
129073,25462.87
129072,28674.1
129071,27588.11
129070,63364.73
129069,69550.83
129068,92999.93
129067,56580.91
129066,61669.78
129065,38470.6
129064,50860.58
129063,32783.93
129062,50334.31
129061,83457.72
129060,59944.48
129059,24923.95
129058,19671.25
129057,23909.33
129056,25407.03
129055,36289.52
129054,66874.75
129053,50393.69
129052,38202.27
129051,27635.24
129050,27463.91
129049,62870.82
129048,52592.84
129047,101955.2
129046,85068.1
129045,54359.46
129044,64639.47
129043,82591.07
129042,40398.75
129041,46178.02
129040,82618.04
129039,68677.59
129038,25390.53
129037,27614.47
129036,71358.88
129035,53237.58
129034,63029.22
129033,103983.56
129032,75424.71
129031,41464.4
129030,52677.39
129029,64014.62
129028,48675.59
129027,75481.07
129026,113469.64
129025,-85.38
129024,33246.2
129023,33476.95
129022,28998.55
129021,41487.96
129020,42202.25
129019,73198.48
129018,60108.54
129017,26290.56
129016,29980.34
129015,60693.01
129014,51472.87
129013,62549.62
129012,84863.14
129011,93088.69
129010,146.72
129009,31232.43
129008,33896.04
129007,45497.11
129006,40712.07
129005,80499.64
129004,76010.99
129003,39363.62
129002,40153.64
129001,39516.29
129000,77982.29
128999,82874.3
128998,110996.67
128997,90333.85
128996,54910.46
128995,59592.0
128994,66899.61
128993,57992.81
128992,241.98
128991,110078.6
128990,60588.96
128989,38786.87
128988,42205.14
128987,49928.01
128986,64833.09
128985,76217.96
128984,130989.45
128983,81085.85
128982,32095.23
128981,30319.08
128980,38008.08
128979,33382.9
128978,80141.68
128977,103660.74
128976,84622.7
128975,51162.4
128974,45501.1
128973,64328.92
128972,65803.18
128971,68096.85
128970,88701.85
128969,101272.22
128968,41521.73
128967,40266.0
128966,43736.97
128965,75.01
128964,82542.83
128963,126249.19
128962,97827.2
128961,110928.77
128960,48797.09
128959,50452.38
128958,57053.31
128957,55447.53
128956,85244.13
128955,77215.36
128954,46749.69
128953,77474.92
128952,58251.1
128951,71059.01
128950,75173.66
128949,108722.23
128948,107445.51
128947,56501.85
128946,62531.42
128945,57746.41
128944,80865.1
128943,100450.04
128942,120669.2
128941,105113.18
128940,45630.55
128939,56142.04
128938,55542.24
128937,59746.32
128936,71541.98
128935,79459.55
128934,94721.24
128933,43998.35
128932,35193.92
128931,49074.56
128930,58561.73
128929,62775.62
128928,77802.76
128927,68982.4
128926,62785.52
