56783,46750.04
56782,59094.9
56781,54769.58
56780,22853.82
56779,18801.11
56778,22066.58
56777,23116.56
56776,779.78
56775,51084.85
56774,37112.41
56773,15660.93
56772,17428.49
56771,17005.89
56770,26379.93
56769,32786.44
56768,49811.95
56767,38720.71
56766,37215.84
56765,26655.74
56764,24150.06
56763,20106.03
56762,25849.45
56761,60061.08
56760,46311.83
56759,17175.27
56758,16703.61
56757,18874.67
56756,21636.15
56755,31724.72
56754,59702.15
56753,43295.05
56752,20146.34
56751,27058.25
56750,22878.58
56749,32285.84
56748,35700.17
56747,67081.31
56746,23781.62
56745,21383.52
56744,24779.97
56743,27819.58
56742,48207.81
56741,57179.96
56740,103890.88
56739,57461.25
56738,41614.54
56737,32389.1
56736,38498.82
56735,28706.47
56734,47252.29
56733,70101.75
56732,60372.18
56731,22359.34
56730,23586.82
56729,28374.95
56728,22573.92
56727,33717.56
56726,70261.33
56725,45061.85
56724,35993.64
56723,28370.35
56722,26116.87
56721,57060.59
56720,53917.42
56719,98395.59
56718,68710.28
56717,37413.85
56716,39552.97
56715,57533.51
56714,44837.9
56713,47481.82
56712,84971.49
56711,59283.85
56710,32345.68
56709,33566.31
56708,60391.86
56707,46162.93
56706,59256.05
56705,81564.41
56704,69880.53
56703,36436.5
56702,43356.89
56701,47813.69
56700,47373.48
56699,80415.74
56698,107169.07
56697,24333.74
56696,30848.2
56695,22810.33
56694,37690.04
56693,40985.83
56692,62001.46
56691,52275.07
56690,1417.23
56689,28548.47
56688,41835.96
56687,42762.02
56686,56075.13
56685,87692.93
56684,83985.64
56683,28438.51
56682,3230.59
56681,1726.56
56680,366.4
56679,40807.86
56678,68484.77
56677,51373.64
56676,1659.69
56675,25915.96
56674,27172.19
56673,50250.37
56672,67646.58
56671,87567.67
56670,65712.33
56669,34432.26
56668,33394.0
56667,43016.86
56666,43789.58
56665,48642.93
56664,108213.93
56663,69838.25
56662,34949.78
56661,40376.68
56660,40869.29
56659,52255.63
56658,69021.97
56657,120128.54
56656,71845.93
56655,30850.22
56654,30099.92
56653,42248.38
56652,36867.22
56651,74724.68
56650,94601.6
56649,77845.02
56648,37610.16
56647,42283.05
56646,48224.51
56645,47357.71
56644,56198.0
56643,87479.45
56642,86533.3
56641,29947.54
56640,35155.12
56639,36500.6
56638,53726.08
56637,63391.74
56636,87940.2
56635,63143.78
56634,87817.32
56633,26890.29
56632,33284.28
56631,32232.1
56630,46753.59
56629,74821.28
56628,62961.66
56627,37005.27
56626,52204.43
56625,52413.13
56624,48366.81
56623,57613.99
56622,90448.23
56621,69096.51
56620,39611.66
56619,49345.8
56618,43645.88
56617,56082.0
56616,70459.23
56615,95749.74
56614,74012.95
56613,29863.33
56612,34352.23
56611,30832.97
56610,38408.76
56609,52126.79
56608,67666.57
56607,69265.38
56606,31403.28
56605,26587.71
56604,35378.96
56603,38661.04
56602,41318.22
56601,63651.49
56600,51882.78
56599,41870.52
