119352,25298.44
119351,40988.12
119350,33443.66
119349,12324.07
119348,12924.5
119347,12180.44
119346,14877.16
119345,396.2
119344,23990.25
119343,18199.42
119342,9769.95
119341,11738.71
119340,10201.26
119339,21074.02
119338,25031.72
119337,41494.71
119336,18809.32
119335,23208.51
119334,15359.88
119333,13394.97
119332,21714.85
119331,20486.08
119330,36994.35
119329,28366.18
119328,12866.63
119327,11870.84
119326,12377.95
119325,14909.08
119324,24985.03
119323,42479.54
119322,26054.31
119321,16082.73
119320,11332.73
119319,15386.49
119318,20818.01
119317,25224.18
119316,39532.89
119315,26102.47
119314,12941.49
119313,13791.27
119312,17345.42
119311,37405.87
119310,44321.04
119309,72364.55
119308,27894.38
119307,25414.51
119306,23853.26
119305,29103.27
119304,20295.61
119303,29263.88
119302,54420.43
119301,36789.82
119300,17628.57
119299,20466.52
119298,14873.42
119297,15344.95
119296,25665.25
119295,43109.76
119294,27671.56
119293,20109.79
119292,11057.1
119291,16770.56
119290,35587.62
119289,44810.22
119288,65853.96
119287,59318.1
119286,32859.55
119285,36910.38
119284,45506.14
119283,26298.08
119282,33993.61
119281,54516.59
119280,39604.11
119279,17518.75
119278,17009.46
119277,31709.88
119276,32341.99
119275,36203.16
119274,56981.68
119273,47865.25
119272,25033.99
119271,28031.53
119270,33332.36
119269,28825.66
119268,48425.96
119267,57951.82
119266,19550.16
119265,18373.1
119264,18296.18
119263,22098.75
119262,29331.27
119261,36607.91
119260,28297.03
119259,12249.81
119258,13864.01
119257,23891.08
119256,26165.44
119255,30089.97
119254,50833.84
119253,40150.77
119252,1103.74
119251,16836.67
119250,16159.32
119249,16089.52
119248,26013.62
119247,43237.07
119246,34589.78
119245,20556.86
119244,17607.61
119243,16559.38
119242,36231.76
119241,37459.52
119240,53288.5
119239,37372.03
119238,25057.78
119237,24118.98
119236,24065.53
119235,29736.4
119234,919.86
119233,58052.25
119232,36191.87
119231,22261.52
119230,19963.58
119229,21412.02
119228,32218.81
119227,38615.73
119226,65571.61
119225,34162.55
119224,15284.28
119223,17613.06
119222,18477.53
119221,23139.11
119220,43239.04
119219,51117.5
119218,38388.66
119217,21660.36
119216,23039.46
119215,26774.1
119214,27716.97
119213,30231.2
119212,41037.08
119211,42289.15
119210,20892.92
119209,25118.55
119208,25704.28
119207,194.66
119206,48461.33
119205,51304.58
119204,38800.96
119203,40392.39
119202,22140.91
119201,23406.53
119200,28979.84
119199,36749.37
119198,46383.08
119197,30423.26
119196,18460.66
119195,35127.12
119194,34028.71
119193,30633.93
119192,37333.73
119191,50986.44
119190,43195.78
119189,24627.64
119188,27087.57
119187,28724.53
119186,34791.82
119185,47992.17
119184,51326.42
119183,37654.94
119182,19561.48
119181,20091.99
119180,15181.33
119179,25316.78
119178,35061.77
119177,31965.51
119176,36967.21
119175,19219.57
119174,11964.66
119173,15424.72
119172,23019.62
119171,29574.9
119170,29158.67
119169,29153.43
119168,18036.07
