102285,30472.9
102284,42052.85
102283,39770.96
102282,18598.12
102281,11054.02
102280,15584.27
102279,15949.46
102278,585.63
102277,35969.66
102276,31650.94
102275,13903.98
102274,15937.0
102273,14412.09
102272,27999.25
102271,27471.06
102270,37043.48
102269,28836.88
102268,29859.92
102267,19655.87
102266,22636.62
102265,20350.53
102264,22505.52
102263,42017.22
102262,33536.36
102261,12658.28
102260,15124.25
102259,15507.1
102258,18837.79
102257,27276.52
102256,43970.94
102255,35091.08
102254,17780.37
102253,18493.57
102252,19662.39
102251,20181.85
102250,32341.53
102249,39126.67
102248,26065.65
102247,18809.48
102246,21547.39
102245,26590.04
102244,45672.36
102243,53969.6
102242,77647.48
102241,53220.33
102240,51235.64
102239,33361.1
102238,32696.07
102237,25801.88
102236,41732.48
102235,61069.07
102234,56598.25
102233,19836.78
102232,18299.39
102231,22221.16
102230,19998.05
102229,40390.3
102228,50053.64
102227,37958.01
102226,31344.48
102225,24764.46
102224,20599.97
102223,38780.97
102222,51701.09
102221,72207.52
102220,60992.2
102219,39944.38
102218,42768.59
102217,65443.4
102216,35209.14
102215,38960.94
102214,60218.95
102213,46720.06
102212,21549.84
102211,22213.62
102210,38860.7
102209,37991.63
102208,40494.79
102207,61219.16
102206,56069.98
102205,37740.27
102204,40434.59
102203,39476.04
102202,38671.74
102201,51985.03
102200,79762.58
102199,22013.46
102198,21928.04
102197,23326.77
102196,28301.26
102195,33631.66
102194,43860.25
102193,44066.03
102192,17821.14
102191,17629.46
102190,32607.97
102189,33943.57
102188,41702.99
102187,65185.79
102186,55090.46
102185,1572.46
102184,22129.05
102183,19253.74
102182,28293.95
102181,32257.42
102180,46171.43
102179,44316.5
102178,18806.24
102177,23226.75
102176,24869.59
102175,40924.18
102174,48306.34
102173,59878.67
102172,51125.53
102171,28124.76
102170,31733.62
102169,29520.42
102168,29252.41
102167,647.57
102166,68994.79
102165,43039.55
102164,21996.03
102163,29050.05
102162,29248.1
102161,41239.41
102160,46062.94
102159,79371.39
102158,50724.69
102157,21920.31
102156,25634.6
102155,24540.59
102154,24541.43
102153,46439.76
102152,71295.04
102151,58538.39
102150,36285.85
102149,31345.05
102148,38977.57
102147,35290.29
102146,47340.88
102145,67307.88
102144,60187.83
102143,28577.93
102142,26659.23
102141,26393.87
102140,337.75
102139,38976.98
102138,55306.56
102137,49372.38
102136,60038.44
102135,21452.51
102134,25282.89
102133,27971.51
102132,31864.91
102131,46238.64
102130,45338.62
102129,25714.24
102128,36642.86
102127,32498.87
102126,35102.26
102125,35229.39
102124,59102.01
102123,54106.36
102122,31265.66
102121,29719.09
102120,31466.13
102119,35207.93
102118,47528.57
102117,61665.04
102116,39944.06
102115,18095.84
102114,22464.12
102113,21651.81
102112,23595.06
102111,39581.08
102110,43714.65
102109,47069.32
102108,23604.34
102107,13360.88
102106,21184.3
102105,26427.0
102104,30766.19
102103,37353.77
102102,28570.26
102101,27448.54
