73128,27511.78
73127,33293.31
73126,21181.06
73125,11523.96
73124,8635.83
73123,12577.85
73122,8943.74
73121,546.84
73120,17534.91
73119,13418.97
73118,7549.65
73117,8856.07
73116,8811.37
73115,16246.05
73114,17890.57
73113,26956.15
73112,19839.24
73111,18308.16
73110,13494.9
73109,12591.09
73108,12767.32
73107,15176.7
73106,28011.67
73105,16415.54
73104,8793.3
73103,8324.63
73102,6535.65
73101,9180.96
73100,17088.45
73099,23883.56
73098,17215.85
73097,12182.02
73096,10041.56
73095,11938.44
73094,13724.54
73093,21245.89
73092,30137.22
73091,12952.23
73090,10557.72
73089,11111.36
73088,19142.96
73087,31946.54
73086,36071.72
73085,53403.98
73084,29780.0
73083,31180.58
73082,20707.68
73081,21296.21
73080,15788.0
73079,25438.59
73078,41620.71
73077,21163.3
73076,12746.94
73075,10507.96
73074,12029.42
73073,15318.67
73072,19169.75
73071,35901.63
73070,15694.47
73069,17294.21
73068,9646.21
73067,14614.28
73066,32675.49
73065,35696.81
73064,54742.9
73063,35069.17
73062,24371.1
73061,20724.29
73060,35590.2
73059,21443.52
73058,29271.18
73057,42686.99
73056,23418.7
73055,16088.11
73054,14771.74
73053,28059.37
73052,27109.69
73051,30917.67
73050,48530.12
73049,25836.84
73048,24549.08
73047,30930.09
73046,30874.5
73045,28235.09
73044,40158.41
73043,41136.12
73042,10417.65
73041,12069.98
73040,7753.46
73039,15564.74
73038,17982.58
73037,28368.91
73036,20314.27
73035,12655.12
73034,25107.88
73033,24929.87
73032,29420.05
73031,40543.13
73030,26600.58
73029,10023.85
73028,13582.04
73027,12132.36
73026,19259.78
73025,19597.62
73024,28897.4
73023,18916.3
73022,10566.12
73021,12710.04
73020,12375.73
73019,28420.6
73018,32357.69
73017,43470.18
73016,28505.07
73015,18911.88
73014,20346.19
73013,19929.52
73012,22947.02
73011,53580.8
73010,27197.71
73009,18729.88
73008,19108.31
73007,20770.67
73006,28489.49
73005,36441.79
73004,51510.52
73003,28242.01
73002,8040.0
73001,17148.8
73000,15818.15
72999,17824.7
72998,39557.82
72997,42472.28
72996,27586.25
72995,18677.14
72994,21619.15
72993,22715.98
72992,24417.6
72991,31858.21
72990,37789.24
72989,30899.81
72988,11707.37
72987,14509.56
72986,13184.4
72985,26581.8
72984,40192.36
72983,20917.34
72982,29476.78
72981,14250.35
72980,17068.99
72979,16395.98
72978,22964.8
72977,30815.51
72976,20413.54
72975,12399.33
72974,34795.6
72973,27858.48
72972,22902.34
72971,30765.13
72970,44960.48
72969,24096.13
72968,24363.8
72967,23335.12
72966,23914.92
72965,29140.13
72964,36730.77
72963,43124.82
72962,28663.76
72961,14275.22
72960,16340.15
72959,18642.75
72958,21119.15
72957,24343.16
72956,29073.24
72955,25013.11
72954,11572.09
72953,11919.21
72952,14624.6
72951,19278.0
72950,24128.78
72949,25811.7
72948,18116.4
72947,17499.07
