170495,32023.68
170494,66736.1
170493,53438.74
170492,19173.16
170491,17751.89
170490,19986.39
170489,18591.6
170488,1497.81
170487,48743.92
170486,29334.61
170485,17811.37
170484,12573.79
170483,17659.97
170482,29783.49
170481,29501.74
170480,50546.71
170479,38007.09
170478,33055.91
170477,20920.45
170476,15776.79
170475,21799.59
170474,22021.5
170473,53271.55
170472,38693.4
170471,15984.36
170470,17130.15
170469,15198.29
170468,17485.13
170467,31555.34
170466,57233.12
170465,40340.05
170464,23071.65
170463,17521.33
170462,21104.61
170461,24573.14
170460,35640.18
170459,56086.08
170458,36027.56
170457,17173.19
170456,13399.59
170455,23951.79
170454,48486.9
170453,67599.44
170452,102315.75
170451,58885.39
170450,38287.2
170449,24175.31
170448,34265.4
170447,25760.97
170446,44249.86
170445,79148.95
170444,54931.16
170443,22107.94
170442,21765.62
170441,20386.22
170440,16974.43
170439,35113.3
170438,67323.83
170437,42413.92
170436,33236.8
170435,18763.03
170434,23907.87
170433,43930.62
170432,52642.44
170431,99768.32
170430,72732.65
170429,38441.68
170428,43639.52
170427,59225.97
170426,32385.01
170425,48179.56
170424,77460.78
170423,64792.88
170422,23823.95
170421,26414.76
170420,39144.94
170419,39294.44
170418,55532.59
170417,90321.75
170416,67080.74
170415,38066.59
170414,40208.29
170413,57643.62
170412,41477.5
170411,76165.09
170410,100635.7
170409,-19.99
170408,26337.59
170407,29332.22
170406,27715.73
170405,29116.39
170404,44027.89
170403,62385.6
170402,45504.17
170401,731.09
170400,22203.48
170399,36470.5
170398,31748.18
170397,42471.75
170396,78194.74
170395,60821.99
170394,17284.03
170393,22290.29
170392,22884.88
170391,27622.87
170390,41357.72
170389,68457.79
170388,50899.05
170387,26765.68
170386,25005.31
170385,28968.07
170384,51598.99
170383,62121.73
170382,95011.25
170381,56579.06
170380,35047.45
170379,41006.38
170378,39094.53
170377,40297.42
170376,1011.75
170375,96972.79
170374,54379.86
170373,28467.85
170372,35650.3
170371,35533.14
170370,48421.8
170369,65646.84
170368,90776.08
170367,58135.47
170366,25539.98
170365,25267.84
170364,27120.02
170363,29359.13
170362,60449.17
170361,74735.79
170360,70999.04
170359,34111.76
170358,32140.99
170357,33820.12
170356,34029.44
170355,50184.92
170354,77480.23
170353,61058.08
170352,27853.61
170351,31619.17
170350,31317.45
170349,624.5
170348,66751.6
170347,82076.89
170346,62642.23
170345,67087.23
170344,30652.43
170343,40321.54
170342,45406.27
170341,58176.98
170340,66208.82
170339,54164.92
170338,31355.3
170337,54389.24
170336,44918.61
170335,46797.08
170334,58632.99
170333,81022.95
170332,62298.22
170331,40818.82
170330,39175.65
170329,41299.72
170328,52937.72
170327,65767.94
170326,75655.61
170325,51794.29
170324,26815.26
170323,30337.97
170322,29079.4
170321,34077.27
170320,51355.3
170319,53795.39
170318,56335.3
170317,27881.21
170316,19664.93
170315,27278.59
170314,34408.36
170313,46176.98
170312,46108.48
170311,36299.59
170310,36236.95
