149413,30375.52
149412,45932.5
149411,48277.21
149410,19068.66
149409,18486.89
149408,15866.94
149407,20101.04
149406,626.21
149405,35206.37
149404,26315.11
149403,13455.86
149402,14011.36
149401,14724.19
149400,22156.86
149399,28138.78
149398,39573.12
149397,29447.62
149396,34422.83
149395,16656.91
149394,20524.78
149393,23505.73
149392,19681.49
149391,40523.87
149390,32366.82
149389,14506.74
149388,14387.08
149387,18220.01
149386,16295.43
149385,27009.13
149384,41315.24
149383,25747.42
149382,16235.01
149381,17060.5
149380,17428.72
149379,21825.96
149378,30513.17
149377,37061.13
149376,18435.74
149375,18639.63
149374,20108.28
149373,26118.29
149372,41249.42
149371,47639.52
149370,64963.35
149369,45899.64
149368,44677.33
149367,26258.18
149366,29043.27
149365,20045.48
149364,34587.86
149363,55708.53
149362,36232.86
149361,20600.81
149360,20412.09
149359,23888.13
149358,23327.66
149357,29900.21
149356,44663.05
149355,34085.7
149354,25680.91
149353,20679.47
149352,23413.51
149351,38114.5
149350,49385.32
149349,59049.38
149348,53110.73
149347,31900.23
149346,35673.62
149345,46530.99
149344,23996.7
149343,32135.2
149342,49383.86
149341,44538.42
149340,20518.71
149339,19204.84
149338,37235.81
149337,30610.97
149336,40290.55
149335,55525.81
149334,41242.5
149333,23342.93
149332,35731.32
149331,33225.4
149330,33047.64
149329,45703.67
149328,67538.56
149327,28683.83
149326,22773.93
149325,19851.02
149324,33502.71
149323,32492.78
149322,45468.29
149321,35425.23
149320,21045.84
149319,32969.35
149318,38454.67
149317,40592.58
149316,55917.98
149315,48283.43
149314,19527.97
149313,21659.49
149312,23292.23
149311,20106.17
149310,31746.73
149309,41740.83
149308,40664.19
149307,20931.26
149306,19398.36
149305,23436.02
149304,44269.19
149303,43793.83
149302,50560.85
149301,45107.05
149300,26693.95
149299,28877.96
149298,27821.53
149297,28070.24
149296,60632.13
149295,41097.87
149294,24366.38
149293,30491.47
149292,26298.64
149291,33674.9
149290,47599.07
149289,66529.72
149288,46413.86
149287,23003.52
149286,22748.55
149285,25939.55
149284,25929.18
149283,46799.64
149282,58653.48
149281,46971.2
149280,32751.45
149279,28774.11
149278,33957.32
149277,30550.62
149276,42319.83
149275,54836.84
149274,45796.21
149273,21889.45
149272,20252.74
149271,21778.7
149270,37858.55
149269,46489.11
149268,44640.47
149267,51808.56
149266,26953.03
149265,31014.82
149264,32875.26
149263,40365.08
149262,44456.71
149261,41903.89
149260,26963.19
149259,36572.0
149258,34659.19
149257,36433.77
149256,44458.29
149255,49318.12
149254,44967.11
149253,30325.54
149252,28444.69
149251,30713.68
149250,31014.34
149249,42819.78
149248,50421.1
149247,36542.01
149246,21166.04
149245,18703.31
149244,21200.3
149243,26565.85
149242,35676.62
149241,32361.59
149240,38535.99
149239,21224.52
149238,14492.0
149237,24634.46
149236,27906.5
149235,26540.34
149234,33163.81
149233,30951.11
149232,19025.55
