67973,36183.52
67972,56848.24
67971,49523.68
67970,19551.75
67969,23765.5
67968,23811.93
67967,21411.94
67966,1258.02
67965,40421.13
67964,40599.19
67963,19657.04
67962,20622.11
67961,20612.17
67960,25907.37
67959,40119.89
67958,50995.5
67957,28244.99
67956,39018.06
67955,23677.6
67954,28539.69
67953,29018.32
67952,27126.08
67951,48561.2
67950,30726.63
67949,18314.86
67948,24869.76
67947,19538.85
67946,24570.41
67945,37677.6
67944,58792.02
67943,35707.89
67942,13884.94
67941,12561.03
67940,21258.73
67939,28457.61
67938,33484.53
67937,54252.88
67936,25997.93
67935,24835.69
67934,28942.25
67933,31700.42
67932,50829.6
67931,62454.99
67930,91932.02
67929,57881.18
67928,51497.65
67927,28497.99
67926,35234.33
67925,26261.85
67924,39805.49
67923,63112.69
67922,50623.97
67921,19700.53
67920,23324.47
67919,23696.44
67918,21411.87
67917,39743.93
67916,53726.83
67915,40547.05
67914,32949.43
67913,25482.95
67912,24589.72
67911,44513.5
67910,55203.63
67909,82945.8
67908,68278.92
67907,36924.73
67906,49325.41
67905,62734.26
67904,32926.48
67903,39599.2
67902,57437.79
67901,55167.04
67900,22189.8
67899,24067.33
67898,42293.14
67897,37321.72
67896,35645.91
67895,79683.11
67894,67380.11
67893,42476.01
67892,38216.81
67891,3103.0
67890,39927.32
67889,58081.5
67888,84603.91
67887,28902.68
67886,28642.25
67885,28749.45
67884,35251.13
67883,43905.9
67882,55323.61
67881,45448.06
67880,691.52
67879,25128.07
67878,41896.1
67877,46238.99
67876,53798.89
67875,70524.79
67874,58284.82
67873,26571.4
67872,972.45
67871,370.12
67870,79.08
67869,33440.04
67868,46804.72
67867,39426.24
67866,490.2
67865,23987.15
67864,26103.11
67863,49335.46
67862,51771.43
67861,68260.42
67860,66829.14
67859,40787.96
67858,35238.93
67857,39285.36
67856,36058.53
67855,45970.94
67854,83300.97
67853,57319.12
67852,30219.14
67851,35444.68
67850,39367.27
67849,44334.64
67848,50068.14
67847,69112.33
67846,63871.45
67845,26348.0
67844,23365.23
67843,29026.8
67842,27680.43
67841,58392.49
67840,74467.59
67839,58033.83
67838,34106.31
67837,38841.39
67836,40226.53
67835,42872.86
67834,55653.93
67833,70971.4
67832,75876.11
67831,36663.9
67830,36363.98
67829,35879.99
67828,40738.82
67827,61064.12
67826,55450.03
67825,52513.17
67824,59590.4
67823,32430.83
67822,33170.91
67821,41023.63
67820,47004.88
67819,49883.14
67818,47921.39
67817,33325.25
67816,44594.84
67815,48584.22
67814,49890.03
67813,64313.33
67812,72506.66
67811,58412.54
67810,42599.76
67809,39511.76
67808,50066.18
67807,49874.45
67806,64374.22
67805,73333.38
67804,64471.08
67803,25563.8
67802,32254.21
67801,36186.93
67800,30066.07
67799,51435.52
67798,47304.92
67797,63322.29
67796,28094.77
67795,23607.83
67794,26521.63
67793,35814.54
67792,41222.25
67791,53410.68
67790,41891.36
67789,28664.8
