160929,26678.9
160928,62014.97
160927,55152.94
160926,15333.48
160925,10455.82
160924,18620.84
160923,16620.5
160922,1546.28
160921,34734.28
160920,21658.82
160919,13293.35
160918,11731.15
160917,14659.12
160916,23988.12
160915,31336.78
160914,49163.56
160913,35141.71
160912,29859.93
160911,20751.24
160910,20859.12
160909,19891.89
160908,22016.36
160907,87249.11
160906,-5264.91
160905,14829.72
160904,12649.15
160903,20007.58
160902,17132.06
160901,33602.09
160900,53788.72
160899,41734.86
160898,18194.25
160897,18413.78
160896,20702.58
160895,21545.12
160894,30225.72
160893,43625.13
160892,30551.19
160891,13432.92
160890,14441.26
160889,19065.2
160888,47028.9
160887,49071.93
160886,77781.73
160885,52790.46
160884,34901.09
160883,30560.78
160882,32470.45
160881,22333.31
160880,35961.42
160879,61691.32
160878,50272.86
160877,18003.26
160876,22348.74
160875,9414.35
160874,11307.36
160873,27093.04
160872,51295.99
160871,40348.87
160870,34377.57
160869,13047.62
160868,14454.2
160867,40320.17
160866,53999.48
160865,77189.79
160864,68442.37
160863,42640.91
160862,52206.65
160861,68879.16
160860,33998.57
160859,33592.29
160858,58429.3
160857,55934.12
160856,24399.43
160855,23177.72
160854,40476.59
160853,36063.92
160852,38663.33
160851,79906.12
160850,67480.72
160849,39841.25
160848,38322.35
160847,51174.76
160846,37872.15
160845,67029.26
160844,81528.07
160843,25273.65
160842,23784.89
160841,21565.29
160840,26260.06
160839,32155.8
160838,44621.17
160837,40633.14
160836,690.56
160835,20196.14
160834,31309.28
160833,35000.19
160832,34781.43
160831,54531.2
160830,37431.54
160829,21217.22
160828,1292.62
160827,545.36
160826,184.06
160825,33483.75
160824,48024.22
160823,47656.63
160822,801.5
160821,26932.84
160820,22797.42
160819,48805.08
160818,50081.59
160817,74749.69
160816,60172.03
160815,33328.41
160814,36070.08
160813,39813.59
160812,35580.41
160811,49095.88
160810,81650.42
160809,45142.92
160808,23251.33
160807,25784.64
160806,33011.46
160805,42739.59
160804,49561.87
160803,85414.65
160802,54188.35
160801,19599.03
160800,26178.35
160799,23036.85
160798,21384.96
160797,54805.61
160796,70724.47
160795,58019.13
160794,35436.07
160793,32115.9
160792,38484.53
160791,34343.42
160790,44265.56
160789,59849.76
160788,66001.99
160787,23005.77
160786,26258.13
160785,33731.36
160784,48794.85
160783,53288.17
160782,71804.7
160781,55952.12
160780,46122.64
160779,28390.24
160778,27169.34
160777,37712.11
160776,46863.1
160775,57941.97
160774,61220.2
160773,20638.14
160772,51400.61
160771,45999.77
160770,36525.12
160769,53542.95
160768,74517.56
160767,61444.44
160766,36389.05
160765,35417.96
160764,39396.62
160763,44510.71
160762,54061.51
160761,64431.87
160760,56600.65
160759,26364.86
160758,25888.22
160757,15581.28
160756,22313.3
160755,50900.39
160754,43290.87
160753,59994.94
160752,26589.2
160751,17762.12
160750,26568.49
160749,33482.31
160748,36066.19
160747,40237.84
160746,27260.82
160745,22438.1
