168598,22245.66
168597,42722.28
168596,36744.57
168595,9361.25
168594,10347.64
168593,13349.15
168592,16355.18
168591,1377.41
168590,26479.16
168589,17386.71
168588,11899.64
168587,10386.48
168586,8778.0
168585,17762.15
168584,22465.76
168583,28076.39
168582,23073.93
168581,25966.45
168580,14813.56
168579,7825.65
168578,19116.01
168577,13157.8
168576,36500.61
168575,26552.45
168574,8260.2
168573,9795.73
168572,11509.19
168571,11721.2
168570,22152.14
168569,31322.74
168568,22925.1
168567,16251.78
168566,12703.25
168565,18118.99
168564,15823.9
168563,19240.31
168562,31505.83
168561,22249.64
168560,12565.78
168559,9198.47
168558,14534.78
168557,28451.07
168556,41704.0
168555,61753.64
168554,32146.62
168553,21993.77
168552,16761.23
168551,24210.46
168550,18277.74
168549,28153.73
168548,41097.16
168547,37154.69
168546,17014.04
168545,13421.7
168544,15896.22
168543,13084.68
168542,21036.46
168541,41535.4
168540,23084.79
168539,20114.15
168538,11978.83
168537,14602.75
168536,27803.69
168535,35329.42
168534,55429.04
168533,48295.06
168532,24364.34
168531,33050.52
168530,45671.02
168529,19486.57
168528,28640.45
168527,48560.16
168526,39330.18
168525,14153.57
168524,16291.88
168523,34626.34
168522,28440.17
168521,33953.64
168520,53787.48
168519,46046.74
168518,28529.89
168517,29738.94
168516,36410.74
168515,28568.8
168514,45847.03
168513,69087.14
168512,17263.86
168511,18506.36
168510,15456.76
168509,20679.44
168508,24186.96
168507,33708.87
168506,30950.5
168505,11792.22
168504,12745.12
168503,22170.94
168502,21458.3
168501,28571.83
168500,46259.26
168499,42102.88
168498,1071.28
168497,18026.22
168496,15077.89
168495,18810.69
168494,19881.72
168493,35758.16
168492,34240.73
168491,19455.14
168490,20226.46
168489,15588.2
168488,37756.38
168487,39069.76
168486,57996.24
168485,41005.05
168484,28057.3
168483,26485.69
168482,31110.49
168481,29063.85
168480,1521.2
168479,66025.08
168478,33029.78
168477,24133.95
168476,21750.08
168475,25308.65
168474,31344.28
168473,43324.19
168472,56223.36
168471,48801.37
168470,17343.84
168469,15035.23
168468,17246.04
168467,19285.65
168466,38330.86
168465,54083.69
168464,41240.28
168463,20248.65
168462,25794.38
168461,25948.23
168460,24040.25
168459,33366.36
168458,56441.08
168457,47086.45
168456,18509.98
168455,16238.12
168454,19814.79
168453,237.47
168452,37531.23
168451,42908.74
168450,36704.77
168449,41584.47
168448,21302.97
168447,20934.1
168446,28260.93
168445,30697.55
168444,37274.14
168443,34209.33
168442,18970.21
168441,29586.05
168440,30017.08
168439,27890.72
168438,34758.1
168437,47461.43
168436,42221.59
168435,25908.72
168434,23214.58
168433,25661.6
168432,33866.77
168431,40937.12
168430,52857.85
168429,43262.88
168428,18920.66
168427,13841.25
168426,17493.75
168425,19180.75
168424,32030.51
168423,32561.9
168422,39961.84
168421,17863.72
168420,10366.19
168419,21810.24
168418,22404.29
168417,26623.33
168416,25040.56
168415,23394.1
168414,21838.74
