142134,35159.29
142133,63971.44
142132,31817.93
142131,17195.8
142130,14721.97
142129,11784.2
142128,15695.27
142127,1038.91
142126,23919.62
142125,17569.07
142124,11890.71
142123,12744.56
142122,15630.0
142121,27085.05
142120,27443.81
142119,53696.0
142118,25112.12
142117,30138.68
142116,11553.54
142115,14192.13
142114,19749.8
142113,24923.47
142112,54566.51
142111,32913.99
142110,12622.86
142109,15256.34
142108,14343.47
142107,12729.18
142106,24027.13
142105,48993.82
142104,29742.31
142103,13602.81
142102,15003.92
142101,13854.9
142100,17635.62
142099,26503.85
142098,47752.28
142097,24420.92
142096,9405.51
142095,10635.58
142094,17217.24
142093,43275.04
142092,49852.9
142091,89344.64
142090,30753.07
142089,40011.63
142088,20443.26
142087,28042.81
142086,24040.12
142085,38399.64
142084,69877.98
142083,47583.86
142082,17424.88
142081,17014.92
142080,14646.89
142079,14662.79
142078,25562.53
142077,58727.45
142076,27099.55
142075,23228.44
142074,13203.2
142073,16196.81
142072,39025.34
142071,52453.47
142070,99188.1
142069,60911.95
142068,38689.06
142067,39432.57
142066,51937.85
142065,27907.2
142064,38661.43
142063,76866.74
142062,46775.25
142061,15868.71
142060,16604.94
142059,48842.8
142058,37877.66
142057,52612.41
142056,84311.08
142055,46004.6
142054,33544.95
142053,35465.79
142052,48640.81
142051,38298.47
142050,70565.07
142049,82058.14
142048,25704.25
142047,17447.57
142046,18797.71
142045,23351.26
142044,30064.96
142043,48374.84
142042,29631.25
142041,825.0
142040,16541.47
142039,29356.24
142038,26640.94
142037,34018.07
142036,73417.81
142035,45275.1
142034,16305.06
142033,631.73
142032,306.15
142031,252.87
142030,30208.62
142029,47821.11
142028,34972.15
142027,698.98
142026,14975.25
142025,21734.54
142024,46702.66
142023,51562.9
142022,75959.19
142021,47911.83
142020,34376.19
142019,29358.95
142018,34488.91
142017,36259.13
142016,45903.99
142015,89478.9
142014,40343.85
142013,24322.4
142012,25723.41
142011,29269.2
142010,37670.22
142009,47721.58
142008,66076.57
142007,41715.86
142006,19239.82
142005,20775.08
142004,22103.4
142003,24189.75
142002,53463.61
142001,86578.07
142000,42015.96
141999,32628.4
141998,34095.74
141997,32674.95
141996,29647.01
141995,42806.84
141994,57160.42
141993,46289.44
141992,21732.54
141991,26591.82
141990,27969.69
141989,31456.82
141988,45104.07
141987,61035.1
141986,36664.7
141985,43084.86
141984,23800.64
141983,28023.76
141982,37436.99
141981,37191.72
141980,51234.56
141979,34060.11
141978,21028.86
141977,44334.47
141976,45632.14
141975,45202.59
141974,47826.14
141973,68304.78
141972,47992.32
141971,32981.3
141970,36070.31
141969,33713.88
141968,43241.36
141967,52945.65
141966,61168.26
141965,36803.15
141964,16011.39
141963,21866.03
141962,26752.77
141961,26937.47
141960,37591.78
141959,42103.72
141958,40881.28
141957,20829.28
141956,16312.74
141955,21829.41
141954,25953.3
141953,27829.27
141952,40401.6
141951,29714.72
141950,19365.62
