190213,16860.37
190212,24442.64
190211,23683.83
190210,10654.33
190209,8377.03
190208,9766.16
190207,10767.69
190206,629.04
190205,22474.5
190204,15635.78
190203,6987.56
190202,10681.25
190201,9952.12
190200,12987.2
190199,16199.35
190198,25715.96
190197,19367.74
190196,19298.64
190195,11942.18
190194,10616.02
190193,11355.21
190192,15000.77
190191,24481.44
190190,15398.55
190189,10207.76
190188,5719.28
190187,9084.93
190186,10316.43
190185,14106.89
190184,27798.53
190183,16875.27
190182,9047.14
190181,11624.33
190180,14872.13
190179,12560.29
190178,16358.37
190177,25569.72
190176,14411.1
190175,9362.92
190174,12911.72
190173,15903.95
190172,23297.87
190171,29804.91
190170,47417.0
190169,29104.73
190168,23566.89
190167,18751.17
190166,18239.66
190165,11819.44
190164,21761.36
190163,35856.89
190162,22529.97
190161,11604.93
190160,10324.58
190159,13346.91
190158,14512.17
190157,20277.89
190156,31929.83
190155,17925.85
190154,15457.74
190153,12390.69
190152,13732.64
190151,23982.74
190150,32427.35
190149,42273.36
190148,28720.14
190147,19084.83
190146,18993.45
190145,22593.4
190144,20132.84
190143,24473.87
190142,40144.6
190141,26132.87
190140,16757.97
190139,17188.81
190138,23605.38
190137,21492.67
190136,21728.27
190135,35588.24
190134,23126.9
190133,13316.52
190132,17587.01
190131,20417.05
190130,19278.77
190129,36660.13
190128,42002.78
190127,11166.3
190126,9985.91
190125,13724.11
190124,14434.19
190123,20791.04
190122,27218.62
190121,21585.85
190120,11972.03
190119,20299.13
190118,23410.13
190117,23962.3
190116,37223.1
190115,30928.4
190114,10159.0
190113,11013.56
190112,11248.03
190111,15751.99
190110,19071.76
190109,27367.22
190108,21230.04
190107,11192.87
190106,11978.75
190105,12191.71
190104,19060.01
190103,26628.44
190102,33493.93
190101,26285.9
190100,13988.47
190099,15879.41
190098,15243.76
190097,16796.4
190096,104.98
190095,38165.91
190094,26035.28
190093,12899.58
190092,17885.26
190091,20331.35
190090,23927.57
190089,33360.01
190088,46995.92
190087,27823.48
190086,13556.02
190085,12303.24
190084,14516.1
190083,17190.13
190082,29957.8
190081,38499.66
190080,25245.67
190079,17379.61
190078,16422.29
190077,18209.29
190076,14370.3
190075,23512.79
190074,35523.83
190073,28683.54
190072,15883.75
190071,10873.85
190070,15479.5
190069,21457.91
190068,33523.42
190067,22364.57
190066,28485.75
190065,14484.08
190064,19146.59
190063,14051.74
190062,19619.07
190061,32340.17
190060,23594.91
190059,11485.34
190058,18857.86
190057,18782.26
190056,18774.11
190055,22541.88
190054,35683.45
190053,24534.0
190052,16188.79
190051,17966.17
190050,16042.18
190049,20110.24
190048,26509.99
190047,40173.68
190046,25064.83
190045,12282.62
190044,13409.04
190043,13113.79
190042,12279.73
190041,22530.04
190040,21240.02
190039,24905.53
190038,12051.25
190037,8453.27
190036,12294.63
190035,18580.66
190034,21237.49
190033,31337.56
190032,17750.17
190031,16399.5
