57740,39549.56
57739,64621.91
57738,53519.93
57737,18547.44
57736,16257.12
57735,16668.61
57734,17816.16
57733,1141.06
57732,40519.17
57731,31753.07
57730,16610.1
57729,14088.58
57728,13529.43
57727,28294.08
57726,32220.94
57725,52131.63
57724,39533.15
57723,33676.15
57722,19948.56
57721,22784.69
57720,17747.03
57719,23235.09
57718,52861.38
57717,38828.83
57716,14930.74
57715,13641.8
57714,18063.06
57713,16148.9
57712,31040.53
57711,47416.63
57710,33089.73
57709,19027.59
57708,19083.86
57707,24777.13
57706,23497.03
57705,33591.94
57704,49577.1
57703,36520.62
57702,19345.2
57701,23082.79
57700,23527.38
57699,45801.58
57698,55517.59
57697,91399.2
57696,53052.56
57695,42724.82
57694,25627.21
57693,32948.24
57692,22381.72
57691,41516.73
57690,63000.02
57689,47655.03
57688,20333.32
57687,15827.02
57686,20660.41
57685,20383.33
57684,34232.99
57683,54539.18
57682,38601.34
57681,32425.55
57680,26224.55
57679,23373.77
57678,46181.05
57677,55136.97
57676,76730.57
57675,65256.2
57674,34126.51
57673,36726.85
57672,52213.47
57671,32475.16
57670,43014.43
57669,71587.88
57668,54988.02
57667,29383.15
57666,28474.81
57665,50468.83
57664,47373.76
57663,53557.37
57662,74655.63
57661,48579.69
57660,29052.24
57659,37745.88
57658,42735.77
57657,39386.36
57656,63672.98
57655,94330.41
57654,17709.87
57653,22617.35
57652,20444.02
57651,28895.56
57650,31415.3
57649,53897.6
57648,44815.81
57647,675.15
57646,21057.19
57645,43438.14
57644,42308.12
57643,48129.61
57642,72508.04
57641,66698.16
57640,22180.04
57639,758.05
57638,738.73
57637,273.77
57636,33936.12
57635,54400.78
57634,42778.08
57633,957.37
57632,21900.07
57631,21147.24
57630,49587.66
57629,48971.91
57628,65711.98
57627,58885.01
57626,32196.34
57625,25982.43
57624,31294.92
57623,38633.15
57622,45777.03
57621,91416.21
57620,50973.88
57619,27610.93
57618,31868.52
57617,35757.42
57616,49993.98
57615,57913.66
57614,97472.17
57613,59193.72
57612,21858.57
57611,30287.49
57610,27937.76
57609,32185.69
57608,66684.68
57607,82734.34
57606,62789.73
57605,37071.37
57604,42593.81
57603,37292.35
57602,34043.89
57601,50101.64
57600,70901.61
57599,67081.26
57598,28014.11
57597,26362.37
57596,31192.12
57595,40703.87
57594,49963.5
57593,73073.33
57592,60576.44
57591,67509.85
57590,21312.13
57589,26429.03
57588,35612.35
57587,52861.97
57586,64588.15
57585,47833.13
57584,26290.38
57583,41198.4
57582,39956.73
57581,39749.82
57580,55161.08
57579,71369.59
57578,57536.12
57577,28746.0
57576,38184.77
57575,39273.36
57574,50190.61
57573,58274.91
57572,89180.2
57571,58115.03
57570,25911.73
57569,30527.49
57568,27651.67
57567,34967.68
57566,52152.59
57565,48431.63
57564,64954.15
57563,23475.55
57562,20558.48
57561,25556.79
57560,34726.87
57559,44982.52
57558,54668.99
57557,39060.31
57556,39452.93
