169918,24108.34
169917,38498.08
169916,29095.28
169915,13699.32
169914,13771.54
169913,9047.94
169912,14261.64
169911,461.22
169910,23729.64
169909,10460.78
169908,8038.56
169907,8655.76
169906,9583.1
169905,15151.59
169904,21455.05
169903,33036.23
169902,14710.9
169901,17632.25
169900,14890.36
169899,8529.19
169898,14855.97
169897,14136.65
169896,33046.06
169895,21676.31
169894,10199.36
169893,11249.16
169892,12401.02
169891,13282.99
169890,26937.06
169889,32643.02
169888,17401.43
169887,13070.23
169886,9479.93
169885,13355.12
169884,14155.31
169883,22622.46
169882,35531.35
169881,16631.22
169880,9931.24
169879,9031.28
169878,17479.83
169877,34290.47
169876,39862.11
169875,60642.94
169874,15463.93
169873,20974.82
169872,15154.45
169871,22420.17
169870,17763.83
169869,28849.17
169868,40616.97
169867,24537.96
169866,12274.72
169865,13626.22
169864,12176.42
169863,14024.68
169862,23794.33
169861,43065.22
169860,22186.01
169859,17262.86
169858,13079.99
169857,15952.54
169856,25473.76
169855,37189.31
169854,51614.32
169853,32422.46
169852,24907.1
169851,26938.47
169850,32721.0
169849,19053.27
169848,30603.06
169847,43728.19
169846,28109.24
169845,10422.25
169844,16820.99
169843,30796.67
169842,22624.13
169841,29954.45
169840,49276.19
169839,32720.25
169838,22486.55
169837,27025.89
169836,28740.69
169835,25677.3
169834,46807.94
169833,50854.59
169832,14944.71
169831,14324.68
169830,12996.31
169829,18439.42
169828,28124.78
169827,25700.07
169826,22670.1
169825,1065.09
169824,12833.41
169823,16542.64
169822,21801.62
169821,29113.08
169820,47654.5
169819,24464.4
169818,11317.55
169817,908.45
169816,636.3
169815,484.58
169814,23692.89
169813,32676.55
169812,22575.15
169811,906.8
169810,15418.96
169809,10907.7
169808,30033.97
169807,42856.11
169806,49347.4
169805,23905.07
169804,19241.29
169803,21224.75
169802,22139.87
169801,28180.89
169800,31225.09
169799,51743.96
169798,27998.23
169797,18329.5
169796,19565.42
169795,17970.99
169794,23424.47
169793,29796.26
169792,46792.63
169791,33235.22
169790,18626.31
169789,17747.69
169788,17181.02
169787,15513.28
169786,35525.34
169785,41163.51
169784,27697.44
169783,19014.68
169782,22452.74
169781,23168.09
169780,21487.8
169779,32098.42
169778,43871.95
169777,29312.31
169776,14822.5
169775,18544.08
169774,19482.93
169773,21878.1
169772,33744.83
169771,30551.09
169770,21621.71
169769,28113.16
169768,17237.84
169767,17117.3
169766,21027.14
169765,24100.95
169764,35551.74
169763,20250.09
169762,14147.59
169761,25251.0
169760,27009.06
169759,24449.46
169758,38802.06
169757,41403.97
169756,26445.43
169755,26684.19
169754,24971.92
169753,21809.62
169752,29391.03
169751,36088.94
169750,39721.19
169749,24746.8
169748,16893.33
169747,16659.7
169746,15086.57
169745,18602.5
169744,27288.71
169743,26879.1
169742,27680.14
169741,13546.64
169740,11533.66
169739,14583.75
169738,17932.83
169737,22113.09
169736,26740.82
169735,16847.08
169734,18387.72
