144048,24741.05
144047,34652.62
144046,14983.96
144045,14623.14
144044,9931.63
144043,14555.78
144042,15943.17
144041,430.58
144040,25472.29
144039,21989.6
144038,12228.22
144037,10225.9
144036,12546.63
144035,18753.41
144034,20774.66
144033,29150.65
144032,22629.36
144031,22901.78
144030,13227.6
144029,16378.09
144028,15528.62
144027,17088.54
144026,31203.81
144025,22313.55
144024,10099.68
144023,13207.34
144022,12492.73
144021,12265.64
144020,24761.41
144019,34601.06
144018,26140.34
144017,12866.5
144016,13588.86
144015,17968.07
144014,17124.49
144013,21264.16
144012,32424.61
144011,19883.45
144010,13950.8
144009,15933.33
144008,18228.65
144007,33420.98
144006,35065.33
144005,55444.52
144004,30743.44
144003,27914.68
144002,17037.59
144001,23174.28
144000,15601.29
143999,28027.05
143998,37716.47
143997,29236.43
143996,15476.38
143995,12974.28
143994,14114.65
143993,14267.96
143992,19485.34
143991,38510.49
143990,21717.85
143989,22057.96
143988,15792.86
143987,18471.53
143986,30634.66
143985,33006.23
143984,47487.62
143983,38697.03
143982,26673.33
143981,25550.56
143980,31188.27
143979,21083.42
143978,23953.85
143977,38635.23
143976,35886.58
143975,14995.4
143974,14870.6
143973,28938.67
143972,26496.55
143971,28651.97
143970,40044.03
143969,35082.36
143968,20668.01
143967,25060.28
143966,27634.77
143965,22814.8
143964,37692.06
143963,49964.21
143962,21111.38
143961,20707.51
143960,22502.45
143959,27278.83
143958,33890.5
143957,36752.42
143956,30453.73
143955,7.43
143954,20041.74
143953,30056.09
143952,33423.36
143951,38142.28
143950,44776.09
143949,38243.67
143948,19481.83
143947,24680.84
143946,36440.63
143945,27390.65
143944,23518.62
143943,21591.03
143942,31230.88
143941,32337.74
143940,43683.3
143939,33651.58
143938,17607.8
143937,22622.75
143936,21172.06
143935,20544.54
143934,29822.16
143933,40935.9
143932,27022.65
143931,20677.45
143930,23409.49
143929,20445.58
143928,27823.17
143927,36397.38
143926,46834.59
143925,30345.28
143924,16362.72
143923,21221.85
143922,22857.76
143921,24706.92
143920,37741.02
143919,47526.65
143918,31461.06
143917,22482.37
143916,20989.45
143915,27874.16
143914,19715.47
143913,29380.73
143912,40362.82
143911,32740.68
143910,15829.61
143909,17317.71
143908,16517.65
143907,22169.06
143906,26944.24
143905,34123.39
143904,23171.85
143903,39738.01
143902,15844.59
143901,19174.85
143900,21397.9
143899,31377.79
143898,40327.18
143897,32953.39
143896,19141.09
143895,32792.04
143894,30497.5
143893,28091.1
143892,34069.6
143891,44281.01
143890,35993.56
143889,22749.67
143888,22154.72
143887,24420.07
143886,26704.49
143885,34261.97
143884,41989.82
143883,29372.32
143882,17238.01
143881,20624.54
143880,20033.89
143879,19886.36
143878,28379.54
143877,30225.26
143876,29543.97
143875,19955.21
143874,14854.86
143873,20583.4
143872,24010.85
143871,28455.93
143870,28840.47
143869,23913.93
143868,17163.17
