86579,33340.57
86578,58061.86
86577,50572.78
86576,18889.1
86575,21108.89
86574,24085.38
86573,20295.51
86572,2008.58
86571,47155.3
86570,31526.32
86569,17085.34
86568,16508.05
86567,21106.38
86566,29534.8
86565,35877.67
86564,41429.09
86563,41406.25
86562,37089.34
86561,22269.05
86560,34831.71
86559,28055.17
86558,27840.84
86557,54673.63
86556,34700.47
86555,20418.96
86554,20273.98
86553,22365.86
86552,18775.18
86551,31567.14
86550,52554.08
86549,39678.82
86548,21218.87
86547,23612.58
86546,27258.62
86545,29728.57
86544,15223.97
86543,46220.04
86542,40667.0
86541,14235.06
86540,23958.04
86539,30332.94
86538,49703.77
86537,55663.49
86536,76117.34
86535,45635.9
86534,53635.09
86533,27685.79
86532,37739.58
86531,27956.86
86530,42428.02
86529,66183.31
86528,49984.21
86527,28706.59
86526,22338.71
86525,23855.66
86524,19949.39
86523,37030.84
86522,61683.92
86521,38399.88
86520,32652.74
86519,29325.6
86518,23529.42
86517,50919.26
86516,57004.74
86515,88457.16
86514,69472.28
86513,40622.09
86512,53256.68
86511,69235.35
86510,40752.04
86509,51496.91
86508,70798.1
86507,60809.77
86506,28813.29
86505,26510.66
86504,52593.26
86503,49305.76
86502,50884.78
86501,87115.19
86500,69289.77
86499,30825.74
86498,44768.82
86497,54435.26
86496,43182.94
86495,56499.19
86494,96693.45
86493,25183.1
86492,27119.32
86491,32620.75
86490,30829.28
86489,40052.25
86488,65964.68
86487,50302.74
86486,1797.78
86485,25835.21
86484,45100.66
86483,40915.33
86482,54622.32
86481,82269.41
86480,68420.55
86479,23131.25
86478,726.59
86477,328.22
86476,22.85
86475,44138.28
86474,63285.41
86473,39879.92
86472,1051.61
86471,28649.85
86470,30182.36
86469,55203.56
86468,57782.76
86467,84843.38
86466,67264.57
86465,39569.75
86464,36839.3
86463,44806.54
86462,44965.42
86461,59913.39
86460,85696.29
86459,51126.3
86458,29314.72
86457,40065.43
86456,39324.15
86455,45778.51
86454,57868.44
86453,91418.07
86452,61934.31
86451,27326.29
86450,25660.51
86449,34881.36
86448,33880.36
86447,63504.87
86446,88548.14
86445,79334.53
86444,46166.88
86443,45723.45
86442,54302.84
86441,43158.9
86440,67198.08
86439,79129.24
86438,81195.2
86437,34268.6
86436,39746.39
86435,44484.84
86434,58749.31
86433,70004.14
86432,78283.56
86431,53502.16
86430,75138.15
86429,38860.37
86428,33405.81
86427,42357.82
86426,49661.61
86425,67100.13
86424,51965.71
86423,35627.12
86422,51870.28
86421,55527.16
86420,54571.38
86419,61236.13
86418,79752.31
86417,60959.6
86416,38787.46
86415,49508.04
86414,50880.99
86413,55010.64
86412,65326.85
86411,86402.48
86410,62756.18
86409,38048.84
86408,45031.86
86407,37283.95
86406,39865.3
86405,57469.48
86404,58224.74
86403,55210.13
86402,33358.5
86401,26439.27
86400,41173.6
86399,44033.89
86398,49226.12
86397,56442.54
86396,39966.01
86395,26984.2
