55441,31312.98
55440,72832.51
55439,52646.17
55438,16673.93
55437,20046.18
55436,19634.39
55435,20850.31
55434,2538.36
55433,52002.77
55432,28099.16
55431,13892.75
55430,17289.74
55429,16236.15
55428,30429.81
55427,38699.07
55426,66983.34
55425,52176.77
55424,49767.32
55423,23468.38
55422,32296.25
55421,36962.87
55420,23665.02
55419,284.97
55418,8055.03
55417,15856.23
55416,15646.68
55415,17319.67
55414,16940.38
55413,38885.33
55412,72994.87
55411,38396.17
55410,18215.51
55409,20783.86
55408,17102.47
55407,21600.44
55406,30528.81
55405,66132.47
55404,35084.11
55403,19702.49
55402,8713.04
55401,18855.15
55400,46407.61
55399,62800.67
55398,99061.34
55397,62573.42
55396,34190.48
55395,21648.33
55394,35239.76
55393,28778.85
55392,47901.22
55391,88295.76
55390,58661.1
55389,20941.27
55388,17257.81
55387,18498.51
55386,19199.27
55385,42419.93
55384,80756.15
55383,44713.57
55382,35515.93
55381,25446.46
55380,23106.06
55379,51241.84
55378,57350.4
55377,117616.39
55376,82867.92
55375,45016.5
55374,59826.14
55373,72011.39
55372,41665.03
55371,55890.99
55370,95894.43
55369,68384.93
55368,21361.81
55367,25113.58
55366,51580.48
55365,45667.96
55364,60027.4
55363,105420.9
55362,59711.65
55361,36319.75
55360,44002.84
55359,56237.87
55358,50811.39
55357,76718.28
55356,104003.29
55355,27294.66
55354,21308.42
55353,24620.84
55352,30781.57
55351,38212.52
55350,73756.69
55349,45684.45
55348,702.05
55347,21349.05
55346,33755.25
55345,32056.43
55344,54089.12
55343,71378.95
55342,68466.48
55341,21229.51
55340,919.09
55339,721.43
55338,334.97
55337,39071.48
55336,59054.05
55335,46888.14
55334,1846.65
55333,22845.53
55332,26642.23
55331,53452.57
55330,66879.4
55329,103724.7
55328,70852.18
55327,39814.96
55326,46609.98
55325,40752.17
55324,33877.06
55323,60520.77
55322,103794.16
55321,52089.33
55320,27814.08
55319,32658.23
55318,33179.12
55317,48633.62
55316,58187.22
55315,108374.27
55314,56713.1
55313,22328.4
55312,25449.3
55311,20332.96
55310,22408.04
55309,59031.89
55308,88121.88
55307,69017.45
55306,41409.28
55305,38029.72
55304,38545.11
55303,42902.01
55302,48891.84
55301,94673.03
55300,82440.12
55299,26698.61
55298,28634.07
55297,34460.82
55296,53263.58
55295,68444.59
55294,84748.47
55293,66026.03
55292,78954.78
55291,34705.64
55290,33870.89
55289,49381.86
55288,60587.04
55287,71749.92
55286,67795.39
55285,26757.33
55284,56095.05
55283,51597.97
55282,52805.6
55281,59077.17
55280,92193.8
55279,72104.45
55278,42053.28
55277,43964.11
55276,39406.17
55275,46174.71
55274,70180.98
55273,80004.38
55272,57393.95
55271,26609.22
55270,30581.03
55269,31153.01
55268,39290.07
55267,53079.16
55266,57234.59
55265,58391.36
55264,22650.1
55263,21620.81
55262,28306.83
55261,34778.21
55260,42666.34
55259,50899.65
55258,34437.25
55257,34208.93
