109746,29772.62
109745,49046.97
109744,42558.07
109743,10695.18
109742,8839.88
109741,13544.61
109740,11598.44
109739,1838.13
109738,27841.98
109737,21625.94
109736,9208.61
109735,9172.62
109734,8652.16
109733,19096.79
109732,27276.93
109731,52475.37
109730,27433.22
109729,30484.44
109728,17450.7
109727,18063.33
109726,19575.89
109725,20549.76
109724,48863.35
109723,41102.21
109722,13287.28
109721,15325.96
109720,15120.4
109719,11526.76
109718,26510.21
109717,44490.99
109716,32776.85
109715,14649.73
109714,12653.58
109713,17642.86
109712,19649.94
109711,25439.12
109710,45701.83
109709,28585.33
109708,13425.17
109707,13727.33
109706,15371.32
109705,38836.82
109704,43631.14
109703,72318.93
109702,37993.68
109701,33365.07
109700,17228.29
109699,28920.9
109698,16872.41
109697,30856.77
109696,58321.5
109695,50438.51
109694,15830.95
109693,16794.39
109692,12398.65
109691,19605.16
109690,27578.49
109689,56649.24
109688,38402.19
109687,24615.93
109686,11067.73
109685,16965.02
109684,35224.5
109683,51072.18
109682,83658.44
109681,79529.15
109680,37978.12
109679,43167.07
109678,55683.46
109677,28639.8
109676,38032.11
109675,61947.04
109674,51890.5
109673,19244.52
109672,13493.43
109671,38893.51
109670,33575.15
109669,44505.81
109668,94889.09
109667,75400.48
109666,36457.83
109665,35659.11
109664,42506.02
109663,29925.6
109662,61139.59
109661,78256.3
109660,-27.98
109659,23361.19
109658,18898.55
109657,21940.91
109656,24343.57
109655,31358.77
109654,42705.72
109653,42256.68
109652,9643.06
109651,18881.76
109650,25051.88
109649,24169.5
109648,37455.27
109647,66672.83
109646,51656.88
109645,1110.86
109644,16372.09
109643,17548.6
109642,21480.31
109641,32297.3
109640,47111.35
109639,44703.41
109638,20985.14
109637,20980.6
109636,17850.59
109635,49065.85
109634,53149.84
109633,80954.71
109632,61309.05
109631,31419.05
109630,30642.62
109629,32688.77
109628,33075.52
109627,1079.87
109626,84164.15
109625,54316.24
109624,23992.07
109623,24658.64
109622,26228.3
109621,40228.69
109620,50363.36
109619,80290.95
109618,52632.41
109617,17873.54
109616,18035.69
109615,22479.45
109614,24256.61
109613,48480.76
109612,76791.95
109611,60814.63
109610,37630.35
109609,34314.4
109608,38451.35
109607,36689.03
109606,48674.53
109605,71302.59
109604,71865.05
109603,27171.3
109602,27905.75
109601,31206.18
109600,299.02
109599,62367.53
109598,65840.69
109597,59961.52
109596,67207.09
109595,28175.6
109594,31544.6
109593,35940.96
109592,39301.03
109591,59256.62
109590,46325.98
109589,24015.65
109588,43487.76
109587,44747.56
109586,39213.97
109585,47823.96
109584,67291.95
109583,63378.55
109582,36179.43
109581,38596.56
109580,39855.99
109579,41820.27
109578,62026.34
109577,72337.76
109576,55839.48
109575,28086.9
109574,25056.77
109573,21319.49
109572,28249.92
109571,40818.67
109570,44231.41
109569,56646.92
109568,21331.02
109567,18439.85
109566,25741.98
109565,27198.66
109564,33831.63
109563,39614.44
109562,30864.05
109561,28055.3
