25123,21484.3
25122,37404.89
25121,46559.25
25120,14959.83
25119,12991.04
25118,10967.71
25117,15613.43
25116,311.35
25115,28319.14
25114,23645.5
25113,11360.71
25112,10389.49
25111,10605.46
25110,18997.26
25109,22745.57
25108,28381.68
25107,25724.96
25106,29567.85
25105,15123.06
25104,14040.37
25103,18339.75
25102,16174.0
25101,30401.3
25100,26547.2
25099,10581.53
25098,14348.42
25097,12767.25
25096,14278.27
25095,23527.62
25094,31307.33
25093,19817.33
25092,14086.97
25091,14185.24
25090,21598.25
25089,19146.44
25088,26633.75
25087,35548.26
25086,22911.68
25085,15856.6
25084,13969.55
25083,17472.87
25082,33342.49
25081,44169.69
25080,60044.96
25079,38764.5
25078,35125.76
25077,21757.79
25076,22258.14
25075,19942.44
25074,29417.97
25073,45301.14
25072,36496.66
25071,15263.54
25070,13728.02
25069,18825.16
25068,17377.55
25067,22231.85
25066,37180.11
25065,23289.23
25064,22205.36
25063,19351.64
25062,18152.5
25061,39137.08
25060,42096.46
25059,54316.16
25058,52039.33
25057,26668.88
25056,31907.93
25055,42399.4
25054,20966.82
25053,28786.81
25052,42482.27
25051,34178.01
25050,12584.34
25049,17247.8
25048,29632.26
25047,27282.74
25046,35360.26
25045,49397.58
25044,40953.6
25043,24545.01
25042,30656.28
25041,37823.37
25040,30060.77
25039,43923.05
25038,61920.55
25037,-46.54
25036,17994.13
25035,15703.06
25034,22232.23
25033,23417.01
25032,25128.23
25031,38360.97
25030,29414.32
25029,283.98
25028,17642.7
25027,27033.22
25026,28555.76
25025,32968.79
25024,46106.43
25023,45422.93
25022,15674.23
25021,14043.88
25020,20144.59
25019,20284.45
25018,26406.54
25017,30656.46
25016,27189.47
25015,11604.71
25014,16537.8
25013,18841.49
25012,34683.3
25011,34495.16
25010,45921.06
25009,37626.32
25008,19146.97
25007,25030.99
25006,22636.21
25005,30480.93
25004,959.57
25003,61548.93
25002,30667.43
25001,19979.92
25000,25554.6
24999,26998.16
24998,34875.79
24997,46975.87
24996,67178.96
24995,43292.94
24994,15956.75
24993,16241.12
24992,19097.91
24991,15787.47
24990,43990.05
24989,49260.67
24988,41633.42
24987,20614.72
24986,26630.93
24985,31569.8
24984,30896.69
24983,37105.73
24982,49910.25
24981,48259.4
24980,20040.8
24979,19233.23
24978,19605.46
24977,207.22
24976,34399.19
24975,41430.91
24974,33095.39
24973,46158.24
24972,19165.0
24971,18660.68
24970,22961.15
24969,30763.82
24968,35491.61
24967,31410.24
24966,17104.5
24965,37485.11
24964,33975.85
24963,31315.93
24962,36331.7
24961,48346.11
24960,39854.51
24959,24219.69
24958,31011.68
24957,27759.13
24956,33893.27
24955,48237.58
24954,60508.44
24953,51562.48
24952,16461.17
24951,15957.0
24950,21590.97
24949,26370.65
24948,31521.81
24947,35650.81
24946,40114.33
24945,16772.97
24944,13273.16
24943,19338.21
24942,23119.96
24941,26140.19
24940,36924.76
24939,31743.71
24938,23028.79
