27237,36575.76
27236,60979.01
27235,42045.77
27234,15409.73
27233,13745.4
27232,13278.87
27231,17237.07
27230,1366.3
27229,37252.52
27228,21430.96
27227,12212.24
27226,9723.33
27225,11366.89
27224,23937.94
27223,25974.32
27222,49127.0
27221,28363.15
27220,34545.75
27219,19313.25
27218,10594.04
27217,19666.39
27216,20193.18
27215,40527.96
27214,31086.67
27213,11193.61
27212,14797.95
27211,12668.61
27210,7616.25
27209,26723.0
27208,46587.41
27207,29019.12
27206,14610.62
27205,15971.43
27204,19007.2
27203,19205.37
27202,28170.97
27201,44603.86
27200,29614.86
27199,11411.26
27198,12311.66
27197,19552.26
27196,40139.53
27195,49904.25
27194,84948.34
27193,40037.75
27192,31272.84
27191,23375.52
27190,29670.5
27189,25152.51
27188,38764.18
27187,59400.06
27186,46108.69
27185,19053.21
27184,17532.49
27183,21119.64
27182,15200.16
27181,28221.79
27180,53415.48
27179,31966.15
27178,25809.48
27177,14279.13
27176,19102.29
27175,34766.57
27174,57131.3
27173,84453.51
27172,61665.08
27171,40407.77
27170,40999.43
27169,58366.28
27168,28014.65
27167,40012.48
27166,71791.18
27165,49177.88
27164,20740.44
27163,19686.34
27162,42384.3
27161,38992.94
27160,48214.98
27159,77227.0
27158,54152.08
27157,37500.62
27156,35843.01
27155,49680.57
27154,31999.82
27153,67380.07
27152,75148.68
27151,17212.93
27150,21335.74
27149,23067.67
27148,22112.11
27147,33891.65
27146,48307.91
27145,33156.4
27144,476.37
27143,18678.49
27142,25882.02
27141,27981.48
27140,44628.27
27139,70599.05
27138,46333.46
27137,13449.44
27136,17976.66
27135,16459.4
27134,25033.13
27133,30986.59
27132,45323.34
27131,36441.88
27130,21426.62
27129,21744.83
27128,22392.37
27127,54033.17
27126,58535.13
27125,65348.7
27124,49369.77
27123,35552.24
27122,30803.48
27121,38323.33
27120,31954.92
27119,1202.18
27118,79689.01
27117,44414.37
27116,25010.7
27115,27810.77
27114,26686.79
27113,37496.55
27112,51217.64
27111,73065.05
27110,48314.12
27109,18972.63
27108,16915.11
27107,22049.58
27106,18187.78
27105,47829.54
27104,68372.01
27103,43251.95
27102,28546.77
27101,32671.96
27100,34500.66
27099,28912.35
27098,38057.73
27097,71934.97
27096,50586.64
27095,22944.02
27094,22426.03
27093,26688.48
27092,426.37
27091,53502.79
27090,58934.74
27089,41992.47
27088,50666.02
27087,23877.69
27086,25365.71
27085,27088.65
27084,37266.89
27083,54259.64
27082,37440.4
27081,18477.82
27080,45799.71
27079,37485.03
27078,38586.9
27077,45765.58
27076,60834.01
27075,47484.32
27074,32472.98
27073,34732.49
27072,31175.59
27071,42762.53
27070,49600.07
27069,60955.62
27068,42655.51
27067,19502.0
27066,22421.3
27065,21915.45
27064,23518.2
27063,38721.09
27062,39972.18
27061,41621.89
27060,20808.05
27059,12244.25
27058,24164.1
27057,21988.97
27056,32450.67
27055,37177.32
27054,30269.98
27053,28095.89
