189256,26437.24
189255,50521.84
189254,47078.86
189253,20021.93
189252,16412.42
189251,19626.39
189250,19769.68
189249,89.32
189248,32675.22
189247,28807.57
189246,17610.53
189245,20118.75
189244,21301.46
189243,39344.85
189242,24780.91
189241,44565.15
189240,34800.06
189239,38293.44
189238,27802.65
189237,29156.47
189236,26116.66
189235,25055.21
189234,55724.75
189233,38464.88
189232,22202.52
189231,17494.32
189230,23754.96
189229,15969.35
189228,37173.97
189227,47288.08
189226,29378.16
189225,22894.56
189224,24170.04
189223,20107.12
189222,28148.23
189221,34012.75
189220,45964.49
189219,33157.66
189218,25644.1
189217,30801.07
189216,28997.89
189215,49591.08
189214,52491.75
189213,84052.1
189212,45920.59
189211,46786.68
189210,31779.03
189209,32877.97
189208,26949.53
189207,38404.67
189206,55864.14
189205,39921.32
189204,24285.32
189203,23497.17
189202,22404.29
189201,29148.15
189200,34441.72
189199,54211.06
189198,30399.8
189197,33970.75
189196,23074.81
189195,24255.37
189194,49564.87
189193,45140.57
189192,64723.26
189191,53405.81
189190,38193.18
189189,44316.13
189188,47005.08
189187,37885.73
189186,40968.09
189185,55868.36
189184,44476.88
189183,26636.13
189182,27086.27
189181,47494.02
189180,36491.17
189179,47847.27
189178,74692.6
189177,54074.4
189176,46449.95
189175,41339.07
189174,45216.93
189173,33441.42
189172,53921.97
189171,75162.82
189170,-33.99
189169,26091.52
189168,25353.87
189167,23989.96
189166,28197.59
189165,32302.98
189164,45546.77
189163,42297.81
189162,18006.74
189161,19666.22
189160,36615.19
189159,35317.37
189158,47517.69
189157,66200.67
189156,45926.44
189155,839.82
189154,17184.05
189153,23245.62
189152,26017.71
189151,29488.05
189150,45113.9
189149,34496.61
189148,16537.97
189147,16831.18
189146,23059.41
189145,40607.62
189144,47828.51
189143,57971.48
189142,45280.76
189141,25813.86
189140,30140.43
189139,32558.52
189138,33282.13
189137,449.75
189136,64576.71
189135,38833.47
189134,23252.19
189133,29698.89
189132,25270.21
189131,39021.64
189130,46224.48
189129,70612.94
189128,44699.96
189127,21828.43
189126,22813.11
189125,21023.27
189124,23978.0
189123,46050.2
189122,58091.95
189121,47153.67
189120,28100.72
189119,30793.85
189118,27580.66
189117,28524.79
189116,33165.35
189115,56286.48
189114,53299.3
189113,16189.45
189112,22998.77
189111,19807.84
189110,220.7
189109,31961.02
189108,52042.65
189107,37963.77
189106,40460.52
189105,17860.98
189104,19770.62
189103,26182.61
189102,32325.22
189101,48148.51
189100,37509.11
189099,16401.98
189098,32393.33
189097,24225.63
189096,27625.78
189095,32443.62
189094,54279.36
189093,45250.2
189092,24340.41
189091,26029.98
189090,26980.61
189089,28727.91
189088,37739.15
189087,59880.95
189086,37571.5
189085,17399.76
189084,17109.36
189083,21625.26
189082,18149.0
189081,30763.95
189080,35045.97
189079,37610.7
189078,16161.57
189077,13200.15
189076,17076.35
189075,22785.23
189074,28521.69
189073,36141.79
189072,30819.86
189071,22029.65
