10335,35727.07
10334,59653.28
10333,51155.11
10332,12166.31
10331,14802.09
10330,15308.61
10329,19124.62
10328,914.13
10327,44024.88
10326,24968.62
10325,17051.51
10324,10943.69
10323,15295.12
10322,42278.68
10321,38987.99
10320,69625.38
10319,43899.28
10318,39884.46
10317,28372.95
10316,29833.4
10315,28708.4
10314,36156.12
10313,70887.23
10312,57029.99
10311,13175.26
10310,11056.47
10309,12357.07
10308,16497.12
10307,40628.29
10306,62648.41
10305,42762.07
10304,20727.52
10303,13568.4
10302,25309.58
10301,24945.22
10300,31346.16
10299,57327.05
10298,37023.39
10297,14551.68
10296,18714.01
10295,22231.88
10294,56333.45
10293,64158.52
10292,107953.38
10291,68953.97
10290,45987.35
10289,34446.42
10288,39589.7
10287,31517.1
10286,47923.3
10285,84510.07
10284,70154.05
10283,20065.65
10282,21982.52
10281,23087.76
10280,22309.15
10279,34839.03
10278,64336.77
10277,44127.03
10276,31736.81
10275,11800.25
10274,23010.26
10273,60007.04
10272,68038.25
10271,114345.07
10270,87984.01
10269,57345.87
10268,54714.37
10267,81270.45
10266,37456.43
10265,42942.12
10264,73998.16
10263,65461.01
10262,21116.18
10261,23144.22
10260,47484.45
10259,44683.07
10258,56332.05
10257,108065.38
10256,89740.42
10255,39133.61
10254,51621.16
10253,52145.42
10252,33484.96
10251,89004.64
10250,123211.49
10249,-69.98
10248,26449.25
10247,22708.47
10246,25139.84
10245,32606.4
10244,35663.97
10243,43944.24
10242,46134.77
10241,1215.45
10240,16419.74
10239,39875.94
10238,38876.32
10237,52450.55
10236,88756.5
10235,74765.32
10234,19604.52
10233,1272.38
10232,795.74
10231,145.63
10230,31142.82
10229,53281.42
10228,50193.22
10227,1060.43
10226,19825.56
10225,19346.16
10224,63275.76
10223,69970.3
10222,94244.24
10221,80600.09
10220,41119.62
10219,45954.32
10218,45191.94
10217,42288.57
10216,66996.43
10215,97662.26
10214,49361.83
10213,27201.85
10212,29254.23
10211,30306.08
10210,59628.74
10209,68394.31
10208,108403.93
10207,70090.58
10206,18607.44
10205,18867.53
10204,24311.33
10203,25153.59
10202,58150.18
10201,89727.37
10200,63873.37
10199,39635.39
10198,40256.87
10197,46454.65
10196,45426.08
10195,60454.3
10194,76117.55
10193,84756.05
10192,30007.98
10191,32194.73
10190,37211.56
10189,53362.51
10188,61260.12
10187,66229.8
10186,63309.67
10185,62715.88
10184,33055.9
10183,26994.06
10182,35172.82
10181,49264.72
10180,67490.29
10179,51946.65
10178,28726.97
10177,65144.84
10176,56300.7
10175,51291.61
10174,69673.76
10173,94725.38
10172,72788.98
10171,47659.69
10170,47631.66
10169,51469.51
10168,52810.77
10167,71529.2
10166,76688.88
10165,67069.92
10164,26826.3
10163,28689.41
10162,27293.02
10161,36745.31
10160,54710.88
10159,51656.94
10158,66986.36
10157,23485.26
10156,22762.19
10155,30157.6
10154,35198.68
10153,44804.7
10152,49059.12
10151,40526.7
10150,25536.74
