97320,24921.57
97319,41959.1
97318,47906.23
97317,13281.45
97316,12079.89
97315,11900.94
97314,18661.12
97313,522.91
97312,27643.89
97311,27049.83
97310,11083.14
97309,8281.73
97308,11949.31
97307,21561.04
97306,24312.61
97305,37741.18
97304,30345.04
97303,26323.07
97302,13840.92
97301,18740.62
97300,18112.51
97299,18622.54
97298,38482.86
97297,29715.63
97296,12649.69
97295,11355.26
97294,10312.99
97293,12590.92
97292,25424.59
97291,39360.79
97290,20145.64
97289,20059.39
97288,17719.64
97287,19740.58
97286,24850.71
97285,26477.81
97284,38619.97
97283,23500.32
97282,17479.04
97281,21310.06
97280,20395.31
97279,41537.99
97278,55231.03
97277,66439.2
97276,47636.77
97275,41573.1
97274,26061.02
97273,28295.16
97272,20023.54
97271,35084.83
97270,46747.2
97269,43272.67
97268,17202.53
97267,14707.8
97266,19133.13
97265,16370.11
97264,30290.01
97263,43366.14
97262,33460.26
97261,29896.55
97260,19936.81
97259,18161.25
97258,42018.74
97257,45858.69
97256,57865.29
97255,51289.98
97254,29776.37
97253,33533.29
97252,53168.72
97251,29978.77
97250,29133.4
97249,52129.5
97248,45319.19
97247,17572.31
97246,19796.3
97245,41512.24
97244,32975.34
97243,40977.78
97242,55335.7
97241,52741.59
97240,34242.74
97239,35335.19
97238,48540.38
97237,36365.36
97236,52674.31
97235,77182.91
97234,17475.81
97233,17851.1
97232,21807.42
97231,24140.06
97230,31950.39
97229,42051.5
97228,35813.43
97227,18510.56
97226,16641.13
97225,27951.98
97224,29187.06
97223,35218.94
97222,56218.83
97221,58840.4
97220,1530.62
97219,18495.42
97218,21775.58
97217,24218.25
97216,29437.54
97215,40310.42
97214,35811.67
97213,16402.75
97212,20270.68
97211,20208.77
97210,42433.02
97209,44608.99
97208,56947.71
97207,49366.71
97206,26850.6
97205,30334.77
97204,28770.3
97203,29294.65
97202,1183.83
97201,72211.73
97200,38603.99
97199,26379.58
97198,26543.87
97197,36245.21
97196,40294.05
97195,53401.38
97194,88974.37
97193,52644.66
97192,19332.43
97191,17760.91
97190,21546.9
97189,22812.9
97188,47156.45
97187,57787.13
97186,47542.31
97185,26005.4
97184,28447.34
97183,37768.26
97182,36798.23
97181,42690.99
97180,57040.83
97179,55209.45
97178,17923.83
97177,16017.98
97176,21289.53
97175,357.88
97174,40402.57
97173,50618.93
97172,44026.83
97171,55801.94
97170,21477.74
97169,18764.71
97168,29862.04
97167,41335.31
97166,48344.91
97165,50854.66
97164,28755.5
97163,50112.91
97162,37150.45
97161,37839.19
97160,51887.34
97159,55054.4
97158,53234.41
97157,30380.7
97156,33227.08
97155,33445.5
97154,42140.65
97153,58869.69
97152,74879.53
97151,56079.65
97150,17592.98
97149,24693.68
97148,26085.65
97147,32833.32
97146,42576.08
97145,41517.9
97144,50703.62
97143,20870.52
97142,15348.54
97141,20821.12
97140,30595.9
97139,35279.49
97138,45481.4
97137,42394.5
97136,29146.72
