55249,29630.6
55248,51012.49
55247,50079.55
55246,21141.34
55245,17035.93
55244,16661.36
55243,17018.73
55242,1060.17
55241,32392.74
55240,26930.03
55239,15492.47
55238,18114.71
55237,15978.03
55236,28229.1
55235,30092.59
55234,48581.24
55233,30941.52
55232,26419.49
55231,17386.1
55230,19443.03
55229,20757.54
55228,21554.41
55227,45508.58
55226,40321.03
55225,15408.46
55224,12902.98
55223,18034.06
55222,16706.1
55221,29436.73
55220,45358.0
55219,34577.71
55218,20327.78
55217,16446.08
55216,25283.98
55215,23132.93
55214,25202.06
55213,40812.37
55212,29483.8
55211,13481.96
55210,19520.28
55209,20816.57
55208,46534.21
55207,50905.22
55206,77262.17
55205,47514.53
55204,31672.52
55203,21281.22
55202,30858.6
55201,22178.47
55200,34644.9
55199,61908.23
55198,46329.89
55197,21681.27
55196,22707.01
55195,16448.45
55194,17315.25
55193,28513.08
55192,50868.51
55191,38748.35
55190,28128.39
55189,10751.2
55188,20385.91
55187,41073.11
55186,46484.65
55185,71184.47
55184,69294.67
55183,40821.75
55182,43065.28
55181,62175.95
55180,31040.31
55179,41812.08
55178,56714.46
55177,53880.43
55176,23249.02
55175,23587.53
55174,39536.91
55173,40240.75
55172,41330.21
55171,72575.37
55170,55439.13
55169,33715.97
55168,35329.65
55167,38366.4
55166,25073.69
55165,44618.6
55164,83023.87
55163,21508.1
55162,17263.8
55161,22470.5
55160,26018.95
55159,33459.21
55158,41579.21
55157,47174.13
55156,17440.84
55155,18904.07
55154,28884.2
55153,34393.18
55152,36824.9
55151,66969.37
55150,56789.43
55149,725.58
55148,17810.7
55147,20579.75
55146,23489.12
55145,30989.61
55144,53251.1
55143,45398.03
55142,23052.14
55141,18005.96
55140,22827.07
55139,45799.19
55138,44271.04
55137,70286.98
55136,57226.01
55135,27530.33
55134,31219.9
55133,34791.43
55132,36537.05
55131,625.73
55130,82303.22
55129,49473.96
55128,24900.51
55127,23069.85
55126,28604.45
55125,40554.02
55124,53611.94
55123,90266.36
55122,54978.13
55121,24800.25
55120,25582.65
55119,23353.73
55118,28699.07
55117,58764.16
55116,69634.35
55115,56495.33
55114,35837.18
55113,37132.74
55112,41409.49
55111,39688.0
55110,47644.42
55109,71751.19
55108,70237.38
55107,27862.34
55106,30159.06
55105,36342.62
55104,151.29
55103,54903.13
55102,67136.4
55101,61322.37
55100,60412.63
55099,27285.2
55098,24290.95
55097,31460.5
55096,42058.26
55095,64330.59
55094,46447.22
55093,21596.77
55092,39873.23
55091,38273.84
55090,39745.43
55089,55354.89
55088,74893.93
55087,57299.54
55086,30701.9
55085,33223.72
55084,45210.56
55083,41095.38
55082,59955.21
55081,80742.36
55080,66045.38
55079,24267.09
55078,22393.17
55077,23494.87
55076,27230.93
55075,35447.59
55074,43922.54
55073,54729.91
55072,16280.46
55071,17773.29
55070,23605.91
55069,29344.8
55068,35158.36
55067,45640.22
55066,35625.56
55065,22761.7
