42396,25582.42
42395,55304.95
42394,35112.2
42393,13004.35
42392,17794.86
42391,13461.14
42390,15171.39
42389,43.46
42388,23816.18
42387,18495.13
42386,8728.47
42385,6294.76
42384,12140.52
42383,32695.48
42382,30479.75
42381,45261.51
42380,24225.02
42379,30502.03
42378,17830.63
42377,17099.83
42376,22652.32
42375,17921.02
42374,12293.95
42373,42266.15
42372,11598.78
42371,13970.07
42370,14571.76
42369,10523.17
42368,26527.42
42367,43959.83
42366,29953.92
42365,17695.15
42364,14420.85
42363,18219.4
42362,20968.7
42361,26074.33
42360,45048.79
42359,25527.4
42358,14070.84
42357,8559.79
42356,12311.86
42355,43621.87
42354,48557.61
42353,66305.51
42352,52741.39
42351,35036.6
42350,19105.36
42349,30996.65
42348,29003.55
42347,42731.1
42346,65501.46
42345,45512.22
42344,15910.27
42343,18839.3
42342,15470.84
42341,12818.31
42340,25493.47
42339,50409.27
42338,31051.48
42337,27062.37
42336,15657.47
42335,14033.32
42334,47835.44
42333,48554.0
42332,81291.84
42331,67425.06
42330,40975.44
42329,50784.1
42328,67941.04
42327,30454.3
42326,40467.05
42325,61113.23
42324,44441.06
42323,14421.53
42322,15041.7
42321,49291.2
42320,38787.95
42319,52772.35
42318,86246.02
42317,51399.08
42316,35750.49
42315,36572.94
42314,54528.43
42313,39690.91
42312,57900.64
42311,77626.07
42310,15703.68
42309,14407.15
42308,21741.14
42307,21511.13
42306,30579.1
42305,40471.26
42304,28229.44
42303,9131.3
42302,17068.44
42301,32863.12
42300,26834.97
42299,38929.4
42298,55341.39
42297,47471.98
42296,245.04
42295,14996.87
42294,21396.0
42293,23079.58
42292,27781.12
42291,40063.53
42290,34886.53
42289,18025.06
42288,19822.23
42287,23678.02
42286,59346.44
42285,61531.94
42284,83707.48
42283,55737.99
42282,36542.2
42281,43308.87
42280,38313.45
42279,30776.76
42278,81.39
42277,77187.85
42276,37594.56
42275,20712.22
42274,24876.87
42273,23530.29
42272,46524.82
42271,58141.61
42270,75542.46
42269,38974.98
42268,14455.46
42267,15319.27
42266,20079.02
42265,22550.65
42264,57867.53
42263,77391.94
42262,57007.92
42261,33042.73
42260,32080.37
42259,35974.76
42258,34156.65
42257,44131.85
42256,70700.73
42255,60985.48
42254,18512.14
42253,17339.48
42252,24351.61
42251,42517.2
42250,58758.84
42249,44989.72
42248,53907.42
42247,26980.42
42246,25133.09
42245,28474.23
42244,38615.25
42243,42041.34
42242,43736.64
42241,21112.99
42240,49936.82
42239,53030.12
42238,37112.99
42237,45558.63
42236,68708.35
42235,45971.12
42234,38669.44
42233,41020.66
42232,39307.84
42231,37367.02
42230,57273.52
42229,70371.66
42228,43170.65
42227,19653.26
42226,18139.33
42225,21323.93
42224,31188.88
42223,37507.17
42222,42173.33
42221,44196.8
42220,20527.55
42219,16125.77
42218,23007.27
42217,27567.3
42216,30072.5
42215,38410.7
42214,26507.49
42213,22161.53
