14758,38917.32
14757,67363.45
14756,36162.26
14755,19886.25
14754,19974.43
14753,22426.4
14752,21833.22
14751,2681.76
14750,28913.75
14749,27795.34
14748,13588.04
14747,15187.57
14746,14404.54
14745,35875.82
14744,41471.43
14743,65038.33
14742,33770.07
14741,34390.47
14740,24995.11
14739,17650.14
14738,21775.44
14737,29949.49
14736,64013.72
14735,37303.05
14734,18606.05
14733,17901.24
14732,17356.79
14731,23516.41
14730,42518.75
14729,64479.11
14728,39355.26
14727,23113.7
14726,16339.77
14725,25718.62
14724,28257.69
14723,41126.61
14722,60554.93
14721,28107.92
14720,18663.0
14719,22256.2
14718,28156.31
14717,67481.48
14716,74207.13
14715,122130.67
14714,38256.54
14713,51781.08
14712,39254.9
14711,40552.52
14710,27270.84
14709,57050.28
14708,87431.77
14707,58806.41
14706,27374.57
14705,28032.74
14704,10753.9
14703,22645.39
14702,45581.0
14701,73134.46
14700,39986.93
14699,36675.81
14698,23746.34
14697,23483.07
14696,49385.4
14695,72398.4
14694,109145.97
14693,76120.82
14692,46858.29
14691,52952.0
14690,69133.56
14689,41141.52
14688,50352.79
14687,88817.08
14686,58361.27
14685,25021.09
14684,29412.61
14683,56879.51
14682,51719.71
14681,73536.26
14680,100102.27
14679,65071.12
14678,47354.15
14677,46089.84
14676,55182.11
14675,42436.95
14674,75578.78
14673,84107.94
14672,-13.99
14671,26903.95
14670,25264.1
14669,25281.08
14668,32941.43
14667,46061.14
14666,64098.41
14665,40382.34
14664,1401.66
14663,24666.72
14662,35721.42
14661,39400.74
14660,53104.26
14659,88509.71
14658,52675.63
14657,27208.65
14656,27652.61
14655,28741.33
14654,27125.47
14653,46242.94
14652,65334.81
14651,58594.24
14650,38300.31
14649,32876.95
14648,30430.04
14647,61103.73
14646,77435.56
14645,93912.45
14644,64971.39
14643,42224.03
14642,41240.18
14641,52854.4
14640,47475.7
14639,1344.3
14638,104433.61
14637,54165.49
14636,30132.09
14635,32345.91
14634,37090.13
14633,51420.49
14632,55113.88
14631,87975.51
14630,50615.01
14629,30855.85
14628,33556.43
14627,27834.06
14626,35773.96
14625,69360.41
14624,93798.67
14623,66475.37
14622,41894.97
14621,43820.13
14620,48703.41
14619,43239.13
14618,56527.06
14617,81585.82
14616,58206.38
14615,30707.14
14614,45645.21
14613,45735.47
14612,530.46
14611,73361.8
14610,81899.5
14609,58012.33
14608,70508.12
14607,36356.33
14606,43020.37
14605,46716.66
14604,55069.2
14603,72772.68
14602,47110.32
14601,31222.75
14600,64266.65
14599,55799.17
14598,56018.68
14597,69046.99
14596,86836.28
14595,63284.92
14594,53199.42
14593,51399.27
14592,56120.09
14591,62117.31
14590,73850.28
14589,83595.92
14588,53261.39
14587,26462.12
14586,37073.06
14585,33620.07
14584,41012.05
14583,50849.06
14582,45813.95
14581,55197.75
14580,29194.0
14579,26269.07
14578,29276.46
14577,37081.71
14576,44986.26
14575,48207.77
14574,38529.37
14573,26644.73
