137924,24187.35
137923,62422.36
137922,42073.77
137921,12407.81
137920,15137.34
137919,20058.91
137918,20131.02
137917,1072.09
137916,41970.72
137915,26636.71
137914,9126.44
137913,6511.86
137912,10434.06
137911,28890.56
137910,41003.59
137909,58493.61
137908,36668.96
137907,37333.91
137906,27026.78
137905,24091.29
137904,25736.59
137903,30143.32
137902,59104.36
137901,41800.38
137900,12311.84
137899,11985.09
137898,16670.08
137897,16200.85
137896,29185.69
137895,53837.92
137894,32484.0
137893,19763.26
137892,20503.44
137891,20614.09
137890,25859.06
137889,29778.47
137888,48032.32
137887,32230.92
137886,17388.69
137885,20755.51
137884,15315.3
137883,54732.53
137882,40615.97
137881,77258.39
137880,55650.89
137879,56520.34
137878,13910.86
137877,39801.44
137876,32116.86
137875,50017.93
137874,73195.02
137873,52389.03
137872,23029.35
137871,26367.55
137870,23348.13
137869,18664.24
137868,33965.24
137867,73588.34
137866,49198.52
137865,36536.06
137864,19034.08
137863,21659.23
137862,67309.07
137861,78799.13
137860,115298.42
137859,88256.35
137858,55683.17
137857,57659.5
137856,86573.57
137855,39027.46
137854,56247.67
137853,79744.44
137852,66994.83
137851,26577.16
137850,30241.03
137849,61859.39
137848,55557.58
137847,63544.85
137846,92823.02
137845,71148.4
137844,46534.56
137843,51495.07
137842,59886.48
137841,45750.93
137840,74230.88
137839,84325.16
137838,21951.76
137837,22571.34
137836,26314.95
137835,28618.52
137834,38799.36
137833,60079.91
137832,44795.22
137831,821.63
137830,22065.88
137829,44798.97
137828,47400.42
137827,52342.95
137826,94534.23
137825,69167.11
137824,19354.01
137823,138.3
137822,9.69
137821,37284.66
137820,65869.44
137819,50779.04
137818,1614.57
137817,22676.77
137816,26601.1
137815,73685.94
137814,84489.63
137813,110351.8
137812,77508.85
137811,48038.26
137810,46300.91
137809,52552.85
137808,46262.41
137807,63334.37
137806,103486.29
137805,56738.71
137804,34572.82
137803,36746.96
137802,40206.5
137801,58316.72
137800,65677.99
137799,103126.16
137798,55206.24
137797,22788.77
137796,29521.55
137795,31322.91
137794,34151.63
137793,86480.29
137792,106099.86
137791,72302.61
137790,50805.83
137789,54147.81
137788,51576.28
137787,47464.4
137786,65525.01
137785,89441.4
137784,68358.67
137783,34145.81
137782,28313.19
137781,37711.75
137780,61569.66
137779,79935.11
137778,77936.51
137777,65861.32
137776,64373.52
137775,31847.08
137774,40069.27
137773,49142.56
137772,51683.69
137771,61928.68
137770,62333.56
137769,30378.19
137768,65827.33
137767,65382.5
137766,60585.19
137765,65197.36
137764,82430.34
137763,67915.7
137762,44880.01
137761,48786.42
137760,56646.94
137759,71353.6
137758,77321.81
137757,87872.05
137756,56358.93
137755,37007.74
137754,37304.84
137753,33791.85
137752,46528.83
137751,59911.52
137750,57700.3
137749,65107.26
137748,33985.03
137747,26220.18
137746,36972.07
137745,38267.88
137744,41490.62
137743,51307.34
137742,33820.54
137741,23493.39
