67588,33774.86
67587,50769.01
67586,38964.15
67585,14166.79
67584,12921.39
67583,11623.08
67582,11769.21
67581,980.01
67580,24357.22
67579,27340.83
67578,12622.63
67577,14543.9
67576,12575.98
67575,22370.15
67574,24932.39
67573,44844.95
67572,23827.39
67571,24122.26
67570,13991.51
67569,15333.22
67568,16375.63
67567,19193.65
67566,39915.99
67565,24384.51
67564,10402.2
67563,11997.46
67562,13471.2
67561,13635.01
67560,23327.47
67559,35661.83
67558,25223.13
67557,18037.66
67556,15702.45
67555,14965.52
67554,19408.75
67553,22991.25
67552,42120.45
67551,24051.84
67550,14426.68
67549,16755.24
67548,17407.54
67547,42919.1
67546,49898.93
67545,79790.76
67544,42001.09
67543,40435.57
67542,22434.03
67541,22280.89
67540,16602.64
67539,31839.28
67538,56125.99
67537,34531.03
67536,15032.08
67535,12713.57
67534,19597.78
67533,15226.03
67532,29801.53
67531,49068.08
67530,31098.08
67529,24082.53
67528,16059.11
67527,17343.0
67526,38586.25
67525,42417.65
67524,75392.97
67523,48518.3
67522,29701.45
67521,30805.47
67520,42453.02
67519,28154.83
67518,37675.21
67517,55180.14
67516,34647.28
67515,22026.15
67514,20984.64
67513,36441.4
67512,35292.77
67511,39452.88
67510,62267.08
67509,38963.07
67508,29050.01
67507,29890.67
67506,34147.39
67505,28720.22
67504,56935.18
67503,62285.79
67502,14001.0
67501,16166.56
67500,13705.55
67499,19897.91
67498,27647.88
67497,42394.52
67496,29446.9
67495,93.49
67494,15030.44
67493,27353.05
67492,31690.03
67491,36994.57
67490,48417.76
67489,42053.81
67488,14511.65
67487,27806.09
67486,40376.91
67485,28383.63
67484,4.08
67483,14873.84
67482,17332.18
67481,37397.4
67480,42148.69
67479,57457.5
67478,35477.9
67477,23773.21
67476,17419.11
67475,30507.7
67474,30551.78
67473,36317.77
67472,75063.59
67471,29900.4
67470,18846.89
67469,23810.12
67468,23871.26
67467,31986.27
67466,49033.83
67465,64876.12
67464,41948.94
67463,16215.12
67462,19302.39
67461,23352.58
67460,22338.87
67459,53025.53
67458,62623.13
67457,37703.88
67456,21543.93
67455,30619.26
67454,31209.42
67453,24999.18
67452,35773.19
67451,54447.2
67450,41074.77
67449,16922.24
67448,22860.2
67447,22472.77
67446,31130.71
67445,34751.55
67444,46536.7
67443,36731.45
67442,47264.78
67441,19446.38
67440,19353.13
67439,27107.68
67438,29137.18
67437,45117.48
67436,31942.02
67435,16170.92
67434,33954.02
67433,33148.34
67432,30460.44
67431,40700.25
67430,55900.12
67429,38424.01
67428,27638.78
67427,27754.7
67426,29425.0
67425,33327.37
67424,45947.94
67423,60355.79
67422,39914.24
67421,17637.37
67420,21031.56
67419,17752.1
67418,22142.45
67417,37027.14
67416,40420.09
67415,36923.88
67414,15322.71
67413,14077.35
67412,19082.2
67411,24496.67
67410,32827.44
67409,32621.42
67408,24366.49
67407,24102.23
