195781,26565.41
195780,41519.58
195779,31295.1
195778,10689.03
195777,9840.87
195776,13709.37
195775,12605.19
195774,667.76
195773,30177.91
195772,28607.08
195771,8969.37
195770,8549.17
195769,7576.79
195768,19754.56
195767,24954.08
195766,47300.81
195765,32531.19
195764,25502.4
195763,12635.16
195762,11857.67
195761,10614.1
195760,17347.41
195759,40807.5
195758,28741.65
195757,9131.08
195756,9269.04
195755,11701.44
195754,9982.35
195753,20733.24
195752,40315.0
195751,27340.85
195750,12870.71
195749,14937.67
195748,10644.41
195747,14330.26
195746,22401.78
195745,35641.86
195744,20843.73
195743,11883.66
195742,11488.68
195741,14535.1
195740,23732.37
195739,31175.36
195738,38866.7
195737,35677.34
195736,34725.42
195735,1479.48
195734,20329.79
195733,17458.02
195732,26860.3
195731,50278.42
195730,35284.12
195729,9492.66
195728,10820.68
195727,12663.89
195726,12056.26
195725,19785.17
195724,42559.76
195723,27550.39
195722,18340.59
195721,10089.89
195720,9465.17
195719,32923.1
195718,42956.81
195717,73602.67
195716,52213.12
195715,29561.45
195714,31800.18
195713,39788.39
195712,22163.26
195711,31827.73
195710,55288.4
195709,39979.17
195708,15943.11
195707,14247.61
195706,29909.99
195705,28287.25
195704,35704.5
195703,75772.16
195702,48180.04
195701,24182.67
195700,27443.04
195699,32288.17
195698,27040.96
195697,46738.97
195696,59018.97
195695,-12.55
195694,16733.41
195693,17997.56
195692,19553.76
195691,21793.06
195690,23877.64
195689,34793.6
195688,21829.02
195687,725.3
195686,10316.32
195685,24240.47
195684,22486.91
195683,26804.9
195682,62890.91
195681,43170.65
195680,10044.22
195679,15152.55
195678,15569.46
195677,14026.03
195676,21021.57
195675,37969.18
195674,27522.99
195673,17843.34
195672,12582.84
195671,16522.23
195670,28454.04
195669,42753.8
195668,69997.68
195667,43723.18
195666,21836.42
195665,25502.66
195664,25568.39
195663,24101.52
195662,1069.75
195661,54152.49
195660,39005.84
195659,18124.42
195658,20876.88
195657,20683.58
195656,30212.52
195655,37613.96
195654,47134.41
195653,30975.04
195652,12622.97
195651,15060.71
195650,13266.11
195649,17104.05
195648,40825.97
195647,56400.09
195646,42353.38
195645,26944.86
195644,23245.52
195643,27137.47
195642,26634.03
195641,36714.39
195640,52400.94
195639,44405.05
195638,21372.86
195637,21949.45
195636,20929.29
195635,661.45
195634,47778.91
195633,53602.35
195632,47749.27
195631,40705.14
195630,20096.95
195629,19138.01
195628,26249.85
195627,29929.3
195626,35829.79
195625,46155.92
195624,19027.21
195623,34286.55
195622,25644.73
195621,30339.57
195620,32889.85
195619,51810.97
195618,45310.87
195617,24621.13
195616,26098.32
195615,23336.64
195614,33662.46
195613,38090.14
195612,49576.16
195611,29535.6
195610,17870.11
195609,17763.49
195608,21897.13
195607,22770.97
195606,32981.04
195605,28948.16
195604,39748.09
195603,22334.19
195602,15760.57
195601,20323.21
195600,20189.69
195599,26430.12
195598,29378.91
195597,23701.53
195596,18060.11
