53905,44163.22
53904,56379.95
53903,56539.38
53902,11192.3
53901,14946.33
53900,17220.53
53899,17731.32
53898,600.74
53897,33153.82
53896,26399.29
53895,13670.44
53894,12579.68
53893,14344.06
53892,29613.37
53891,38237.44
53890,57091.44
53889,40853.35
53888,38971.71
53887,16699.37
53886,15301.58
53885,23369.97
53884,27220.88
53883,53956.53
53882,40082.96
53881,13970.24
53880,8732.42
53879,16016.0
53878,17945.11
53877,29537.9
53876,47297.47
53875,34844.06
53874,17602.83
53873,14227.6
53872,21195.3
53871,22569.41
53870,31707.56
53869,46798.65
53868,27019.07
53867,13523.44
53866,20050.62
53865,16278.85
53864,57806.6
53863,67511.92
53862,111768.7
53861,25762.26
53860,50927.34
53859,31419.93
53858,41033.18
53857,28864.98
53856,46796.39
53855,74928.98
53854,60258.3
53853,25386.62
53852,22134.1
53851,13560.24
53850,17107.33
53849,35565.16
53848,57519.25
53847,31967.56
53846,33046.64
53845,20024.21
53844,23306.17
53843,57826.62
53842,65237.2
53841,105611.92
53840,67814.06
53839,39991.47
53838,45917.86
53837,60166.69
53836,30311.12
53835,53723.34
53834,71527.94
53833,61793.18
53832,21017.72
53831,23864.64
53830,54608.81
53829,48696.02
53828,52635.14
53827,92889.73
53826,50300.01
53825,32868.57
53824,38281.63
53823,50850.43
53822,43173.75
53821,70542.6
53820,84125.83
53819,-3.15
53818,21342.75
53817,17603.64
53816,20939.52
53815,28875.78
53814,34777.14
53813,58801.59
53812,39203.0
53811,6.03
53810,21540.3
53809,29935.94
53808,32181.85
53807,45329.0
53806,74163.6
53805,58955.84
53804,17498.02
53803,19308.93
53802,20642.75
53801,26808.93
53800,35161.14
53799,50901.27
53798,42107.41
53797,22950.29
53796,25974.35
53795,22839.93
53794,56137.19
53793,65961.84
53792,85277.03
53791,63352.28
53790,38144.94
53789,32171.52
53788,45638.74
53787,44499.87
53786,96985.47
53785,55725.96
53784,24072.89
53783,30721.4
53782,31384.09
53781,47822.53
53780,57939.9
53779,91257.19
53778,54317.64
53777,20854.68
53776,22951.7
53775,24717.23
53774,27730.37
53773,67671.06
53772,85997.69
53771,58540.7
53770,34379.52
53769,37576.44
53768,44040.6
53767,44175.93
53766,56070.45
53765,74591.13
53764,69549.16
53763,25824.79
53762,17473.42
53761,32235.94
53760,50525.05
53759,67683.74
53758,50199.64
53757,56400.12
53756,25911.13
53755,30265.47
53754,36135.71
53753,39255.89
53752,57139.3
53751,48475.29
53750,24952.62
53749,45351.97
53748,45970.91
53747,43664.17
53746,57964.11
53745,78054.67
53744,63948.87
53743,41101.86
53742,41368.61
53741,41693.75
53740,49844.87
53739,68168.17
53738,78145.76
53737,51595.62
53736,22936.14
53735,22642.18
53734,24894.74
53733,35057.78
53732,46067.58
53731,46081.98
53730,51494.94
53729,17077.81
53728,16538.03
53727,20506.37
53726,28367.95
53725,32743.26
53724,38446.67
53723,35805.13
53722,27749.28
