178553,15104.3
178552,27147.28
178551,15675.99
178550,7810.41
178549,8039.21
178548,8092.58
178547,7805.07
178546,52.83
178545,16064.14
178544,8938.13
178543,5675.73
178542,5288.47
178541,6513.41
178540,9279.19
178539,10612.48
178538,19152.63
178537,12315.59
178536,14892.99
178535,6042.91
178534,7660.81
178533,8990.27
178532,8065.08
178531,17086.01
178530,9562.81
178529,5067.34
178528,6501.55
178527,6440.29
178526,6347.02
178525,10755.1
178524,15239.46
178523,11987.12
178522,11153.98
178521,8472.38
178520,9128.16
178519,9973.81
178518,15234.07
178517,17464.28
178516,10120.33
178515,6766.74
178514,9095.91
178513,7574.85
178512,15998.77
178511,20808.82
178510,37600.97
178509,19449.94
178508,9057.04
178507,9449.19
178506,13675.3
178505,7191.56
178504,14061.75
178503,22733.72
178502,12690.25
178501,9304.55
178500,8004.68
178499,10765.63
178498,8533.89
178497,12909.27
178496,20380.45
178495,13591.3
178494,9726.5
178493,5954.44
178492,9595.19
178491,17910.34
178490,21573.12
178489,32845.88
178488,19426.1
178487,14002.96
178486,15297.04
178485,19190.33
178484,13106.52
178483,10517.03
178482,27445.95
178481,20842.97
178480,9248.05
178479,12120.57
178478,15709.06
178477,12877.77
178476,20513.01
178475,34979.11
178474,21770.29
178473,16605.36
178472,16572.05
178471,19826.25
178470,11538.34
178469,33067.28
178468,39208.79
178467,-12.7
178466,9257.5
178465,9550.38
178464,10780.05
178463,11589.16
178462,10971.92
178461,21219.86
178460,15018.09
178459,506.51
178458,8710.51
178457,12992.55
178456,15545.45
178455,20875.82
178454,24885.94
178453,23255.4
178452,8416.59
178451,7812.64
178450,7105.89
178449,11002.73
178448,12773.86
178447,17526.77
178446,14198.62
178445,5074.74
178444,7535.16
178443,7312.68
178442,14849.89
178441,17382.31
178440,23848.05
178439,17893.56
178438,9124.25
178437,12354.82
178436,10927.66
178435,10504.53
178434,227.13
178433,27568.73
178432,21501.04
178431,9180.61
178430,11462.58
178429,14438.0
178428,16828.7
178427,24690.24
178426,31660.17
178425,18662.98
178424,8459.42
178423,11546.43
178422,10625.89
178421,10664.83
178420,26529.88
178419,25558.34
178418,20085.65
178417,13267.53
178416,13650.93
178415,15662.68
178414,12941.88
178413,19536.28
178412,29820.82
178411,18633.93
178410,11424.61
178409,10334.51
178408,10996.46
178407,317.08
178406,17123.18
178405,23146.32
178404,18231.64
178403,19508.14
178402,9296.53
178401,10163.77
178400,11056.76
178399,15443.48
178398,20538.68
178397,14004.33
178396,10092.61
178395,12068.18
178394,13506.13
178393,13972.89
178392,18879.63
178391,26686.25
178390,16191.25
178389,13536.56
178388,13604.52
178387,12898.65
178386,13735.92
178385,20849.22
178384,27528.73
178383,13027.94
178382,7918.4
178381,8780.54
178380,10507.56
178379,11531.35
178378,13667.81
178377,19171.78
178376,13467.37
178375,7830.32
178374,9204.57
178373,10605.9
178372,10626.33
178371,15320.14
178370,23630.64
178369,13404.5
178368,11492.52
