112628,41513.93
112627,64858.23
112626,61034.59
112625,22505.25
112624,20249.67
112623,24086.57
112622,24341.2
112621,1098.01
112620,45872.41
112619,38103.69
112618,22023.79
112617,19466.54
112616,22141.64
112615,35254.36
112614,34361.87
112613,56951.31
112612,43143.47
112611,51147.87
112610,17528.21
112609,26984.33
112608,29653.22
112607,26786.11
112606,62246.09
112605,44741.23
112604,18039.84
112603,23223.99
112602,23672.29
112601,21962.84
112600,39430.57
112599,58935.0
112598,44505.26
112597,29807.76
112596,26319.58
112595,29795.17
112594,32512.1
112593,38594.66
112592,55288.28
112591,32162.64
112590,27295.98
112589,25645.51
112588,34967.18
112587,54109.93
112586,65032.44
112585,100200.6
112584,60288.46
112583,63913.16
112582,37464.42
112581,37103.13
112580,28606.79
112579,51554.38
112578,66644.75
112577,53765.43
112576,26856.35
112575,26941.39
112574,29896.53
112573,27374.01
112572,39196.09
112571,66249.33
112570,46742.42
112569,44428.99
112568,30921.7
112567,28291.17
112566,62678.37
112565,65685.84
112564,90374.97
112563,80178.56
112562,50981.62
112561,58102.81
112560,69109.48
112559,41588.38
112558,44437.27
112557,76781.2
112556,58907.83
112555,33555.76
112554,36588.25
112553,46772.88
112552,45422.84
112551,65760.87
112550,85584.41
112549,68894.55
112548,47746.36
112547,52991.12
112546,63796.17
112545,52519.38
112544,70208.86
112543,89864.76
112542,32475.33
112541,24865.28
112540,36589.41
112539,39912.56
112538,48189.12
112537,66879.26
112536,60985.76
112535,718.99
112534,33540.58
112533,51593.46
112532,55272.19
112531,66907.05
112530,80736.84
112529,74941.22
112528,22005.42
112527,25487.37
112526,30975.08
112525,36569.65
112524,45883.04
112523,63984.61
112522,59884.01
112521,33093.9
112520,35288.01
112519,35828.77
112518,59163.6
112517,57763.27
112516,88457.28
112515,67772.92
112514,39075.11
112513,49054.82
112512,41789.62
112511,47674.81
112510,1827.77
112509,90427.49
112508,61047.66
112507,38866.88
112506,37192.28
112505,43984.47
112504,53386.33
112503,65344.83
112502,97479.35
112501,58097.32
112500,28713.09
112499,38420.29
112498,37774.19
112497,38408.61
112496,61720.02
112495,80045.49
112494,71615.69
112493,48726.21
112492,51709.02
112491,58002.8
112490,45399.53
112489,53857.14
112488,83598.22
112487,82140.11
112486,36493.14
112485,35069.08
112484,33004.39
112483,835.46
112482,67107.98
112481,82445.44
112480,71795.0
112479,91380.09
112478,42460.74
112477,50149.28
112476,52394.22
112475,59870.01
112474,73957.11
112473,68075.45
112472,43753.62
112471,59835.88
112470,57301.94
112469,56932.05
112468,62394.24
112467,77377.57
112466,70004.98
112465,42651.79
112464,45115.67
112463,44105.1
112462,47252.43
112461,66069.88
112460,79797.7
112459,56033.25
112458,34349.15
112457,38760.39
112456,37868.45
112455,44458.95
112454,53485.93
112453,58050.21
112452,64550.55
112451,34315.8
112450,20730.48
112449,34784.94
112448,40290.6
112447,43780.36
112446,61445.96
112445,51894.7
112444,33034.3
