182370,21719.91
182369,30798.4
182368,20286.56
182367,10347.91
182366,9333.53
182365,6525.23
182364,9983.52
182363,177.65
182362,17403.91
182361,9579.7
182360,8093.79
182359,7047.47
182358,8249.96
182357,13465.17
182356,16157.97
182355,20022.35
182354,15718.74
182353,16148.03
182352,9802.0
182351,5040.81
182350,9459.29
182349,499.15
182348,2789.4
182347,6806.84
182346,6287.99
182345,8130.57
182344,7919.1
182343,12354.91
182342,18871.49
182341,27745.69
182340,14363.59
182339,9137.46
182338,11556.83
182337,12009.56
182336,14403.41
182335,19336.61
182334,31534.66
182333,14732.11
182332,6591.01
182331,6896.64
182330,10074.86
182329,23713.21
182328,23982.93
182327,46653.04
182326,15384.99
182325,8366.64
182324,11276.62
182323,17962.58
182322,14953.89
182321,22484.79
182320,34165.59
182319,19252.75
182318,9144.24
182317,10872.15
182316,9612.41
182315,9479.35
182314,17580.01
182313,34280.46
182312,16015.38
182311,13859.73
182310,10438.57
182309,9215.87
182308,19163.47
182307,27832.25
182306,42039.56
182305,25019.01
182304,20945.43
182303,25185.46
182302,29005.18
182301,18566.72
182300,22691.66
182299,35805.02
182298,21359.98
182297,11697.33
182296,11350.22
182295,25627.99
182294,21702.39
182293,27036.72
182292,35522.69
182291,23307.51
182290,15500.34
182289,18657.42
182288,21437.46
182287,19830.07
182286,36952.38
182285,48063.72
182284,13216.56
182283,12373.92
182282,10531.68
182281,11424.25
182280,18346.05
182279,24974.62
182278,13288.63
182277,1022.36
182276,12021.1
182275,18129.39
182274,21989.61
182273,25066.72
182272,39932.83
182271,22147.8
182270,10175.11
182269,10140.96
182268,15098.8
182267,14799.49
182266,19132.6
182265,29689.69
182264,16926.83
182263,12542.73
182262,11556.04
182261,10488.19
182260,24159.56
182259,30040.54
182258,36501.12
182257,19615.27
182256,15818.08
182255,19079.86
182254,15121.97
182253,18572.65
182252,769.88
182251,37381.84
182250,19185.28
182249,15623.95
182248,16670.47
182247,16239.83
182246,24122.66
182245,30736.02
182244,40457.13
182243,26611.06
182242,11478.05
182241,10088.11
182240,14267.67
182239,14282.76
182238,29589.82
182237,34075.28
182236,19942.72
182235,16298.91
182234,20613.66
182233,18561.82
182232,19629.2
182231,23387.6
182230,34450.47
182229,28447.24
182228,12569.33
182227,14407.87
182226,11327.43
182225,258.97
182224,25707.24
182223,28289.92
182222,19778.82
182221,24764.19
182220,17672.24
182219,14455.34
182218,15341.4
182217,21106.85
182216,28196.34
182215,19254.85
182214,11213.08
182213,24428.25
182212,22729.97
182211,21761.87
182210,28906.25
182209,29158.87
182208,22829.54
182207,18483.49
182206,20299.6
182205,23312.49
182204,21237.64
182203,27550.83
182202,31903.61
182201,19705.24
182200,12733.1
182199,13152.59
182198,12001.66
182197,17177.81
182196,21307.79
182195,22576.43
182194,24114.86
182193,11335.03
182192,11473.79
182191,11015.42
182190,17198.84
182189,17528.7
182188,25521.06
182187,12005.77
182186,14201.95
