155554,24737.35
155553,26480.23
155552,25021.09
155551,7369.04
155550,4756.59
155549,10145.87
155548,9656.4
155547,501.56
155546,18983.96
155545,17465.29
155544,8570.22
155543,8518.17
155542,7181.77
155541,16067.55
155540,17697.01
155539,22752.78
155538,16595.2
155537,22485.1
155536,6479.42
155535,10063.4
155534,5833.1
155533,12072.21
155532,25084.22
155531,22956.39
155530,5634.34
155529,6766.9
155528,7964.39
155527,8370.73
155526,17936.95
155525,26517.0
155524,17969.92
155523,9862.31
155522,7157.26
155521,10054.7
155520,12626.57
155519,13558.67
155518,23854.96
155517,17915.83
155516,8727.19
155515,10065.96
155514,11379.14
155513,20654.48
155512,28748.75
155511,44153.4
155510,34059.4
155509,24668.96
155508,14943.31
155507,17283.01
155506,11638.63
155505,21004.69
155504,35409.06
155503,24237.27
155502,7541.08
155501,8487.33
155500,10803.29
155499,7111.67
155498,16920.36
155497,22669.67
155496,13390.43
155495,13352.47
155494,6533.99
155493,8959.61
155492,21287.95
155491,23351.73
155490,41171.33
155489,31931.33
155488,16603.5
155487,20115.93
155486,26716.01
155485,14173.52
155484,18087.12
155483,28507.3
155482,23278.63
155481,10100.0
155480,11019.34
155479,19509.74
155478,17042.76
155477,19691.99
155476,32399.22
155475,20548.92
155474,10344.24
155473,12840.54
155472,21914.34
155471,14567.45
155470,24248.15
155469,39403.44
155468,7577.68
155467,7659.17
155466,9137.05
155465,9844.28
155464,12178.28
155463,23500.33
155462,13312.36
155461,6634.16
155460,8049.63
155459,14874.12
155458,13060.04
155457,17223.64
155456,33207.64
155455,21390.32
155454,227.09
155453,6223.93
155452,11129.32
155451,10147.94
155450,15377.93
155449,21965.52
155448,19090.51
155447,7017.59
155446,10266.81
155445,8218.76
155444,16484.91
155443,21476.32
155442,34179.59
155441,23326.92
155440,16689.76
155439,8755.57
155438,16907.8
155437,17624.79
155436,48.97
155435,42742.21
155434,18878.5
155433,9521.48
155432,9227.54
155431,12257.16
155430,14549.36
155429,21194.54
155428,38620.29
155427,24006.51
155426,7737.26
155425,11739.19
155424,11412.21
155423,13532.56
155422,21763.64
155421,32750.9
155420,24261.95
155419,11460.94
155418,15388.5
155417,16368.43
155416,15328.8
155415,21654.24
155414,33015.99
155413,24612.12
155412,11471.22
155411,12080.57
155410,10450.13
155409,21753.25
155408,34799.16
155407,22581.92
155406,25375.42
155405,11632.88
155404,10191.72
155403,15299.63
155402,15901.23
155401,24056.39
155400,19510.31
155399,9234.09
155398,18814.42
155397,20342.52
155396,19035.11
155395,23512.08
155394,36049.68
155393,24407.62
155392,14332.58
155391,18396.5
155390,19010.74
155389,21435.69
155388,26170.32
155387,33770.13
155386,25625.69
155385,10571.94
155384,8531.63
155383,12914.36
155382,12136.41
155381,18781.76
155380,21897.17
155379,19001.69
155378,11430.92
155377,8775.59
155376,9662.6
155375,12484.66
155374,15095.92
155373,17495.27
155372,16584.66
155371,9659.33
