93100,19070.46
93099,31115.9
93098,24151.34
93097,9308.9
93096,10990.99
93095,9207.13
93094,9367.57
93093,356.69
93092,20921.62
93091,13870.61
93090,4718.59
93089,8017.94
93088,6964.47
93087,18171.33
93086,22942.79
93085,34904.87
93084,18641.71
93083,13431.99
93082,12920.21
93081,15190.34
93080,13895.71
93079,17528.01
93078,34467.59
93077,24544.46
93076,5862.21
93075,7473.21
93074,8354.89
93073,5727.99
93072,17423.12
93071,27000.32
93070,17218.29
93069,10130.52
93068,4007.02
93067,7780.74
93066,15517.98
93065,16435.89
93064,22145.0
93063,21021.81
93062,8917.68
93061,7808.56
93060,14375.14
93059,26993.77
93058,35385.0
93057,47799.86
93056,29971.07
93055,20619.89
93054,14665.05
93053,23550.96
93052,15526.63
93051,22987.45
93050,40316.75
93049,28622.48
93048,10361.41
93047,10188.41
93046,12650.08
93045,10431.46
93044,17063.95
93043,26411.52
93042,20814.36
93041,11963.36
93040,5569.71
93039,9670.8
93038,27198.3
93037,33007.0
93036,41945.89
93035,39806.19
93034,23631.99
93033,25241.21
93032,34644.35
93031,17310.94
93030,23542.97
93029,32663.82
93028,29227.08
93027,12668.78
93026,12814.73
93025,21912.01
93024,24370.07
93023,28109.74
93022,44300.89
93021,30388.52
93020,23376.7
93019,21344.35
93018,16276.0
93017,9996.66
93016,30913.87
93015,41556.04
93014,10661.7
93013,12216.55
93012,11411.29
93011,13550.52
93010,18711.97
93009,23946.64
93008,21701.42
93007,472.89
93006,9477.75
93005,19397.16
93004,21789.44
93003,26005.37
93002,38603.1
93001,28569.7
93000,9450.39
92999,980.34
92998,519.84
92997,87.05
92996,23009.94
92995,28011.4
92994,24739.4
92993,479.84
92992,12128.42
92991,12379.22
92990,30265.94
92989,37543.02
92988,40351.74
92987,38317.4
92986,20049.91
92985,19307.01
92984,22840.06
92983,21697.89
92982,30855.41
92981,40842.99
92980,26436.33
92979,13262.19
92978,13232.0
92977,15960.75
92976,21578.96
92975,29541.41
92974,42412.64
92973,28477.11
92972,13236.18
92971,10815.21
92970,13004.4
92969,12572.79
92968,31896.91
92967,41432.86
92966,30160.41
92965,18676.47
92964,18617.56
92963,21409.58
92962,20361.81
92961,28844.72
92960,34613.23
92959,31788.08
92958,15064.29
92957,18461.99
92956,16979.62
92955,29641.33
92954,26590.59
92953,35430.08
92952,25335.5
92951,25996.67
92950,14239.37
92949,14797.08
92948,17398.58
92947,24317.44
92946,27530.09
92945,22926.5
92944,10937.87
92943,24104.01
92942,23402.81
92941,24881.1
92940,35051.39
92939,40414.84
92938,28219.35
92937,18824.0
92936,21482.65
92935,22509.45
92934,28379.61
92933,34747.34
92932,34355.45
92931,24085.92
92930,12811.78
92929,19830.51
92928,12995.44
92927,17705.44
92926,26637.74
92925,25013.85
92924,26741.26
92923,11227.52
92922,10321.29
92921,13037.9
92920,15735.3
92919,20771.21
92918,22320.92
92917,14025.66
92916,12142.83
