191,32998.46
190,65972.31
189,59482.53
188,18003.35
187,15939.17
186,19980.75
185,20862.86
184,1291.28
183,44754.14
182,24872.4
181,13858.32
180,11298.98
179,15633.23
178,31543.09
177,35828.42
176,61949.9
175,42498.72
174,42644.98
173,23803.76
172,26844.48
171,22703.08
170,30068.33
169,61135.19
168,47072.97
167,14649.28
166,16097.87
165,21318.38
164,19563.99
163,35633.08
162,63760.86
161,38045.71
160,24732.53
159,23153.62
158,26609.87
157,27803.7
156,44433.86
155,64214.99
154,39812.35
153,25367.92
152,19867.32
151,28757.31
150,62728.18
149,66731.94
148,97271.42
147,67366.05
146,49437.39
145,35658.38
144,47737.3
143,34071.81
142,58674.47
141,80152.32
140,65267.33
139,27967.85
138,26422.39
137,16695.66
136,22796.35
135,44379.37
134,72304.46
133,52025.12
132,40640.09
131,16640.14
130,23208.32
129,51256.7
128,61757.31
127,94617.91
126,82408.41
125,60220.23
124,59813.92
123,83648.22
122,41285.86
121,58637.15
120,83059.57
119,65635.54
118,24568.98
117,24124.46
116,48505.03
115,46667.69
114,57195.08
113,107619.47
112,81744.38
111,50046.2
110,56187.22
109,60270.62
108,44506.18
107,91995.63
106,119313.71
105,32364.53
104,27114.74
103,38472.89
102,36400.9
101,46477.8
100,68044.29
99,51616.52
98,1188.89
97,20419.02
96,51336.7
95,55915.78
94,56013.88
93,86150.56
92,60201.96
91,20450.55
90,1478.14
89,1580.85
88,374.46
87,36919.73
86,65511.95
85,49722.24
84,1631.0
83,26775.99
82,32935.23
81,63676.08
80,76070.71
79,106003.29
78,65609.65
77,41850.93
76,39879.52
75,52294.28
74,45751.76
73,63948.92
72,102735.58
71,54026.1
70,31149.28
69,34851.03
68,45969.02
67,63344.79
66,72849.75
65,114482.22
64,69373.26
63,24432.48
62,25922.21
61,31241.05
60,28780.84
59,75240.13
58,91487.16
57,67998.72
56,49830.35
55,49803.26
54,48874.13
53,47051.58
52,66591.32
51,88327.91
50,79491.82
49,31654.61
48,38045.88
47,48469.67
46,60190.95
45,79357.15
44,94901.34
43,69394.17
42,76360.74
41,36075.6
40,37386.5
39,48233.0
38,56202.49
37,76329.79
36,67073.24
35,31008.73
34,70037.83
33,56110.28
32,57559.99
31,73539.17
30,96795.43
29,79058.96
28,52876.44
27,50395.8
26,58736.56
25,60314.09
24,79492.56
23,100752.29
22,70195.44
21,33122.48
20,32050.54
19,36245.48
18,43127.65
17,64528.35
16,59921.7
15,65847.48
14,29435.13
13,25893.22
12,29966.74
11,42251.46
10,45399.94
9,59166.52
8,42388.95
7,32305.28
