176634,44560.67
176633,52479.19
176632,32106.84
176631,17094.28
176630,15015.98
176629,13836.33
176628,14946.18
176627,598.0
176626,31587.32
176625,14500.72
176624,10717.19
176623,10306.09
176622,11137.18
176621,19120.7
176620,28043.59
176619,38867.34
176618,26949.2
176617,27273.31
176616,18295.54
176615,7741.56
176614,16705.03
176613,2365.51
176612,18310.19
176611,21956.8
176610,13879.62
176609,15748.25
176608,15835.0
176607,14259.28
176606,23093.39
176605,43988.9
176604,24418.97
176603,18613.12
176602,16034.87
176601,18771.32
176600,17974.07
176599,24084.86
176598,48776.52
176597,19308.02
176596,14426.91
176595,12483.31
176594,17703.57
176593,39446.06
176592,43654.37
176591,82811.85
176590,21764.97
176589,22462.96
176588,21197.65
176587,25672.23
176586,18921.56
176585,38104.25
176584,58619.22
176583,37394.14
176582,16704.46
176581,17580.79
176580,14183.84
176579,17735.35
176578,31509.07
176577,53680.27
176576,26852.53
176575,22337.82
176574,14989.9
176573,20268.55
176572,39186.44
176571,47092.99
176570,77733.3
176569,46988.91
176568,29426.17
176567,40861.21
176566,44987.86
176565,24437.34
176564,39438.13
176563,70896.95
176562,46353.77
176561,19375.48
176560,20563.65
176559,32748.62
176558,33790.21
176557,42456.22
176556,72999.51
176555,44669.39
176554,28459.46
176553,30968.7
176552,38789.59
176551,28648.82
176550,65012.47
176549,78983.85
176548,16891.19
176547,21578.02
176546,24337.79
176545,21156.51
176544,32989.25
176543,32469.38
176542,28157.27
176541,599.88
176540,23000.54
176539,37520.14
176538,32172.08
176537,47497.2
176536,60866.3
176535,37495.46
176534,12752.33
176533,16172.33
176532,15600.44
176531,17691.22
176530,29437.8
176529,43831.19
176528,27981.0
176527,14806.39
176526,17223.16
176525,20677.32
176524,37554.93
176523,45652.74
176522,65071.92
176521,40869.31
176520,24076.35
176519,30357.97
176518,28493.61
176517,31814.14
176516,470.64
176515,83281.22
176514,44760.79
176513,26309.84
176512,29424.74
176511,31713.69
176510,43361.24
176509,52165.7
176508,63241.54
176507,35696.11
176506,17990.94
176505,14464.03
176504,20203.07
176503,20618.1
176502,49286.76
176501,61568.23
176500,41954.17
176499,22617.17
176498,35659.81
176497,30826.0
176496,23473.9
176495,35878.01
176494,55075.66
176493,36953.49
176492,19101.82
176491,18017.25
176490,26003.72
176489,229.45
176488,47269.01
176487,48329.32
176486,37455.41
176485,40043.23
176484,20720.03
176483,22064.37
176482,26981.37
176481,32932.44
176480,45207.34
176479,35241.13
176478,21437.47
176477,34068.87
176476,35368.78
176475,31313.59
176474,41407.71
176473,50964.17
176472,37354.01
176471,28693.26
176470,28169.03
176469,29291.57
176468,39940.4
176467,45089.63
176466,52599.48
176465,31726.81
176464,16679.6
176463,21015.1
176462,22114.52
176461,21501.82
176460,37746.8
176459,35149.04
176458,34863.8
176457,16718.16
176456,15765.57
176455,24040.26
176454,23672.9
176453,29834.86
176452,33462.01
176451,25389.37
176450,27151.22
