171263,28884.95
171262,46495.37
171261,31938.6
171260,15664.98
171259,12688.51
171258,14777.6
171257,12449.09
171256,666.45
171255,31549.05
171254,21995.19
171253,13998.64
171252,13992.14
171251,12188.32
171250,17600.09
171249,18739.57
171248,32274.05
171247,23864.83
171246,28768.44
171245,14584.6
171244,15878.0
171243,21713.31
171242,15364.04
171241,34108.4
171240,21755.84
171239,12408.42
171238,12588.81
171237,18312.62
171236,14949.44
171235,23877.5
171234,39638.75
171233,29887.71
171232,11840.92
171231,6920.64
171230,15138.38
171229,18983.05
171228,23925.84
171227,42600.8
171226,18506.33
171225,19768.39
171224,26419.37
171223,21859.88
171222,27874.37
171221,42969.62
171220,64496.78
171219,38914.34
171218,30651.51
171217,19775.53
171216,21605.29
171215,16292.06
171214,26465.98
171213,46145.48
171212,36174.03
171211,13373.93
171210,15762.86
171209,16071.73
171208,15164.65
171207,27101.27
171206,38043.19
171205,32372.68
171204,20227.54
171203,20482.43
171202,17740.57
171201,30165.35
171200,32315.7
171199,54070.1
171198,49950.36
171197,27994.46
171196,26972.82
171195,40997.83
171194,19784.22
171193,27694.75
171192,48263.79
171191,48177.79
171190,15558.59
171189,20733.36
171188,33205.68
171187,21243.34
171186,28251.03
171185,52585.02
171184,45941.3
171183,24216.54
171182,28634.05
171181,1638.39
171180,23932.86
171179,38203.22
171178,56196.74
171177,18475.22
171176,15247.91
171175,17485.66
171174,16251.65
171173,25511.62
171172,36901.64
171171,36499.36
171170,648.16
171169,14769.97
171168,27402.34
171167,29318.96
171166,36772.33
171165,52033.47
171164,47701.68
171163,15023.28
171162,1371.07
171161,376.91
171160,88.85
171159,25009.22
171158,25864.64
171157,29158.4
171156,1148.99
171155,18747.0
171154,18456.18
171153,27406.94
171152,31980.91
171151,51736.77
171150,40612.8
171149,18639.01
171148,21647.28
171147,23184.88
171146,24477.87
171145,29708.65
171144,56633.98
171143,41223.19
171142,21139.55
171141,21736.08
171140,22714.54
171139,32070.44
171138,39320.86
171137,64506.05
171136,44856.2
171135,18573.46
171134,19561.59
171133,19644.07
171132,22163.93
171131,34359.67
171130,51087.15
171129,39497.02
171128,17188.43
171127,24344.92
171126,27817.51
171125,26937.2
171124,34614.87
171123,47241.26
171122,53530.85
171121,25166.96
171120,25055.99
171119,28219.97
171118,24128.5
171117,40463.06
171116,45169.37
171115,46287.32
171114,44922.25
171113,23398.99
171112,24869.95
171111,27012.55
171110,30675.92
171109,39942.91
171108,35012.71
171107,19673.93
171106,28895.06
171105,25825.94
171104,34974.15
171103,42688.2
171102,51207.24
171101,40926.74
171100,21200.28
171099,28671.75
171098,27211.66
171097,35146.12
171096,38179.39
171095,47092.49
171094,41147.25
171093,18660.72
171092,19106.1
171091,22075.08
171090,21703.88
171089,30938.53
171088,34039.16
171087,40537.77
171086,19757.84
171085,15132.82
171084,17728.39
171083,21915.37
171082,29520.66
171081,31374.26
171080,26846.19
171079,20329.46
