84657,40291.84
84656,62556.66
84655,48728.94
84654,22029.92
84653,17528.79
84652,23816.73
84651,20909.96
84650,2649.6
84649,44099.32
84648,20853.61
84647,16326.59
84646,14731.71
84645,17585.89
84644,28577.5
84643,37908.52
84642,56583.66
84641,32663.12
84640,35584.56
84639,25457.83
84638,15654.61
84637,23532.86
84636,29767.09
84635,55615.05
84634,34799.21
84633,18726.28
84632,19114.9
84631,19644.51
84630,18626.89
84629,44876.1
84628,54917.31
84627,33578.97
84626,21569.14
84625,18559.3
84624,23907.64
84623,24439.18
84622,39873.9
84621,60208.95
84620,34599.06
84619,18825.97
84618,18353.0
84617,24521.3
84616,55499.08
84615,69568.7
84614,108737.36
84613,34393.0
84612,34244.1
84611,33934.17
84610,40439.83
84609,30999.69
84608,49237.61
84607,74207.46
84606,48275.67
84605,24396.91
84604,24683.25
84603,21022.47
84602,24551.41
84601,44772.12
84600,72380.93
84599,41767.48
84598,36437.08
84597,19469.18
84596,25113.29
84595,47083.34
84594,72073.12
84593,107807.33
84592,66237.59
84591,48105.22
84590,52602.97
84589,68209.69
84588,38315.71
84587,49324.4
84586,76900.4
84585,55203.31
84584,26385.57
84583,30229.68
84582,54317.01
84581,44369.22
84580,51511.2
84579,64075.07
84578,49401.57
84577,35911.64
84576,44898.98
84575,48703.92
84574,38475.88
84573,67157.62
84572,81771.73
84571,27149.88
84570,24737.9
84569,27989.79
84568,26672.09
84567,46297.39
84566,59322.6
84565,38996.25
84564,972.82
84563,15600.46
84562,32123.66
84561,37183.28
84560,55948.12
84559,80017.46
84558,49273.97
84557,20095.57
84556,1794.02
84555,802.88
84554,155.36
84553,35892.47
84552,50219.66
84551,41342.05
84550,830.24
84549,26794.4
84548,28629.54
84547,46277.13
84546,67035.78
84545,85040.6
84544,50583.53
84543,35277.1
84542,42000.19
84541,46291.0
84540,44273.49
84539,53553.84
84538,94490.03
84537,43369.93
84536,31494.35
84535,33680.31
84534,34521.21
84533,40836.03
84532,60033.09
84531,77772.46
84530,53791.72
84529,26449.83
84528,26796.87
84527,31050.5
84526,27552.98
84525,56473.03
84524,76706.98
84523,49198.93
84522,33528.34
84521,38582.68
84520,42098.43
84519,38463.54
84518,52701.41
84517,67576.98
84516,53465.31
84515,24689.8
84514,33589.79
84513,32880.74
84512,33839.02
84511,61558.14
84510,61927.2
84509,47719.91
84508,56206.59
84507,30525.47
84506,33678.65
84505,34393.03
84504,46401.86
84503,59385.07
84502,42489.96
84501,26260.98
84500,42070.9
84499,43373.01
84498,49360.99
84497,63058.1
84496,66049.48
84495,51728.01
84494,38522.62
84493,36928.9
84492,38897.88
84491,48884.42
84490,62501.61
84489,65228.23
84488,46724.27
84487,25145.57
84486,27705.27
84485,27520.72
84484,37727.25
84483,48719.93
84482,47683.88
84481,45529.45
84480,26481.56
84479,21318.84
84478,26374.1
84477,35423.01
84476,40658.34
84475,45564.87
84474,34565.48
84473,35264.72
