103055,49110.37
103054,72153.76
103053,62897.73
103052,20757.07
103051,21832.2
103050,20146.29
103049,23641.8
103048,1776.29
103047,54793.05
103046,34450.17
103045,18335.16
103044,21689.64
103043,22502.22
103042,30857.63
103041,37004.99
103040,72599.95
103039,38996.12
103038,44992.1
103037,19589.75
103036,24186.96
103035,28139.85
103034,30914.4
103033,73084.73
103032,51354.69
103031,14036.75
103030,14972.1
103029,23683.77
103028,24846.44
103027,45316.86
103026,75135.82
103025,50169.61
103024,21847.45
103023,9228.45
103022,18023.06
103021,26605.65
103020,36661.98
103019,68872.75
103018,37271.68
103017,14304.24
103016,21408.33
103015,22431.39
103014,55038.85
103013,68800.12
103012,113735.8
103011,52075.84
103010,51817.07
103009,37362.88
103008,45921.98
103007,33534.63
103006,59999.48
103005,96051.35
103004,72855.1
103003,24950.3
103002,25248.55
103001,27538.4
103000,23088.6
102999,41589.15
102998,73600.62
102997,52166.34
102996,33858.1
102995,21853.45
102994,21845.94
102993,52545.92
102992,65936.72
102991,115118.57
102990,88159.09
102989,50326.47
102988,58473.56
102987,70927.59
102986,41912.65
102985,51499.66
102984,86633.62
102983,60231.81
102982,25646.14
102981,28550.94
102980,57853.32
102979,44362.03
102978,59788.65
102977,78279.87
102976,60121.96
102975,37575.14
102974,40728.34
102973,45277.91
102972,39159.62
102971,57845.17
102970,95174.56
102969,-36.22
102968,29838.66
102967,32138.32
102966,27290.53
102965,32814.16
102964,39463.73
102963,67508.97
102962,48370.97
102961,1780.1
102960,22429.71
102959,36045.14
102958,36128.15
102957,57176.32
102956,95708.28
102955,66822.22
102954,24621.11
102953,26533.79
102952,26839.35
102951,37712.17
102950,44541.49
102949,71204.02
102948,60145.63
102947,29330.36
102946,27956.54
102945,27475.28
102944,57654.79
102943,66679.9
102942,88114.86
102941,74327.52
102940,38923.25
102939,36803.22
102938,40752.56
102937,42697.19
102936,2324.48
102935,112307.82
102934,57040.55
102933,28582.01
102932,36023.16
102931,35459.53
102930,48105.29
102929,59916.29
102928,102513.75
102927,62745.31
102926,24181.44
102925,25865.06
102924,29974.77
102923,30866.56
102922,59607.21
102921,91729.1
102920,61577.71
102919,38456.88
102918,40653.7
102917,46046.67
102916,42698.69
102915,63489.31
102914,88705.05
102913,77616.97
102912,38621.14
102911,37438.38
102910,36489.31
102909,765.86
102908,62013.0
102907,83375.27
102906,60133.79
102905,70045.22
102904,32015.19
102903,38742.31
102902,39692.15
102901,56261.8
102900,67143.14
102899,56377.78
102898,34067.38
102897,59932.66
102896,56063.29
102895,52725.87
102894,72787.1
102893,92038.77
102892,79779.35
102891,51747.11
102890,44543.27
102889,50274.59
102888,58014.07
102887,73197.77
102886,85959.32
102885,64226.91
102884,28548.98
102883,32802.48
102882,36142.96
102881,40906.24
102880,51627.83
102879,59607.87
102878,62715.91
102877,28086.39
102876,22666.72
102875,34132.68
102874,35258.49
102873,40661.69
102872,51762.15
102871,37446.34
102870,28751.46
