170879,28648.46
170878,39058.14
170877,43249.57
170876,18135.87
170875,16397.26
170874,15726.92
170873,17827.55
170872,425.23
170871,28620.2
170870,26089.88
170869,16104.46
170868,11310.99
170867,13378.84
170866,22661.9
170865,27902.49
170864,38147.69
170863,22148.09
170862,24924.06
170861,13575.69
170860,17074.28
170859,17606.7
170858,18625.2
170857,30093.74
170856,30686.8
170855,12620.62
170854,12753.19
170853,16959.38
170852,14456.28
170851,24768.6
170850,41480.28
170849,27677.71
170848,15319.53
170847,18096.56
170846,19410.91
170845,26444.58
170844,29152.73
170843,35644.84
170842,24800.65
170841,17079.74
170840,15845.16
170839,19748.26
170838,37013.26
170837,46866.48
170836,67755.41
170835,46071.6
170834,39976.18
170833,21433.23
170832,25029.3
170831,18514.71
170830,30833.06
170829,42938.48
170828,39909.1
170827,15410.77
170826,20177.89
170825,20812.58
170824,18343.48
170823,26630.77
170822,40949.46
170821,27486.93
170820,28697.27
170819,23864.5
170818,18979.17
170817,37312.87
170816,38482.9
170815,49716.44
170814,49252.97
170813,26170.56
170812,33931.16
170811,46958.92
170810,23609.82
170809,29197.96
170808,46501.05
170807,36184.39
170806,19348.24
170805,19826.58
170804,27237.74
170803,28269.25
170802,37317.26
170801,50456.98
170800,38790.74
170799,21816.05
170798,30284.47
170797,36671.93
170796,27661.18
170795,39625.92
170794,60944.83
170793,-127.99
170792,22880.45
170791,18039.19
170790,19458.89
170789,26013.69
170788,30274.36
170787,38975.17
170786,32788.01
170785,19286.63
170784,20118.43
170783,33244.68
170782,30626.95
170781,40307.06
170780,51138.8
170779,48365.14
170778,75.76
170777,16541.75
170776,20514.3
170775,22972.48
170774,27829.58
170773,38411.16
170772,34035.27
170771,18339.72
170770,20620.84
170769,15324.86
170768,33569.85
170767,36646.13
170766,53720.23
170765,39307.94
170764,26701.23
170763,25645.43
170762,28406.3
170761,26472.74
170760,56179.75
170759,36362.84
170758,22659.66
170757,24537.08
170756,27324.42
170755,42300.72
170754,50854.6
170753,71352.41
170752,53395.75
170751,20172.93
170750,20310.23
170749,23244.4
170748,24195.86
170747,46553.45
170746,56567.02
170745,46020.58
170744,30230.28
170743,30959.69
170742,32800.48
170741,30965.41
170740,34924.08
170739,56864.78
170738,55815.98
170737,25674.92
170736,29847.87
170735,27796.05
170734,41623.09
170733,46326.82
170732,39901.47
170731,52847.9
170730,20587.85
170729,25202.93
170728,33062.35
170727,32798.64
170726,43065.85
170725,37557.6
170724,23383.73
170723,31825.34
170722,33780.28
170721,32382.77
170720,37825.3
170719,50438.69
170718,42402.81
170717,29086.74
170716,31736.68
170715,28603.26
170714,28789.79
170713,47477.11
170712,60321.6
170711,51139.68
170710,16032.32
170709,21541.52
170708,18510.43
170707,26160.57
170706,33651.08
170705,38156.36
170704,43401.43
170703,16133.21
170702,11920.43
170701,20684.57
170700,30233.29
170699,31154.07
170698,36999.35
170697,34430.31
170696,26613.47
