183138,28460.92
183137,39734.91
183136,35927.81
183135,18806.16
183134,21224.47
183133,20828.02
183132,21919.43
183131,790.68
183130,29497.98
183129,29032.68
183128,20019.99
183127,16098.5
183126,23731.47
183125,39724.74
183124,32368.09
183123,37624.7
183122,38500.9
183121,39424.66
183120,27439.44
183119,30677.87
183118,28940.71
183117,27503.35
183116,47209.71
183115,36675.79
183114,17007.45
183113,17200.22
183112,19651.2
183111,24306.31
183110,41133.17
183109,42356.1
183108,30492.07
183107,23631.39
183106,25323.55
183105,24262.69
183104,26928.42
183103,33170.63
183102,42392.77
183101,23979.26
183100,24434.97
183099,26549.54
183098,33767.71
183097,57227.05
183096,56096.34
183095,73580.86
183094,54536.69
183093,49486.02
183092,33149.03
183091,37260.91
183090,30414.55
183089,43366.94
183088,44127.3
183087,34226.95
183086,20143.73
183085,20056.48
183084,24448.06
183083,29654.13
183082,31088.29
183081,47168.46
183080,28829.09
183079,33006.5
183078,19743.82
183077,21518.75
183076,59765.16
183075,60505.99
183074,63935.13
183073,55567.13
183072,46065.1
183071,50870.3
183070,64294.28
183069,34869.63
183068,36463.45
183067,48488.01
183066,40244.54
183065,26288.44
183064,26332.51
183063,47633.49
183062,36950.68
183061,44071.21
183060,63608.26
183059,47991.22
183058,45626.74
183057,45411.48
183056,46314.27
183055,36068.43
183054,45339.37
183053,62252.57
183052,28357.98
183051,22985.63
183050,27015.98
183049,28436.02
183048,34571.09
183047,47805.76
183046,33885.93
183045,355.53
183044,26454.54
183043,52643.98
183042,49578.48
183041,48736.18
183040,56405.29
183039,44617.12
183038,22782.57
183037,1082.85
183036,1253.51
183035,205.84
183034,30543.74
183033,41319.44
183032,29250.49
183031,420.79
183030,20201.56
183029,21495.79
183028,53588.64
183027,46996.36
183026,49881.77
183025,40361.36
183024,38399.22
183023,36750.22
183022,35290.7
183021,36328.71
183020,43623.83
183019,58496.75
183018,38137.09
183017,30623.62
183016,27615.69
183015,27718.45
183014,41101.69
183013,40922.06
183012,55468.72
183011,32780.67
183010,20141.28
183009,17779.76
183008,21121.6
183007,21670.98
183006,57482.96
183005,58100.76
183004,49622.02
183003,34735.23
183002,34164.98
183001,38569.56
183000,29898.45
182999,37702.58
182998,55606.99
182997,38248.07
182996,21089.99
182995,21055.4
182994,18310.42
182993,35772.42
182992,40507.91
182991,47824.46
182990,40258.5
182989,41307.47
182988,15167.26
182987,15970.41
182986,27123.87
182985,31320.95
182984,34465.7
182983,33806.15
182982,16365.57
182981,44647.42
182980,36687.72
182979,34271.14
182978,36565.15
182977,47328.07
182976,40269.53
182975,29009.49
182974,32140.4
182973,31481.34
182972,34176.81
182971,40691.49
182970,44209.78
182969,32249.73
182968,18973.45
182967,17143.47
182966,19630.48
182965,26342.68
182964,33134.82
182963,30346.07
182962,31133.77
182961,21282.84
182960,12009.73
182959,19287.48
182958,28253.65
182957,25452.58
182956,32877.85
182955,26947.14
182954,16975.79
