41436,24904.45
41435,51010.54
41434,53558.07
41433,13906.32
41432,15751.8
41431,19348.89
41430,18314.7
41429,1147.39
41428,34533.28
41427,26703.45
41426,14735.18
41425,13739.52
41424,18860.37
41423,32597.56
41422,39983.24
41421,51505.09
41420,38929.74
41419,41132.57
41418,25949.82
41417,29916.34
41416,40012.17
41415,32160.58
41414,127.88
41413,16994.61
41412,16834.42
41411,14992.24
41410,19498.84
41409,15796.12
41408,31239.59
41407,46577.61
41406,36837.37
41405,16175.56
41404,19972.61
41403,16428.22
41402,22319.44
41401,23126.54
41400,43068.76
41399,30592.26
41398,18293.54
41397,16175.52
41396,18028.13
41395,42026.72
41394,62570.08
41393,80835.34
41392,49151.1
41391,34228.77
41390,24464.13
41389,35935.91
41388,26730.74
41387,39914.65
41386,62395.2
41385,51927.4
41384,18914.25
41383,16431.35
41382,16297.36
41381,18457.0
41380,27713.05
41379,51840.45
41378,35811.05
41377,25054.18
41376,23027.63
41375,19092.52
41374,33579.3
41373,50799.43
41372,91554.9
41371,64744.37
41370,43146.43
41369,48260.05
41368,70859.21
41367,33174.56
41366,47101.89
41365,59832.42
41364,51259.35
41363,18628.54
41362,15225.21
41361,47913.77
41360,39618.48
41359,44857.71
41358,81308.02
41357,56606.92
41356,36311.75
41355,42575.45
41354,51353.8
41353,43690.4
41352,65721.58
41351,78378.15
41350,-48.98
41349,27803.64
41348,26616.44
41347,25781.8
41346,30759.49
41345,34668.22
41344,46100.4
41343,38797.88
41342,558.56
41341,24280.04
41340,33005.08
41339,26919.76
41338,37721.05
41337,51709.49
41336,55806.55
41335,20422.85
41334,847.12
41333,750.32
41332,133.82
41331,27300.22
41330,45118.62
41329,39489.29
41328,813.91
41327,25127.86
41326,24071.02
41325,51549.9
41324,57504.92
41323,89262.92
41322,62761.15
41321,37705.4
41320,36142.67
41319,46079.03
41318,40534.47
41317,46902.92
41316,74225.15
41315,38538.54
41314,25990.07
41313,23705.68
41312,32844.04
41311,39851.2
41310,47193.68
41309,82304.34
41308,45666.06
41307,17484.62
41306,22278.5
41305,24831.18
41304,23533.97
41303,53860.19
41302,61093.19
41301,54273.6
41300,31581.46
41299,35883.65
41298,48215.91
41297,38250.16
41296,55126.53
41295,67349.81
41294,66539.14
41293,23341.85
41292,28702.98
41291,31237.78
41290,42571.13
41289,56892.09
41288,68947.3
41287,52918.99
41286,74206.12
41285,29950.1
41284,28134.5
41283,40066.06
41282,41475.37
41281,52353.61
41280,59551.67
41279,28331.94
41278,47318.26
41277,47895.75
41276,47923.28
41275,53881.58
41274,81418.31
41273,64426.28
41272,40123.86
41271,46384.29
41270,42606.82
41269,51580.71
41268,65568.4
41267,77594.92
41266,59237.64
41265,25223.81
41264,33432.64
41263,31370.04
41262,36368.27
41261,45925.67
41260,42726.44
41259,56950.43
41258,22080.99
41257,18622.48
41256,26665.81
41255,35773.92
41254,40751.09
41253,38323.76
41252,37255.65
41251,30078.52
