163998,25325.52
163997,32395.56
163996,22950.94
163995,6956.07
163994,8982.03
163993,10047.73
163992,9091.01
163991,514.47
163990,9731.49
163989,17384.75
163988,6717.6
163987,7616.96
163986,11011.17
163985,20406.9
163984,19029.36
163983,29727.47
163982,15535.16
163981,27008.85
163980,8224.97
163979,8527.56
163978,12753.47
163977,17313.38
163976,30381.18
163975,21018.31
163974,7199.74
163973,6797.4
163972,11160.71
163971,10007.05
163970,25802.8
163969,28692.57
163968,20329.69
163967,9582.71
163966,12263.45
163965,12504.33
163964,12088.05
163963,18948.76
163962,27079.19
163961,11687.93
163960,8228.51
163959,11973.27
163958,10916.29
163957,34888.15
163956,45006.39
163955,55490.3
163954,18332.06
163953,32576.49
163952,16151.53
163951,21806.33
163950,15103.02
163949,26135.77
163948,40098.25
163947,27636.3
163946,12241.44
163945,12245.24
163944,12534.05
163943,12105.21
163942,22647.63
163941,40245.61
163940,19167.25
163939,18355.45
163938,13699.77
163937,12773.7
163936,32839.34
163935,42932.89
163934,58466.09
163933,34956.0
163932,26460.48
163931,31972.01
163930,45614.44
163929,21004.36
163928,28041.75
163927,48825.4
163926,34709.98
163925,10491.0
163924,15117.46
163923,28048.79
163922,26537.97
163921,30124.03
163920,56124.86
163919,34745.93
163918,24636.31
163917,25554.21
163916,33680.56
163915,28310.96
163914,41765.16
163913,49502.36
163912,13672.83
163911,13039.04
163910,13334.75
163909,18673.1
163908,20934.88
163907,34398.02
163906,18282.33
163905,1141.36
163904,11316.19
163903,24225.56
163902,21572.49
163901,31601.85
163900,39963.49
163899,29534.41
163898,12756.03
163897,1361.88
163896,941.76
163895,120.42
163894,22323.58
163893,32905.5
163892,24506.5
163891,687.69
163890,15475.08
163889,17260.62
163888,34877.71
163887,38854.49
163886,45268.14
163885,29678.63
163884,21290.38
163883,20892.17
163882,23559.95
163881,25307.18
163880,36162.96
163879,53298.04
163878,28457.25
163877,14809.92
163876,20172.11
163875,20069.14
163874,29302.45
163873,35624.89
163872,51451.81
163871,31857.08
163870,20265.5
163869,15460.05
163868,19186.41
163867,20945.04
163866,44482.09
163865,49269.57
163864,34744.46
163863,22804.9
163862,24845.53
163861,28494.77
163860,25844.77
163859,34042.8
163858,39878.58
163857,33092.4
163856,16116.97
163855,14672.92
163854,17388.45
163853,26475.1
163852,28916.57
163851,37896.73
163850,24184.98
163849,35068.14
163848,12940.54
163847,20637.91
163846,25864.81
163845,27573.6
163844,37446.94
163843,24461.46
163842,12576.48
163841,30050.53
163840,31984.57
163839,28824.72
163838,37458.38
163837,40571.6
163836,31602.45
163835,23301.26
163834,24911.95
163833,28275.47
163832,27072.08
163831,37333.8
163830,40829.4
163829,25441.35
163828,13792.29
163827,13847.02
163826,14053.92
163825,21613.57
163824,29440.18
163823,28832.41
163822,28050.49
163821,10162.59
163820,10266.06
163819,16905.27
163818,19192.21
163817,24593.34
163816,23809.06
163815,19325.74
163814,17152.39
