19936,26713.25
19935,48568.16
19934,35783.22
19933,14117.78
19932,15779.87
19931,14044.59
19930,15748.58
19929,1019.93
19928,26008.05
19927,17406.97
19926,10088.24
19925,10062.58
19924,12002.04
19923,24155.87
19922,23340.86
19921,45528.3
19920,24475.83
19919,24913.89
19918,18447.2
19917,15807.21
19916,19348.65
19915,21396.94
19914,42791.21
19913,35569.6
19912,14983.92
19911,14488.57
19910,6806.22
19909,17730.25
19908,28473.47
19907,41462.32
19906,25798.87
19905,17386.24
19904,10415.21
19903,14781.65
19902,23102.81
19901,27289.91
19900,42864.17
19899,26232.88
19898,15063.45
19897,13852.73
19896,20374.09
19895,42947.23
19894,44304.52
19893,74593.18
19892,23975.21
19891,34191.38
19890,21603.61
19889,32156.89
19888,18111.85
19887,33325.7
19886,59851.2
19885,41844.36
19884,17731.17
19883,19287.65
19882,14286.78
19881,14978.57
19880,27575.4
19879,48325.97
19878,35006.86
19877,22162.85
19876,15576.41
19875,16109.14
19874,29301.32
19873,51865.7
19872,76181.96
19871,64573.53
19870,40081.11
19869,38797.87
19868,54343.26
19867,28882.15
19866,34578.97
19865,56649.93
19864,45710.17
19863,16527.92
19862,18400.44
19861,36670.49
19860,34997.27
19859,40833.5
19858,75171.02
19857,50021.15
19856,35653.16
19855,30909.63
19854,42532.23
19853,28209.5
19852,63286.78
19851,69521.38
19850,25455.82
19849,17733.12
19848,19000.63
19847,25182.12
19846,30666.46
19845,45064.38
19844,30191.59
19843,19418.22
19842,18670.02
19841,25649.34
19840,27117.34
19839,37448.19
19838,64970.07
19837,45704.73
19836,921.72
19835,16871.06
19834,16511.37
19833,20071.05
19832,26578.74
19831,37723.24
19830,39735.94
19829,22207.32
19828,22734.03
19827,18415.91
19826,42747.64
19825,46413.8
19824,65723.84
19823,52739.67
19822,28467.39
19821,33317.63
19820,31337.67
19819,34448.93
19818,479.33
19817,73385.59
19816,42756.57
19815,21949.65
19814,22234.96
19813,23957.18
19812,38731.57
19811,41978.64
19810,66333.87
19809,44280.51
19808,16775.41
19807,20598.15
19806,16450.72
19805,21348.52
19804,45898.57
19803,67503.36
19802,48413.26
19801,24195.84
19800,27947.57
19799,37157.55
19798,36191.9
19797,45861.2
19796,47555.95
19795,53004.75
19794,25190.57
19793,27186.12
19792,29173.06
19791,444.91
19790,44026.85
19789,56054.13
19788,42408.78
19787,40274.72
19786,19513.65
19785,27520.23
19784,27907.27
19783,37560.72
19782,47090.93
19781,31895.4
19780,21968.02
19779,43112.38
19778,44733.13
19777,41646.55
19776,47499.81
19775,60623.73
19774,46292.2
19773,29782.18
19772,39569.49
19771,38236.87
19770,42710.21
19769,46152.18
19768,52508.86
19767,40186.75
19766,19126.32
19765,20093.64
19764,21436.71
19763,25356.77
19762,38223.79
19761,40043.66
19760,42883.88
19759,18989.71
19758,16062.29
19757,22925.81
19756,26154.59
19755,31671.34
19754,33149.15
19753,27415.14
19752,22223.1
