201152,16948.32
201151,27685.54
201150,16152.96
201149,9282.19
201148,9701.33
201147,8341.35
201146,9726.71
201145,1000.65
201144,24616.94
201143,12121.13
201142,8643.01
201141,8647.4
201140,8370.08
201139,12358.96
201138,15313.85
201137,24920.39
201136,11163.14
201135,18438.48
201134,10037.32
201133,11854.14
201132,9524.99
201131,12268.39
201130,23623.04
201129,9582.84
201128,9804.89
201127,7613.28
201126,8189.86
201125,8163.55
201124,16662.25
201123,24495.13
201122,12608.43
201121,10515.12
201120,10732.86
201119,10931.97
201118,13357.91
201117,19257.66
201116,23666.54
201115,9797.46
201114,12875.64
201113,11324.56
201112,15293.1
201111,23839.46
201110,25872.86
201109,43294.89
201108,22030.5
201107,16498.84
201106,14017.71
201105,12852.72
201104,10979.3
201103,21036.24
201102,34984.48
201101,16515.22
201100,12357.77
201099,7381.78
201098,13550.23
201097,11777.01
201096,18210.51
201095,31127.43
201094,11420.31
201093,13048.8
201092,10877.93
201091,15142.96
201090,23657.97
201089,27585.66
201088,43191.12
201087,23962.07
201086,17385.15
201085,13475.41
201084,15480.9
201083,15064.8
201082,25659.6
201081,40750.53
201080,21983.39
201079,13278.57
201078,14825.29
201077,20943.13
201076,18740.16
201075,27248.46
201074,43987.92
201073,19205.86
201072,18045.64
201071,18962.38
201070,24299.56
201069,26889.17
201068,38445.38
201067,49056.35
201066,15379.76
201065,13166.8
201064,15034.91
201063,20151.37
201062,25276.9
201061,29187.39
201060,14520.99
201059,10027.98
201058,12939.74
201057,21339.68
201056,19509.3
201055,30970.34
201054,37332.3
201053,24946.97
201052,678.96
201051,10106.4
201050,12530.56
201049,14871.19
201048,22088.31
201047,28047.79
201046,14783.68
201045,8955.16
201044,12156.59
201043,9302.18
201042,21917.0
201041,30825.26
201040,37861.87
201039,16837.17
201038,14933.21
201037,15193.68
201036,14081.32
201035,18644.46
201034,368.4
201033,35762.94
201032,13407.53
201031,12489.39
201030,16772.62
201029,16167.49
201028,22525.96
201027,31412.05
201026,47474.38
201025,19735.9
201024,10330.75
201023,12099.15
201022,11953.34
201021,12788.12
201020,30968.77
201019,37249.03
201018,24338.99
201017,16394.84
201016,22037.18
201015,17960.21
201014,16846.68
201013,26948.68
201012,34569.3
201011,25028.66
201010,13974.34
201009,14718.77
201008,16002.91
201007,256.64
201006,22720.44
201005,34407.99
201004,23731.87
201003,29433.68
201002,14299.42
201001,12468.7
201000,15342.29
200999,21572.9
200998,30965.39
200997,19627.51
200996,14751.16
200995,24765.8
200994,19372.56
200993,19710.8
200992,20990.55
200991,34400.8
200990,18004.28
200989,18919.06
200988,17930.82
200987,19002.05
200986,24481.06
200985,29141.68
200984,33121.88
200983,19536.23
200982,14419.79
200981,14300.61
200980,14083.46
200979,14450.41
200978,23371.4
200977,21866.68
200976,18706.45
200975,11249.59
200974,11135.04
200973,11962.71
200972,19607.16
200971,20898.48
200970,26321.58
200969,12727.42
200968,15321.73
