123005,31337.36
123004,52660.58
123003,37351.86
123002,17216.48
123001,17102.63
123000,17280.23
122999,20229.81
122998,1177.89
122997,38091.85
122996,25095.06
122995,16458.02
122994,13701.0
122993,14867.35
122992,20224.93
122991,27374.51
122990,43996.53
122989,20558.9
122988,33515.7
122987,20319.3
122986,23508.7
122985,27714.7
122984,3333.56
122983,464.2
122982,164.4
122981,10168.41
122980,11449.66
122979,13405.91
122978,19409.39
122977,33382.32
122976,50695.67
122975,28849.61
122974,19288.23
122973,17177.41
122972,17819.25
122971,23031.01
122970,30070.4
122969,42899.76
122968,25660.84
122967,15872.53
122966,18846.35
122965,21800.31
122964,46170.93
122963,57761.63
122962,85116.52
122961,47869.08
122960,14318.12
122959,24561.13
122958,29862.15
122957,22231.59
122956,40862.99
122955,57430.95
122954,36297.42
122953,21624.46
122952,17718.97
122951,15266.4
122950,18999.34
122949,35945.35
122948,52032.25
122947,31727.19
122946,24724.29
122945,21822.43
122944,20595.62
122943,41723.49
122942,41204.26
122941,73082.79
122940,50014.62
122939,30979.18
122938,42343.8
122937,53592.91
122936,33732.24
122935,45595.95
122934,62742.82
122933,44252.97
122932,21021.66
122931,23948.37
122930,42424.34
122929,35195.81
122928,43335.73
122927,66739.89
122926,45194.92
122925,26529.17
122924,33233.49
122923,38161.73
122922,39828.32
122921,55732.48
122920,86212.12
122919,27308.46
122918,23588.08
122917,22144.14
122916,30336.48
122915,37126.67
122914,50988.54
122913,31181.05
122912,40.78
122911,19572.68
122910,34882.49
122909,30417.95
122908,43480.37
122907,72198.37
122906,43825.73
122905,16599.73
122904,16349.75
122903,20338.01
122902,20864.81
122901,30765.94
122900,47162.86
122899,32426.56
122898,21477.56
122897,17505.1
122896,21388.46
122895,36645.33
122894,42913.75
122893,58903.93
122892,37899.74
122891,29513.62
122890,27520.57
122889,16346.93
122888,29809.43
122887,13.99
122886,68103.85
122885,33218.21
122884,23355.4
122883,28404.49
122882,28820.44
122881,38383.02
122880,48606.26
122879,84060.92
122878,41121.33
122877,19611.69
122876,27681.58
122875,17588.85
122874,20387.65
122873,48104.31
122872,61675.94
122871,41134.95
122870,27318.85
122869,26691.68
122868,31746.85
122867,26718.99
122866,40723.26
122865,63721.82
122864,46248.93
122863,18838.31
122862,23173.21
122861,22682.03
122860,34.99
122859,52253.02
122858,55979.65
122857,41154.56
122856,54420.82
122855,21029.99
122854,21586.22
122853,25801.77
122852,31723.55
122851,46075.05
122850,39078.3
122849,23203.54
122848,37279.75
122847,40124.41
122846,37057.59
122845,48193.24
122844,60435.75
122843,45855.5
122842,28270.04
122841,36024.06
122840,33007.06
122839,42341.94
122838,54234.65
122837,71709.09
122836,50569.93
122835,22258.3
122834,21173.1
122833,21876.91
122832,24250.57
122831,39462.3
122830,45227.63
122829,37255.68
122828,19608.24
122827,15272.17
122826,25468.85
122825,27216.67
122824,38503.71
122823,37670.08
122822,26821.21
122821,28020.05
