90409,30119.48
90408,52655.49
90407,45551.86
90406,18441.31
90405,17489.11
90404,17268.26
90403,19467.87
90402,1070.47
90401,41742.67
90400,31417.85
90399,16610.2
90398,17592.65
90397,16093.51
90396,23739.4
90395,28201.07
90394,47070.52
90393,31448.36
90392,31887.25
90391,18391.48
90390,18279.53
90389,17945.93
90388,21667.75
90387,45002.16
90386,32937.93
90385,17612.52
90384,13869.87
90383,18787.45
90382,20021.95
90381,26970.47
90380,49749.35
90379,34385.24
90378,19038.64
90377,18619.13
90376,21914.61
90375,27388.36
90374,31322.44
90373,51339.42
90372,32846.32
90371,16606.14
90370,23534.61
90369,27571.71
90368,47057.94
90367,54322.57
90366,88995.84
90365,50853.51
90364,37318.88
90363,25428.77
90362,31135.58
90361,24201.79
90360,37763.36
90359,66853.39
90358,40565.74
90357,19754.24
90356,23228.66
90355,23171.86
90354,24028.6
90353,32376.5
90352,57090.2
90351,36503.83
90350,30302.62
90349,23462.76
90348,22546.24
90347,44215.49
90346,55851.73
90345,75774.01
90344,58707.55
90343,35298.05
90342,36623.6
90341,43754.24
90340,39019.55
90339,47879.94
90338,75486.27
90337,53581.45
90336,31900.82
90335,29112.41
90334,42089.97
90333,42993.07
90332,49202.84
90331,63435.16
90330,46688.11
90329,26804.52
90328,33507.76
90327,41537.25
90326,40163.9
90325,65240.8
90324,86099.44
90323,22322.07
90322,24316.16
90321,23216.74
90320,32621.84
90319,36412.78
90318,51875.28
90317,36922.62
90316,21333.02
90315,19673.93
90314,35706.87
90313,31867.69
90312,51412.32
90311,72843.33
90310,59088.97
90309,2201.4
90308,23100.61
90307,23175.33
90306,27000.82
90305,33172.88
90304,50851.06
90303,43259.49
90302,882.46
90301,26121.1
90300,20078.12
90299,39467.07
90298,52834.6
90297,63326.59
90296,35482.05
90295,26794.28
90294,34029.48
90293,24374.84
90292,37918.59
90291,3198.45
90290,79594.29
90289,54541.44
90288,31471.69
90287,31343.93
90286,35930.63
90285,52627.44
90284,66432.63
90283,104378.88
90282,59615.39
90281,25919.11
90280,32036.72
90279,24505.63
90278,29696.7
90277,62768.27
90276,67745.15
90275,55454.5
90274,31565.24
90273,36830.11
90272,38768.65
90271,31553.73
90270,52021.31
90269,69839.97
90268,66029.06
90267,28850.42
90266,30511.12
90265,31860.33
90264,1214.71
90263,25154.14
90262,63170.78
90261,50437.17
90260,66348.75
90259,23426.13
90258,23796.24
90257,23511.28
90256,41677.82
90255,58870.64
90254,41998.35
90253,25769.01
90252,40078.9
90251,31172.95
90250,44130.19
90249,45033.1
90248,69605.42
90247,40474.04
90246,35811.61
90245,33205.33
90244,38919.74
90243,44942.77
90242,59221.42
90241,81082.35
90240,56334.31
90239,21853.02
90238,29986.51
90237,27776.72
90236,31299.96
90235,45004.39
90234,50340.12
90233,54880.73
90232,22844.7
90231,19322.2
90230,29890.12
90229,33286.37
90228,40014.46
90227,52626.75
90226,42769.08
90225,36459.74
