110706,32123.72
110705,43664.95
110704,44577.92
110703,21828.75
110702,19910.69
110701,22823.6
110700,18442.2
110699,702.68
110698,32612.89
110697,24843.77
110696,10322.14
110695,15235.51
110694,17808.2
110693,26354.36
110692,32138.81
110691,38040.78
110690,26105.07
110689,29455.27
110688,22921.7
110687,24741.4
110686,20903.45
110685,23043.2
110684,37889.37
110683,25988.09
110682,15136.26
110681,20242.23
110680,14422.65
110679,15675.33
110678,22289.13
110677,43901.35
110676,27093.88
110675,17488.83
110674,18683.23
110673,18901.92
110672,25004.75
110671,23956.02
110670,37316.05
110669,20688.0
110668,19055.41
110667,20474.42
110666,25577.66
110665,38886.56
110664,47494.67
110663,73058.35
110662,52158.08
110661,40693.48
110660,28536.35
110659,30960.63
110658,17916.72
110657,36233.37
110656,45953.48
110655,37387.9
110654,23224.68
110653,21312.43
110652,22168.57
110651,19675.57
110650,34147.15
110649,48295.15
110648,29982.72
110647,31929.1
110646,24319.68
110645,25149.97
110644,50672.26
110643,49323.39
110642,58628.44
110641,47935.01
110640,35330.71
110639,41473.03
110638,58622.8
110637,31021.12
110636,35342.5
110635,45208.39
110634,43177.19
110633,25014.85
110632,23257.17
110631,40383.77
110630,32003.65
110629,45545.49
110628,61133.84
110627,47209.57
110626,41217.66
110625,37500.78
110624,48475.38
110623,35592.91
110622,44034.86
110621,62648.85
110620,26203.48
110619,21216.69
110618,20741.99
110617,28249.83
110616,29923.84
110615,45058.13
110614,32749.28
110613,21141.22
110612,23089.93
110611,35742.86
110610,33536.39
110609,37867.06
110608,47844.1
110607,52097.5
110606,1729.02
110605,20917.51
110604,23840.74
110603,25304.79
110602,31902.36
110601,36545.1
110600,34724.43
110599,19352.49
110598,20095.53
110597,20968.8
110596,44327.76
110595,42293.95
110594,51491.6
110593,50111.27
110592,32718.33
110591,30225.72
110590,32554.35
110589,26465.6
110588,1730.71
110587,59572.45
110586,40559.65
110585,27780.64
110584,29238.69
110583,30218.44
110582,39478.38
110581,39138.63
110580,62994.61
110579,45111.9
110578,21957.6
110577,23643.43
110576,27248.59
110575,23058.7
110574,52071.12
110573,59641.31
110572,47513.05
110571,37153.01
110570,30026.17
110569,37789.02
110568,32267.62
110567,36919.96
110566,56664.05
110565,51907.13
110564,24842.41
110563,23991.69
110562,28468.66
110561,319.69
110560,45167.74
110559,47879.9
110558,47083.1
110557,58059.85
110556,27244.64
110555,23516.25
110554,33336.13
110553,35312.93
110552,47965.57
110551,40084.61
110550,28734.3
110549,36584.53
110548,38126.76
110547,34872.83
110546,43427.88
110545,57818.46
110544,45780.77
110543,32627.22
110542,35380.68
110541,33869.03
110540,39346.74
110539,43186.11
110538,64060.56
110537,49712.64
110536,18453.4
110535,24317.16
110534,24777.48
110533,24962.78
110532,37963.83
110531,36337.67
110530,41189.89
110529,22182.45
110528,16796.5
110527,24970.17
110526,23412.78
110525,26621.36
110524,35651.21
110523,35978.9
110522,27864.31
