8798,28542.49
8797,50927.29
8796,39536.79
8795,14535.11
8794,12304.49
8793,21330.8
8792,17416.58
8791,1219.13
8790,37596.23
8789,21681.19
8788,13492.35
8787,12030.26
8786,17674.11
8785,26824.74
8784,26703.89
8783,44025.18
8782,29891.71
8781,27375.36
8780,20383.73
8779,18407.73
8778,20910.77
8777,22009.9
8776,48819.56
8775,39072.02
8774,14063.13
8773,15025.08
8772,13191.45
8771,15213.11
8770,29011.04
8769,51039.42
8768,32348.42
8767,14120.5
8766,18645.75
8765,21006.52
8764,22967.54
8763,24958.53
8762,45126.12
8761,27360.02
8760,16635.28
8759,9682.52
8758,16893.99
8757,40010.8
8756,47128.48
8755,78444.01
8754,37740.55
8753,31948.96
8752,22094.55
8751,35913.89
8750,21620.43
8749,35054.91
8748,61000.12
8747,46743.24
8746,14959.35
8745,19848.83
8744,14008.61
8743,15245.5
8742,29423.97
8741,61359.28
8740,34760.64
8739,29465.74
8738,15099.47
8737,18947.47
8736,38314.24
8735,44341.51
8734,76849.48
8733,58031.57
8732,33509.61
8731,46104.45
8730,51687.12
8729,29640.22
8728,33059.67
8727,61896.47
8726,50790.85
8725,18242.87
8724,20078.45
8723,46815.81
8722,32183.69
8721,44361.38
8720,74120.35
8719,61274.15
8718,34607.15
8717,34124.28
8716,48947.19
8715,33593.56
8714,57103.45
8713,79863.07
8712,32620.64
8711,34647.95
8710,29507.27
8709,35797.3
8708,43746.14
8707,31472.3
8706,37484.38
8705,0.0
8704,18364.04
8703,23323.08
8702,25277.72
8701,33348.84
8700,53062.38
8699,36880.86
8698,15954.89
8697,31.95
8696,28042.02
8695,45104.4
8694,41120.42
8693,144.11
8692,24658.43
8691,20873.64
8690,46305.58
8689,49874.3
8688,72014.25
8687,53028.84
8686,36255.71
8685,32557.61
8684,36421.58
8683,28976.95
8682,37375.99
8681,79421.68
8680,38770.81
8679,24795.58
8678,29327.24
8677,31179.32
8676,37748.3
8675,49175.8
8674,69193.45
8673,46280.13
8672,16087.7
8671,21640.69
8670,22164.24
8669,22715.52
8668,47509.26
8667,65493.85
8666,48852.49
8665,25034.6
8664,27949.17
8663,36902.16
8662,28536.55
8661,40255.03
8660,62413.09
8659,56344.89
8658,26627.04
8657,28049.33
8656,28670.31
8655,40827.81
8654,45562.45
8653,60191.48
8652,35159.42
8651,55809.94
8650,29349.26
8649,33881.15
8648,41288.88
8647,41139.23
8646,51329.89
8645,47940.07
8644,21824.6
8643,42307.68
8642,45190.04
8641,36375.54
8640,54330.29
8639,66387.55
8638,50424.08
8637,37756.05
8636,36699.9
8635,32572.19
8634,44286.91
8633,50151.04
8632,69891.88
8631,45153.37
8630,21933.03
8629,14933.57
8628,23239.48
8627,29326.07
8626,38280.35
8625,38812.75
8624,44120.34
8623,28489.28
8622,16315.07
8621,24469.66
8620,26940.77
8619,31485.15
8618,34151.38
8617,31382.48
8616,25036.69
