188679,25407.02
188678,40236.9
188677,40168.01
188676,13800.4
188675,15551.72
188674,15632.36
188673,14831.73
188672,1638.79
188671,30523.1
188670,19179.95
188669,13627.86
188668,12761.81
188667,16013.09
188666,25668.19
188665,29530.74
188664,38002.02
188663,26809.99
188662,21498.27
188661,15842.36
188660,18946.89
188659,20228.08
188658,21038.75
188657,38714.22
188656,32781.29
188655,12197.23
188654,12797.98
188653,16119.15
188652,14855.33
188651,26450.48
188650,41016.81
188649,29348.89
188648,15760.4
188647,8542.81
188646,14729.58
188645,20294.89
188644,23748.35
188643,37423.06
188642,28091.52
188641,14310.6
188640,17604.05
188639,19556.5
188638,37745.2
188637,42155.68
188636,58899.0
188635,40549.41
188634,35444.89
188633,22538.15
188632,27581.95
188631,22698.57
188630,34648.0
188629,54823.03
188628,41872.62
188627,17482.63
188626,16948.32
188625,17244.0
188624,17111.78
188623,25437.7
188622,42469.92
188621,31112.89
188620,21809.29
188619,17459.98
188618,15943.66
188617,36519.83
188616,41585.19
188615,63634.1
188614,54789.13
188613,31094.83
188612,38711.37
188611,52384.62
188610,23280.7
188609,31291.08
188608,46749.77
188607,43540.2
188606,17069.83
188605,18919.59
188604,41349.33
188603,32509.56
188602,41217.95
188601,71511.1
188600,64490.39
188599,30523.81
188598,39111.84
188597,36491.8
188596,32307.85
188595,48980.88
188594,68598.3
188593,20980.14
188592,16817.57
188591,14750.42
188590,16721.01
188589,24330.8
188588,38597.1
188587,35549.16
188586,686.19
188585,16250.96
188584,27272.65
188583,25113.89
188582,32666.5
188581,51635.07
188580,40771.1
188579,17303.32
188578,17749.99
188577,18422.59
188576,25315.05
188575,30727.7
188574,44637.2
188573,49272.94
188572,22522.4
188571,17123.25
188570,23633.37
188569,47008.07
188568,41168.25
188567,61198.71
188566,54292.82
188565,32706.14
188564,29938.52
188563,29330.25
188562,28482.52
188561,1451.7
188560,64331.69
188559,37021.08
188558,22226.6
188557,25158.71
188556,25228.84
188555,40493.89
188554,44496.19
188553,70957.0
188552,42819.28
188551,21888.6
188550,22213.14
188549,22474.15
188548,17331.77
188547,51144.38
188546,52965.64
188545,45987.77
188544,30888.35
188543,29008.63
188542,31869.32
188541,32635.55
188540,40255.58
188539,58071.54
188538,60353.57
188537,23817.28
188536,24854.58
188535,25178.19
188534,238.95
188533,39551.72
188532,48855.45
188531,35424.64
188530,41594.24
188529,21650.83
188528,26505.0
188527,32499.77
188526,36619.9
188525,40665.53
188524,37961.65
188523,23780.96
188522,40771.82
188521,40932.92
188520,40281.71
188519,50895.66
188518,57269.72
188517,50860.21
188516,31412.01
188515,34305.22
188514,36612.81
188513,42803.39
188512,51371.11
188511,53424.76
188510,46311.67
188509,24833.03
188508,20296.96
188507,23447.63
188506,27815.08
188505,40287.29
188504,36933.32
188503,41442.88
188502,25784.2
188501,18956.14
188500,22808.01
188499,27379.7
188498,31361.29
188497,27310.31
188496,24476.13
188495,18530.91
