33201,45232.16
33200,62605.56
33199,49923.94
33198,19509.88
33197,19355.22
33196,20323.04
33195,21925.39
33194,1053.98
33193,52876.15
33192,27159.79
33191,11873.27
33190,17143.51
33189,20500.63
33188,36293.37
33187,37951.39
33186,64058.55
33185,37443.33
33184,39635.6
33183,25565.41
33182,26377.7
33181,24833.35
33180,32571.39
33179,72213.27
33178,52597.16
33177,16665.25
33176,19658.51
33175,23207.25
33174,22964.52
33173,37167.5
33172,75117.67
33171,48689.77
33170,23516.1
33169,13803.84
33168,21942.24
33167,27660.23
33166,39472.9
33165,66873.73
33164,36074.74
33163,19526.42
33162,22350.76
33161,25455.24
33160,53765.04
33159,69271.83
33158,118296.69
33157,68176.7
33156,64634.61
33155,34530.65
33154,38360.8
33153,29869.5
33152,47637.27
33151,92209.24
33150,58232.28
33149,23263.87
33148,22525.81
33147,28461.5
33146,25044.84
33145,41816.23
33144,81583.96
33143,46357.96
33142,42335.58
33141,22586.43
33140,26929.9
33139,57690.09
33138,65573.34
33137,127686.89
33136,98143.02
33135,50654.35
33134,53767.68
33133,86132.35
33132,38978.78
33131,56658.05
33130,95159.81
33129,74261.94
33128,28326.16
33127,25894.79
33126,59181.15
33125,55657.99
33124,61842.67
33123,108618.46
33122,80431.44
33121,49937.11
33120,59277.77
33119,48561.88
33118,48891.97
33117,68111.69
33116,107047.87
33115,-44.43
33114,29232.74
33113,27294.39
33112,28241.38
33111,30797.25
33110,41009.33
33109,74653.33
33108,50897.84
33107,1524.95
33106,22961.47
33105,37811.98
33104,36069.83
33103,46473.28
33102,90844.71
33101,67235.06
33100,26908.62
33099,2812.67
33098,889.17
33097,347.58
33096,48324.42
33095,78547.28
33094,67699.05
33093,1160.37
33092,30011.42
33091,27276.96
33090,63972.65
33089,73667.2
33088,99562.31
33087,78271.34
33086,42128.39
33085,43847.55
33084,46094.39
33083,42214.53
33082,66300.76
33081,114341.21
33080,56402.08
33079,29269.7
33078,32939.7
33077,42025.79
33076,56497.26
33075,70788.81
33074,109485.07
33073,64037.08
33072,28623.23
33071,27396.31
33070,30518.78
33069,32889.51
33068,69865.45
33067,99535.66
33066,71022.63
33065,41834.87
33064,41417.22
33063,52044.51
33062,46142.37
33061,72297.16
33060,92510.85
33059,91979.37
33058,30146.18
33057,38941.48
33056,36023.69
33055,52125.18
33054,57735.8
33053,81750.96
33052,56957.88
33051,63911.14
33050,26616.24
33049,34648.02
33048,38535.03
33047,49287.45
33046,74517.26
33045,62751.58
33044,32757.75
33043,68830.46
33042,64788.96
33041,63468.94
33040,76557.15
33039,105610.59
33038,78731.38
33037,50845.48
33036,52743.72
33035,58557.24
33034,67922.93
33033,76680.94
33032,95283.78
33031,74577.71
33030,34467.89
33029,35510.56
33028,38149.95
33027,43586.31
33026,53348.07
33025,62869.33
33024,65011.68
33023,30085.82
33022,29001.95
33021,36784.4
33020,43317.44
33019,42915.32
33018,53712.41
33017,39505.01
33016,30159.34
