85810,45243.84
85809,66312.34
85808,47996.73
85807,21613.89
85806,21129.5
85805,18445.73
85804,19627.59
85803,1716.26
85802,46133.85
85801,28900.87
85800,17776.84
85799,15892.19
85798,16746.01
85797,30930.23
85796,33024.31
85795,65788.61
85794,35561.55
85793,39569.12
85792,22164.79
85791,11133.78
85790,22713.39
85789,3839.22
85788,10034.39
85787,31882.75
85786,15725.58
85785,17880.74
85784,17444.05
85783,21802.08
85782,31741.78
85781,51423.3
85780,30852.35
85779,19201.27
85778,18161.18
85777,24327.71
85776,27454.05
85775,30571.09
85774,59425.51
85773,28512.18
85772,16438.36
85771,13208.42
85770,25826.72
85769,56439.81
85768,60056.97
85767,104037.56
85766,53186.6
85765,35368.96
85764,25039.86
85763,29727.31
85762,25146.64
85761,45310.16
85760,69881.36
85759,51835.74
85758,15736.83
85757,22505.41
85756,17947.95
85755,21838.53
85754,34933.14
85753,69030.09
85752,37498.34
85751,26264.0
85750,21486.04
85749,21752.39
85748,39962.36
85747,54798.54
85746,93533.4
85745,60339.2
85744,34751.54
85743,45894.44
85742,54638.95
85741,33010.74
85740,41242.13
85739,83623.12
85738,58013.2
85737,28471.66
85736,26836.06
85735,51125.19
85734,38770.7
85733,56591.92
85732,100911.06
85731,61838.87
85730,33379.94
85729,34917.98
85728,52734.38
85727,42334.76
85726,89154.3
85725,97108.39
85724,-71.47
85723,25727.53
85722,24876.07
85721,22931.48
85720,23160.59
85719,39871.93
85718,61249.79
85717,43133.9
85716,790.19
85715,20988.96
85714,32686.07
85713,36190.14
85712,42698.59
85711,83105.44
85710,54214.22
85709,18473.62
85708,814.14
85707,1012.19
85706,178.49
85705,36221.25
85704,51446.67
85703,44105.09
85702,877.71
85701,22424.54
85700,24012.62
85699,44554.6
85698,50747.45
85697,81173.66
85696,54788.75
85695,33901.41
85694,33554.59
85693,34290.19
85692,34763.55
85691,48508.86
85690,96417.26
85689,57258.18
85688,26499.45
85687,28105.21
85686,27933.15
85685,43339.53
85684,57720.71
85683,87681.41
85682,63025.41
85681,21408.07
85680,25113.58
85679,26020.58
85678,28067.31
85677,57450.69
85676,84650.2
85675,55799.8
85674,35334.53
85673,36500.61
85672,33684.42
85671,43690.17
85670,56428.12
85669,83007.7
85668,64455.37
85667,27879.54
85666,33494.76
85665,31674.78
85664,43984.13
85663,57532.01
85662,70910.7
85661,48874.1
85660,58410.18
85659,34838.6
85658,29250.87
85657,32798.73
85656,40153.15
85655,66323.6
85654,48106.84
85653,25847.29
85652,47630.85
85651,37767.28
85650,41212.61
85649,52742.84
85648,72612.64
85647,53386.48
85646,35109.11
85645,33898.17
85644,35424.41
85643,45091.91
85642,59111.71
85641,76314.52
85640,58410.79
85639,26452.55
85638,24891.16
85637,31461.94
85636,31451.9
85635,47668.67
85634,47494.21
85633,51515.87
85632,22666.65
85631,18165.17
85630,26256.76
85629,31759.54
85628,33642.29
85627,48239.7
85626,33288.04
85625,30895.71
