221970,10312.94
221969,20816.01
221968,14547.03
221967,7845.0
221966,8344.65
221965,8644.76
221964,6799.92
221963,624.66
221962,14536.56
221961,7799.25
221960,4450.75
221959,6471.68
221958,6983.05
221957,5452.14
221956,10977.58
221955,12233.8
221954,9227.14
221953,14577.24
221952,10560.42
221951,9625.19
221950,6418.87
221949,7291.06
221948,16394.37
221947,11025.21
221946,5082.88
221945,6139.54
221944,5927.1
221943,6317.73
221942,12869.75
221941,20122.22
221940,13032.2
221939,9424.75
221938,8251.34
221937,6056.8
221936,10746.63
221935,11514.93
221934,18477.87
221933,6470.47
221932,5064.98
221931,8625.15
221930,8471.93
221929,15791.8
221928,16070.59
221927,26664.79
221926,16612.96
221925,18161.71
221924,10323.24
221923,10067.14
221922,7083.04
221921,13782.69
221920,25870.01
221919,10593.03
221918,8563.34
221917,6476.32
221916,8680.98
221915,9299.83
221914,13281.18
221913,20404.46
221912,12055.7
221911,9597.07
221910,6423.24
221909,8002.58
221908,11129.22
221907,21658.08
221906,26514.32
221905,18447.72
221904,12435.29
221903,14344.65
221902,18332.57
221901,11775.56
221900,18162.94
221899,31617.29
221898,12549.16
221897,7626.08
221896,9583.87
221895,15148.63
221894,12931.81
221893,18616.47
221892,30045.74
221891,17612.52
221890,13125.37
221889,11036.32
221888,17504.64
221887,13117.17
221886,23488.83
221885,31044.1
221884,11192.88
221883,7752.41
221882,11355.29
221881,9773.86
221880,13616.57
221879,27330.96
221878,16064.25
221877,9118.7
221876,7885.89
221875,11316.71
221874,11197.99
221873,18233.56
221872,33434.98
221871,17032.89
221870,679.28
221869,7064.3
221868,10665.9
221867,10295.34
221866,12428.91
221865,16641.95
221864,12655.97
221863,6907.23
221862,8920.49
221861,10543.59
221860,14833.83
221859,21257.8
221858,24823.85
221857,10874.03
221856,10464.81
221855,11930.71
221854,10685.27
221853,9692.62
221852,470.75
221851,29816.0
221850,11829.02
221849,13036.53
221848,15785.27
221847,14317.99
221846,17245.86
221845,19629.31
221844,29232.42
221843,16685.55
221842,7748.93
221841,9157.41
221840,9135.94
221839,12806.86
221838,22606.1
221837,27943.98
221836,15984.36
221835,13290.67
221834,12457.81
221833,15070.0
221832,17339.59
221831,18054.61
221830,33472.76
221829,20083.87
221828,16446.41
221827,13627.32
221826,12043.48
221825,13439.93
221824,18115.38
221823,22429.36
221822,11607.15
221821,16459.71
221820,12834.96
221819,10891.07
221818,14525.9
221817,15141.4
221816,20737.22
221815,12528.48
221814,12325.79
221813,15297.55
221812,16880.96
221811,18624.82
221810,21170.32
221809,23996.69
221808,14992.21
221807,16099.72
221806,18122.7
221805,14245.39
221804,18862.99
221803,22408.48
221802,19648.37
221801,13720.91
221800,9969.95
221799,11802.09
221798,11910.95
221797,10736.18
221796,18207.97
221795,18037.24
221794,16523.91
221793,8441.96
221792,9724.16
221791,10926.65
221790,14448.47
221789,15945.75
221788,17977.38
221787,13389.81
221786,7632.08
