12836,26623.34
12835,40692.9
12834,26759.5
12833,14252.25
12832,13194.38
12831,12882.6
12830,12349.08
12829,842.07
12828,20310.86
12827,16038.82
12826,11813.63
12825,9492.86
12824,13295.3
12823,19123.01
12822,25246.48
12821,28110.71
12820,19569.01
12819,22416.94
12818,15241.82
12817,15283.55
12816,14613.53
12815,16667.42
12814,31911.54
12813,22284.2
12812,11680.15
12811,7949.79
12810,10888.07
12809,12199.71
12808,22039.73
12807,28952.55
12806,20944.25
12805,17943.15
12804,17222.21
12803,17768.72
12802,17180.25
12801,22526.67
12800,29502.32
12799,20456.14
12798,13753.14
12797,17073.57
12796,18730.74
12795,32145.94
12794,44411.25
12793,60255.95
12792,31352.27
12791,30119.86
12790,17719.55
12789,25076.93
12788,17668.38
12787,24841.3
12786,47296.87
12785,28628.63
12784,15162.06
12783,9782.7
12782,18575.18
12781,15104.75
12780,27945.91
12779,37710.83
12778,23094.75
12777,22252.65
12776,14381.12
12775,15560.18
12774,35810.18
12773,37591.83
12772,53002.95
12771,34892.48
12770,21569.13
12769,25813.17
12768,39305.12
12767,26206.27
12766,31426.73
12765,53086.15
12764,23975.09
12763,20939.98
12762,18793.85
12761,32647.58
12760,26460.81
12759,27876.19
12758,45179.18
12757,31655.36
12756,21487.93
12755,21702.42
12754,28632.58
12753,25793.75
12752,40388.87
12751,53415.7
12750,-17.0
12749,13078.04
12748,15788.06
12747,18916.05
12746,19349.04
12745,23044.41
12744,33026.45
12743,21958.28
12742,308.32
12741,17454.53
12740,28113.69
12739,28207.49
12738,30501.03
12737,43810.4
12736,35117.14
12735,13894.42
12734,1326.0
12733,587.27
12732,150.53
12731,25510.23
12730,34676.69
12729,23015.91
12728,662.82
12727,14365.47
12726,14201.03
12725,27828.08
12724,36225.11
12723,37963.84
12722,25479.52
12721,17557.53
12720,11133.23
12719,23423.57
12718,26535.05
12717,26054.76
12716,51152.73
12715,26181.71
12714,19900.88
12713,22871.3
12712,24063.21
12711,32557.83
12710,42418.35
12709,54051.42
12708,28294.8
12707,15213.39
12706,19724.83
12705,17667.76
12704,20394.26
12703,41393.49
12702,53287.65
12701,32310.31
12700,21267.66
12699,24217.6
12698,26853.11
12697,23474.08
12696,35111.96
12695,42607.21
12694,33385.4
12693,15399.52
12692,17828.3
12691,18298.49
12690,27475.31
12689,32280.05
12688,40611.82
12687,23296.25
12686,32769.72
12685,15635.08
12684,15940.49
12683,22070.45
12682,27924.49
12681,40458.7
12680,26720.79
12679,18250.31
12678,28828.34
12677,23041.25
12676,24884.08
12675,32834.83
12674,43675.54
12673,30135.51
12672,22199.99
12671,26492.2
12670,25159.33
12669,30377.05
12668,41600.05
12667,46560.1
12666,32501.1
12665,17560.72
12664,18552.22
12663,18701.65
12662,18275.82
12661,30850.14
12660,29713.3
12659,30656.51
12658,18667.69
12657,13803.28
12656,16085.46
12655,23914.96
12654,27936.89
12653,34604.06
12652,24125.74
12651,18185.95
