164574,21657.66
164573,40272.56
164572,33966.41
164571,18706.14
164570,16434.07
164569,14900.97
164568,18076.84
164567,725.63
164566,27574.09
164565,20690.32
164564,12442.46
164563,10497.25
164562,10160.86
164561,18183.41
164560,18286.6
164559,32158.97
164558,24561.84
164557,23469.22
164556,11078.44
164555,17564.07
164554,18395.64
164553,16877.69
164552,29936.61
164551,26625.66
164550,11281.43
164549,12029.26
164548,12305.42
164547,10643.07
164546,20917.21
164545,33140.43
164544,28018.92
164543,15900.0
164542,15037.83
164541,16660.82
164540,17469.1
164539,18483.08
164538,28992.65
164537,20916.71
164536,14259.56
164535,17111.57
164534,21612.24
164533,28929.33
164532,30786.05
164531,51442.63
164530,36012.45
164529,32112.31
164528,19882.37
164527,18172.14
164526,14268.75
164525,24878.53
164524,41601.07
164523,30863.19
164522,17203.86
164521,14864.3
164520,17994.86
164519,14190.37
164518,20604.28
164517,34537.89
164516,22272.64
164515,21795.82
164514,17072.28
164513,14988.38
164512,24778.09
164511,27186.75
164510,38948.62
164509,40032.62
164508,18689.76
164507,24126.15
164506,36120.72
164505,21041.13
164504,24185.44
164503,38108.28
164502,38259.14
164501,16684.93
164500,16978.52
164499,25431.23
164498,24792.7
164497,27112.61
164496,40765.62
164495,39958.16
164494,24561.59
164493,24040.54
164492,28376.23
164491,26125.17
164490,32285.94
164489,50201.54
164488,-2.8
164487,17586.94
164486,16742.15
164485,18139.2
164484,17723.64
164483,23616.28
164482,32797.45
164481,32998.99
164480,593.09
164479,13899.47
164478,21547.34
164477,21638.19
164476,28767.56
164475,46393.49
164474,40077.14
164473,17760.85
164472,17619.96
164471,16088.97
164470,19352.41
164469,22279.1
164468,31801.31
164467,30076.07
164466,17586.03
164465,17332.43
164464,18354.54
164463,25575.2
164462,32547.47
164461,40172.89
164460,39321.47
164459,19183.1
164458,22698.17
164457,24121.65
164456,23126.81
164455,1213.83
164454,46362.56
164453,35017.31
164452,21112.72
164451,18597.07
164450,22657.59
164449,26083.79
164448,32263.55
164447,59278.21
164446,38287.08
164445,17386.06
164444,20013.91
164443,17141.67
164442,16568.91
164441,31603.27
164440,45628.24
164439,37012.54
164438,19541.85
164437,22326.54
164436,24226.6
164435,23367.53
164434,32515.04
164433,40807.43
164432,44790.46
164431,20824.53
164430,17399.94
164429,19028.63
164428,118.75
164427,26111.43
164426,36719.9
164425,35749.9
164424,40281.73
164423,20091.87
164422,19374.35
164421,26822.51
164420,24109.64
164419,37455.45
164418,33705.92
164417,17540.79
164416,23877.14
164415,26241.79
164414,28555.37
164413,31027.75
164412,39283.61
164411,35927.79
164410,20488.86
164409,27148.75
164408,23572.4
164407,26236.96
164406,30732.2
164405,46017.58
164404,36887.07
164403,13274.96
164402,21992.31
164401,17924.46
164400,22728.22
164399,28395.75
164398,35539.32
164397,38114.59
164396,17606.69
164395,15945.1
164394,17001.53
164393,23559.29
164392,20708.15
164391,34098.63
164390,28161.03
164389,19089.96
