81968,30041.62
81967,49066.37
81966,42468.95
81965,14972.16
81964,12393.74
81963,12323.69
81962,17315.3
81961,944.06
81960,25131.94
81959,21922.35
81958,11259.64
81957,12133.0
81956,14280.37
81955,20631.5
81954,29591.78
81953,42110.61
81952,30946.14
81951,34069.06
81950,19329.01
81949,20245.76
81948,16299.37
81947,25614.07
81946,7550.54
81945,35859.59
81944,14960.31
81943,14199.06
81942,15009.14
81941,10426.14
81940,21421.8
81939,42267.44
81938,26577.07
81937,14919.55
81936,14204.08
81935,15762.37
81934,19946.61
81933,19824.62
81932,41708.92
81931,24660.09
81930,16036.54
81929,15659.27
81928,19750.0
81927,37572.99
81926,59221.85
81925,65313.84
81924,48147.76
81923,38448.27
81922,22843.08
81921,33253.92
81920,24473.39
81919,38220.77
81918,63421.99
81917,43468.45
81916,21652.88
81915,10864.37
81914,13972.82
81913,15415.43
81912,29961.33
81911,54486.97
81910,26425.19
81909,26301.33
81908,18065.58
81907,24315.87
81906,43635.67
81905,44743.32
81904,78325.39
81903,56536.99
81902,38235.79
81901,45242.95
81900,52695.69
81899,32192.99
81898,40288.14
81897,63215.84
81896,45880.65
81895,20922.65
81894,25399.99
81893,37185.17
81892,34777.8
81891,42989.91
81890,78319.95
81889,47292.24
81888,38924.11
81887,41630.49
81886,48868.88
81885,40001.68
81884,55867.67
81883,69945.28
81882,-55.99
81881,19319.32
81880,16884.23
81879,18283.79
81878,24197.85
81877,31763.74
81876,50672.81
81875,28644.6
81874,13896.69
81873,18474.44
81872,35204.58
81871,28125.01
81870,40491.89
81869,61104.85
81868,53369.45
81867,1838.01
81866,17139.13
81865,22689.59
81864,25396.69
81863,30114.51
81862,51201.3
81861,35245.2
81860,22582.23
81859,23977.24
81858,25926.62
81857,46093.23
81856,65397.18
81855,68844.89
81854,52904.52
81853,38763.66
81852,31155.84
81851,38588.2
81850,35985.69
81849,1837.34
81848,62544.81
81847,44199.42
81846,25297.09
81845,28639.92
81844,27786.72
81843,40814.48
81842,48336.96
81841,80888.08
81840,46572.85
81839,20927.42
81838,22409.81
81837,21590.37
81836,23457.18
81835,45554.06
81834,67475.37
81833,48503.03
81832,32206.97
81831,28990.85
81830,35712.02
81829,33528.52
81828,44298.87
81827,62775.36
81826,54045.79
81825,25334.5
81824,22475.2
81823,27847.21
81822,762.29
81821,58838.38
81820,63582.88
81819,48349.12
81818,64066.8
81817,25777.76
81816,33549.72
81815,32279.26
81814,42250.94
81813,54891.34
81812,48585.12
81811,24833.99
81810,48178.65
81809,45260.58
81808,40926.31
81807,51103.98
81806,69472.18
81805,46967.74
81804,34377.18
81803,38978.71
81802,36419.06
81801,46896.14
81800,63251.28
81799,70028.49
81798,47740.48
81797,27288.41
81796,33611.93
81795,27004.33
81794,31682.28
81793,48995.31
81792,43162.0
81791,48989.01
81790,26350.07
81789,19424.86
81788,25687.65
81787,33181.58
81786,35634.74
81785,43255.7
81784,30524.78
81783,35173.81
