46406,29707.69
46405,43721.83
46404,43199.69
46403,15742.25
46402,15487.74
46401,16631.4
46400,16308.94
46399,974.78
46398,41325.72
46397,30429.85
46396,12380.85
46395,12899.76
46394,12156.26
46393,22898.65
46392,26944.47
46391,48731.24
46390,38427.52
46389,38736.53
46388,22300.74
46387,28339.61
46386,29462.12
46385,15989.52
46384,151.16
46383,95.41
46382,5444.82
46381,6812.94
46380,12546.59
46379,14678.16
46378,20516.8
46377,39603.19
46376,34625.68
46375,11862.12
46374,15497.88
46373,12781.56
46372,17208.84
46371,22233.87
46370,44021.95
46369,37734.29
46368,14864.06
46367,11024.17
46366,18024.91
46365,34459.86
46364,37160.64
46363,78540.39
46362,49864.2
46361,11016.22
46360,20113.03
46359,26333.7
46358,19887.75
46357,29683.15
46356,58384.31
46355,52483.65
46354,13625.11
46353,14960.13
46352,13429.6
46351,17559.46
46350,23693.85
46349,52175.69
46348,33908.08
46347,22883.51
46346,19088.17
46345,20687.33
46344,33146.45
46343,36224.9
46342,91587.92
46341,76646.57
46340,35835.16
46339,36230.67
46338,53299.57
46337,29855.63
46336,37249.23
46335,71631.96
46334,60146.48
46333,22779.99
46332,21001.87
46331,37742.22
46330,25609.59
46329,40053.02
46328,71674.16
46327,56043.9
46326,34212.48
46325,30745.59
46324,40026.46
46323,37006.3
46322,48764.04
46321,72548.46
46320,-94.35
46319,19657.98
46318,18784.58
46317,18405.75
46316,24706.39
46315,22771.45
46314,53152.73
46313,47879.68
46312,13973.0
46311,15543.02
46310,24370.53
46309,19604.57
46308,30483.5
46307,58000.87
46306,57254.56
46305,1586.78
46304,16346.98
46303,19742.95
46302,19914.85
46301,29093.76
46300,47714.57
46299,45766.48
46298,21836.66
46297,21810.62
46296,24338.52
46295,33752.18
46294,47428.57
46293,78474.86
46292,61237.83
46291,23207.73
46290,29847.23
46289,31360.14
46288,28244.27
46287,1720.52
46286,64114.32
46285,45151.21
46284,20232.64
46283,23950.41
46282,14661.37
46281,34163.31
46280,36304.12
46279,70331.33
46278,49051.92
46277,20976.64
46276,17775.73
46275,18942.9
46274,22420.63
46273,44059.71
46272,68739.97
46271,55621.68
46270,28228.48
46269,27617.51
46268,32215.32
46267,31363.5
46266,39121.26
46265,71519.69
46264,61340.98
46263,23711.08
46262,22803.67
46261,23059.72
46260,501.31
46259,42407.2
46258,66040.21
46257,53245.2
46256,73704.75
46255,22565.23
46254,18522.96
46253,28187.34
46252,32120.61
46251,50583.65
46250,53502.44
46249,19455.71
46248,34231.75
46247,33637.24
46246,31642.93
46245,43774.02
46244,77327.96
46243,65117.43
46242,26813.61
46241,34171.6
46240,28975.11
46239,34384.8
46238,50185.78
46237,70980.53
46236,63651.75
46235,21478.1
46234,23912.81
46233,28271.64
46232,25321.7
46231,43105.81
46230,48430.22
46229,56756.58
46228,19786.07
46227,18901.44
46226,22253.05
46225,29219.88
46224,28982.28
46223,43344.69
46222,38542.71
46221,35064.0
