105528,44587.57
105527,73278.71
105526,59965.72
105525,17170.73
105524,26716.52
105523,23037.44
105522,20712.86
105521,2557.81
105520,50724.94
105519,30409.49
105518,22748.01
105517,15680.54
105516,19194.41
105515,36628.46
105514,46034.59
105513,56949.26
105512,48899.95
105511,50451.84
105510,22227.9
105509,32360.92
105508,33469.66
105507,33757.12
105506,58452.98
105505,46324.2
105504,20480.44
105503,20807.97
105502,23399.69
105501,21418.61
105500,41361.08
105499,69525.85
105498,47000.13
105497,25056.84
105496,30286.73
105495,24249.63
105494,28772.24
105493,26324.28
105492,58491.72
105491,40047.77
105490,15327.51
105489,25442.5
105488,27923.47
105487,63491.19
105486,76935.23
105485,99671.93
105484,63417.66
105483,66903.39
105482,32028.52
105481,50495.93
105480,40860.04
105479,60088.63
105478,81662.85
105477,66687.27
105476,26986.5
105475,21952.41
105474,28313.57
105473,24782.55
105472,48844.55
105471,72776.26
105470,45786.21
105469,41311.14
105468,29669.44
105467,25164.04
105466,75429.87
105465,76781.33
105464,120884.61
105463,89602.99
105462,52383.02
105461,61024.41
105460,82866.74
105459,43484.4
105458,62894.34
105457,93783.79
105456,76663.87
105455,25542.83
105454,31667.98
105453,66048.89
105452,56427.28
105451,79599.29
105450,108115.75
105449,79356.07
105448,51526.49
105447,54424.72
105446,66290.78
105445,49289.21
105444,86150.33
105443,111944.17
105442,-13.6
105441,30235.9
105440,32257.15
105439,33725.66
105438,38479.62
105437,51687.73
105436,78920.99
105435,51995.71
105434,1641.57
105433,25316.26
105432,54815.85
105431,46295.35
105430,60664.63
105429,99596.39
105428,90802.2
105427,25522.78
105426,36540.75
105425,35193.47
105424,40279.95
105423,52993.55
105422,70019.15
105421,54940.73
105420,42677.27
105419,38032.12
105418,33155.17
105417,70131.21
105416,90930.14
105415,109915.68
105414,77186.96
105413,45374.23
105412,45925.4
105411,57673.95
105410,56380.24
105409,2305.16
105408,103712.4
105407,64476.17
105406,37006.35
105405,36608.0
105404,42286.56
105403,61565.85
105402,80792.59
105401,109080.51
105400,73866.79
105399,32343.22
105398,32591.36
105397,32820.56
105396,39986.51
105395,81087.94
105394,103538.96
105393,88147.99
105392,55896.65
105391,46235.52
105390,62177.2
105389,53388.33
105388,75903.02
105387,84374.36
105386,85683.19
105385,38851.85
105384,39046.54
105383,46692.75
105382,667.07
105381,80841.35
105380,89280.07
105379,73331.01
105378,92938.36
105377,43304.84
105376,41127.51
105375,50002.23
105374,57794.9
105373,69163.23
105372,70038.95
105371,36085.65
105370,52856.23
105369,59820.22
105368,63987.52
105367,71080.84
105366,100982.5
105365,79408.6
105364,56677.24
105363,48634.7
105362,52227.72
105361,61230.73
105360,81712.01
105359,91312.35
105358,75570.95
105357,36671.69
105356,37406.11
105355,42852.93
105354,45358.3
105353,62901.64
105352,61281.94
105351,66855.74
105350,40127.53
105349,24638.17
105348,42310.28
105347,50478.36
105346,50715.27
105345,56214.31
105344,42079.8
105343,29445.82
