60626,36460.96
60625,51968.73
60624,49852.45
60623,11660.63
60622,15222.85
60621,17948.56
60620,16018.02
60619,1623.74
60618,32096.83
60617,26700.14
60616,13458.77
60615,13870.43
60614,11666.74
60613,28901.3
60612,36145.01
60611,54206.08
60610,44433.33
60609,41918.58
60608,23962.96
60607,26263.49
60606,28861.98
60605,30316.52
60604,264.38
60603,14875.97
60602,14990.02
60601,14669.49
60600,14905.6
60599,12486.63
60598,26539.25
60597,54968.16
60596,41583.6
60595,17425.09
60594,20000.75
60593,17361.6
60592,20804.94
60591,24711.52
60590,52381.0
60589,37502.01
60588,14618.14
60587,17830.71
60586,21594.59
60585,57478.13
60584,61505.15
60583,90760.22
60582,58264.44
60581,41438.07
60580,26182.58
60579,39093.39
60578,28942.95
60577,44478.44
60576,87602.94
60575,64447.81
60574,18032.2
60573,15401.62
60572,17849.34
60571,19763.21
60570,33736.73
60569,62289.82
60568,43895.8
60567,28553.43
60566,20573.13
60565,19616.04
60564,50912.18
60563,50565.49
60562,102586.9
60561,85266.27
60560,46051.02
60559,57684.04
60558,72990.78
60557,38351.96
60556,47727.08
60555,75019.58
60554,65627.84
60553,16822.15
60552,22099.34
60551,49207.34
60550,48579.85
60549,62291.29
60548,101459.97
60547,74581.35
60546,35086.15
60545,47789.97
60544,62505.05
60543,40919.07
60542,73156.59
60541,104177.2
60540,-82.32
60539,23031.39
60538,26405.6
60537,28394.07
60536,26274.28
60535,35000.17
60534,54074.88
60533,40739.18
60532,14204.8
60531,19505.4
60530,38659.1
60529,36000.25
60528,44592.93
60527,76910.28
60526,69214.58
60525,1644.17
60524,18935.5
60523,25583.71
60522,27644.96
60521,35722.09
60520,54964.31
60519,50568.59
60518,21438.27
60517,23726.82
60516,27761.69
60515,58700.39
60514,66368.35
60513,111555.24
60512,87558.72
60511,42331.07
60510,45982.77
60509,48182.02
60508,42262.46
60507,1590.11
60506,98728.34
60505,52450.24
60504,26605.08
60503,26206.13
60502,32873.31
60501,52759.15
60500,60166.07
60499,111916.54
60498,60871.08
60497,19372.09
60496,23964.78
60495,31718.96
60494,31491.5
60493,62129.86
60492,96220.96
60491,75298.79
60490,41129.83
60489,44600.06
60488,47754.69
60487,42750.24
60486,56944.56
60485,95292.75
60484,86602.69
60483,26157.85
60482,28273.94
60481,36805.23
60480,995.17
60479,68428.29
60478,91911.45
60477,68520.93
60476,96179.12
60475,37221.41
60474,30927.94
60473,41559.16
60472,46710.29
60471,66101.63
60470,64982.31
60469,26597.31
60468,57320.02
60467,56535.46
60466,54381.66
60465,64429.39
60464,107868.8
60463,86187.9
60462,38575.81
60461,51056.28
60460,49439.56
60459,57583.39
60458,83277.2
60457,103367.77
60456,92187.96
60455,31004.03
60454,34673.48
60453,35393.49
60452,35555.01
60451,58493.05
60450,64640.13
60449,71741.85
60448,28751.68
60447,24646.03
60446,32024.31
60445,38998.37
60444,46033.83
60443,58192.57
60442,43635.29
60441,44355.96
