93869,33392.88
93868,50403.53
93867,38332.25
93866,21614.17
93865,19052.4
93864,17748.85
93863,20140.76
93862,1511.85
93861,38245.1
93860,33901.32
93859,19491.29
93858,17565.26
93857,18589.11
93856,25308.03
93855,28194.69
93854,42661.83
93853,25448.36
93852,30701.4
93851,20878.9
93850,23006.56
93849,23917.34
93848,22585.58
93847,45428.38
93846,26516.3
93845,21483.09
93844,19078.57
93843,18018.72
93842,22038.18
93841,31464.54
93840,48852.56
93839,31092.34
93838,14174.69
93837,13958.62
93836,22729.74
93835,21448.92
93834,31944.04
93833,53257.88
93832,22179.33
93831,18231.87
93830,26766.38
93829,25478.14
93828,46862.18
93827,53519.61
93826,85550.57
93825,51703.18
93824,39734.49
93823,29722.86
93822,31947.48
93821,20561.93
93820,37077.74
93819,55145.03
93818,43585.9
93817,18269.83
93816,16986.72
93815,22812.25
93814,20012.64
93813,31476.59
93812,51208.07
93811,34880.87
93810,29593.56
93809,24730.23
93808,24956.62
93807,37335.69
93806,44725.31
93805,72372.2
93804,53484.01
93803,33817.97
93802,38239.95
93801,58493.25
93800,30749.58
93799,39585.94
93798,61499.84
93797,50702.0
93796,20965.84
93795,20674.35
93794,43226.87
93793,29633.75
93792,35854.09
93791,83125.41
93790,59773.02
93789,41122.86
93788,39392.0
93787,3670.86
93786,43344.95
93785,52213.56
93784,83297.87
93783,-10.35
93782,24192.65
93781,20089.62
93780,19710.76
93779,24857.71
93778,32568.97
93777,48456.7
93776,37021.37
93775,597.92
93774,19409.07
93773,33362.84
93772,41795.33
93771,49503.35
93770,66817.57
93769,52717.09
93768,21798.18
93767,987.13
93766,492.28
93765,97.67
93764,31034.14
93763,36830.79
93762,32900.01
93761,841.73
93760,22336.92
93759,25971.48
93758,45413.88
93757,47812.54
93756,64915.67
93755,47958.23
93754,31105.09
93753,28601.05
93752,31107.61
93751,25382.47
93750,42815.35
93749,74058.99
93748,50123.67
93747,25134.83
93746,27719.51
93745,28397.92
93744,38835.48
93743,54104.2
93742,73928.2
93741,55711.46
93740,26312.45
93739,24564.23
93738,29341.24
93737,30705.68
93736,47627.71
93735,65550.15
93734,50752.79
93733,30919.9
93732,37480.49
93731,37756.74
93730,34526.76
93729,43243.35
93728,67276.71
93727,59905.42
93726,29351.52
93725,29876.73
93724,37447.62
93723,39326.84
93722,49295.91
93721,49884.0
93720,46558.26
93719,53948.07
93718,28083.66
93717,29007.32
93716,30828.55
93715,38352.59
93714,53917.55
93713,43352.11
93712,23832.73
93711,46595.94
93710,43873.58
93709,38896.69
93708,59800.16
93707,69103.46
93706,54278.79
93705,31888.72
93704,39471.99
93703,39017.19
93702,43461.83
93701,59107.92
93700,63307.89
93699,51428.52
93698,28779.47
93697,28965.59
93696,25921.31
93695,29600.4
93694,41852.78
93693,49302.28
93692,48385.66
93691,25372.52
93690,17876.33
93689,25938.61
93688,33593.31
93687,34008.9
93686,43730.04
93685,37247.75
93684,21121.57
