146928,22403.61
146927,31975.2
146926,32225.71
146925,13384.63
146924,14686.74
146923,17341.46
146922,18678.88
146921,945.14
146920,27810.93
146919,19886.2
146918,14595.83
146917,12049.48
146916,11905.49
146915,16319.37
146914,20214.56
146913,32594.35
146912,16117.7
146911,21223.09
146910,13278.02
146909,17508.84
146908,14701.99
146907,16936.16
146906,35082.2
146905,26186.26
146904,9992.07
146903,12831.72
146902,13544.62
146901,14903.3
146900,24345.21
146899,37110.7
146898,24211.67
146897,15149.99
146896,14963.81
146895,18073.11
146894,17499.11
146893,21304.01
146892,38848.8
146891,23076.71
146890,17342.8
146889,15514.41
146888,21351.12
146887,30726.49
146886,34871.31
146885,56690.16
146884,36237.47
146883,28108.76
146882,17299.24
146881,22123.66
146880,17652.98
146879,27203.3
146878,36768.94
146877,29632.84
146876,15482.64
146875,13762.8
146874,18735.09
146873,17088.41
146872,21884.97
146871,36987.01
146870,22768.09
146869,19227.2
146868,16498.25
146867,19427.42
146866,28624.62
146865,34547.95
146864,50701.26
146863,40020.44
146862,23115.65
146861,24067.76
146860,31793.83
146859,22824.76
146858,33269.59
146857,47222.42
146856,33996.05
146855,16919.08
146854,19777.08
146853,31962.58
146852,25082.47
146851,32754.15
146850,47584.77
146849,36505.13
146848,23780.78
146847,24053.39
146846,31539.16
146845,25442.28
146844,40659.29
146843,61212.53
146842,21182.2
146841,19378.51
146840,19091.27
146839,27416.52
146838,34772.06
146837,48954.13
146836,35230.55
146835,21613.07
146834,24116.7
146833,33761.16
146832,28960.8
146831,35754.64
146830,54592.55
146829,41164.63
146828,677.36
146827,18828.7
146826,18179.55
146825,23852.12
146824,30213.81
146823,42344.94
146822,33703.02
146821,23360.03
146820,28127.16
146819,22617.14
146818,32069.48
146817,37099.46
146816,52430.88
146815,39322.02
146814,22831.51
146813,22023.94
146812,22619.38
146811,23327.3
146810,427.01
146809,50787.0
146808,34505.26
146807,22160.24
146806,21168.75
146805,21509.56
146804,31044.92
146803,43733.81
146802,58073.42
146801,37665.1
146800,21217.14
146799,23495.52
146798,28789.82
146797,23868.41
146796,38224.26
146795,45093.52
146794,38461.18
146793,19666.31
146792,23685.38
146791,22001.6
146790,25657.56
146789,32742.5
146788,47230.71
146787,40953.08
146786,15343.22
146785,17433.47
146784,19357.56
146783,678.09
146782,30824.14
146781,37902.5
146780,33575.4
146779,38733.11
146778,18552.63
146777,21986.53
146776,24188.64
146775,31528.63
146774,41834.5
146773,38003.11
146772,26099.63
146771,36842.4
146770,30652.1
146769,32445.51
146768,39470.92
146767,44040.31
146766,35810.57
146765,25517.29
146764,27266.86
146763,24631.76
146762,31774.12
146761,37706.76
146760,48692.51
146759,36204.29
146758,18247.27
146757,24022.95
146756,24057.28
146755,24685.53
146754,33048.16
146753,33527.32
146752,34610.75
146751,19609.44
146750,14222.73
146749,21766.17
146748,23409.86
146747,30006.53
146746,34403.21
146745,31078.81
146744,17659.8
