32046,24183.27
32045,55122.96
32044,46834.86
32043,14608.2
32042,20125.73
32041,13068.49
32040,13461.47
32039,927.54
32038,40567.21
32037,25193.77
32036,18150.59
32035,15038.82
32034,16128.98
32033,28282.72
32032,31565.3
32031,50472.31
32030,30940.86
32029,32398.81
32028,17979.58
32027,23390.29
32026,20800.33
32025,25187.54
32024,53277.46
32023,43165.46
32022,15044.14
32021,14207.86
32020,12308.15
32019,14361.12
32018,30426.79
32017,50349.24
32016,39075.94
32015,16806.56
32014,17284.13
32013,18193.4
32012,20933.88
32011,30131.03
32010,40744.72
32009,29127.26
32008,15449.73
32007,16078.79
32006,14967.66
32005,38102.13
32004,49786.45
32003,75104.12
32002,57649.11
32001,44314.11
32000,20447.76
31999,31501.28
31998,18242.76
31997,37572.61
31996,62859.81
31995,48273.22
31994,17676.03
31993,15191.15
31992,21089.76
31991,18084.13
31990,33820.14
31989,59083.57
31988,36244.06
31987,29940.89
31986,14108.19
31985,18220.31
31984,41963.15
31983,50375.11
31982,87941.47
31981,79857.84
31980,44989.92
31979,51089.78
31978,71591.7
31977,28375.74
31976,38974.89
31975,64333.33
31974,52321.82
31973,19594.63
31972,22904.87
31971,37928.34
31970,35712.05
31969,47911.73
31968,85966.71
31967,60354.12
31966,36409.04
31965,48712.13
31964,57379.09
31963,39825.82
31962,59940.27
31961,81979.68
31960,-17.74
31959,16520.04
31958,20567.09
31957,21795.25
31956,27153.02
31955,29976.85
31954,47214.11
31953,40411.67
31952,968.81
31951,12515.82
31950,33692.92
31949,28371.69
31948,37994.15
31947,55737.17
31946,53816.86
31945,15042.74
31944,918.65
31943,490.63
31942,342.01
31941,30162.27
31940,46144.09
31939,42183.34
31938,785.27
31937,21029.97
31936,23126.89
31935,55208.16
31934,52698.31
31933,84923.84
31932,58810.67
31931,35651.06
31930,36760.44
31929,42347.78
31928,36802.56
31927,56861.85
31926,89144.58
31925,44123.61
31924,22540.25
31923,26945.11
31922,30334.86
31921,44285.67
31920,49896.57
31919,85933.41
31918,50012.92
31917,19566.84
31916,19305.13
31915,22414.05
31914,25800.16
31913,50905.3
31912,73001.5
31911,59399.15
31910,33441.84
31909,35476.09
31908,40568.25
31907,40849.21
31906,49079.14
31905,67843.99
31904,64585.98
31903,21570.74
31902,28007.19
31901,31019.69
31900,47021.91
31899,56853.21
31898,68562.37
31897,59873.99
31896,59184.63
31895,25737.47
31894,31250.96
31893,41782.08
31892,43973.77
31891,53126.92
31890,50919.75
31889,18341.85
31888,44896.94
31887,47154.19
31886,44649.03
31885,50041.71
31884,67389.73
31883,57363.28
31882,32136.05
31881,37528.78
31880,38599.88
31879,44476.85
31878,56310.71
31877,77838.39
31876,51372.81
31875,34207.07
31874,52044.41
31873,25686.17
31872,28376.12
31871,48886.89
31870,49636.92
31869,54645.33
31868,24866.89
31867,19992.69
31866,28748.86
31865,32534.09
31864,40821.0
31863,45742.15
31862,29414.06
31861,29444.41
