112820,32830.77
112819,66399.61
112818,63042.89
112817,24482.4
112816,22611.73
112815,19276.51
112814,22408.06
112813,1915.59
112812,48971.82
112811,36443.72
112810,17133.5
112809,16592.99
112808,15199.86
112807,30192.1
112806,40564.35
112805,64628.65
112804,45424.49
112803,47436.76
112802,28507.22
112801,31281.83
112800,38599.42
112799,31999.3
112798,436.26
112797,12274.26
112796,19496.99
112795,17175.9
112794,17612.52
112793,18912.86
112792,30955.91
112791,66355.45
112790,36194.57
112789,16118.26
112788,19046.81
112787,17004.46
112786,24871.81
112785,29498.62
112784,49897.07
112783,33592.75
112782,18935.86
112781,13221.37
112780,19555.15
112779,49307.28
112778,63308.2
112777,93704.24
112776,56733.22
112775,29903.06
112774,26754.27
112773,35278.88
112772,29769.54
112771,44097.91
112770,74508.75
112769,55847.52
112768,19300.73
112767,21242.24
112766,18504.94
112765,18434.89
112764,30866.66
112763,66077.2
112762,37197.85
112761,32130.07
112760,18887.16
112759,24253.56
112758,52073.73
112757,49759.72
112756,107293.34
112755,75009.81
112754,45457.15
112753,48992.55
112752,66723.27
112751,34584.77
112750,46587.76
112749,79347.52
112748,62051.36
112747,16744.71
112746,17648.61
112745,52140.31
112744,38457.69
112743,55176.85
112742,91734.91
112741,61271.91
112740,38348.04
112739,43787.93
112738,54712.88
112737,41519.59
112736,74751.57
112735,96535.55
112734,32220.6
112733,20161.98
112732,24439.98
112731,22854.59
112730,29317.24
112729,56518.95
112728,46944.36
112727,16942.88
112726,18893.75
112725,33809.38
112724,33673.89
112723,42702.38
112722,60639.92
112721,60806.6
112720,1360.77
112719,21604.48
112718,20986.76
112717,22420.42
112716,34075.49
112715,52845.14
112714,40226.17
112713,25757.41
112712,23935.03
112711,23587.87
112710,57346.13
112709,63319.72
112708,93398.51
112707,64627.9
112706,36772.12
112705,43834.77
112704,42201.81
112703,41238.83
112702,893.67
112701,86824.54
112700,53102.07
112699,25417.23
112698,26602.9
112697,30805.79
112696,45539.57
112695,56327.35
112694,94533.43
112693,55961.39
112692,21827.68
112691,23504.45
112690,23421.31
112689,21885.5
112688,61216.95
112687,73332.39
112686,65050.73
112685,36462.27
112684,40674.15
112683,48468.32
112682,35767.77
112681,51950.87
112680,79528.45
112679,75563.45
112678,33265.37
112677,29799.57
112676,29580.54
112675,759.38
112674,58408.72
112673,77751.83
112672,69444.6
112671,84233.66
112670,30580.34
112669,27296.08
112668,39898.37
112667,53207.92
112666,57862.99
112665,69731.96
112664,29864.38
112663,57229.64
112662,53540.09
112661,53608.75
112660,62048.75
112659,78545.7
112658,69049.86
112657,35086.37
112656,46305.37
112655,43997.19
112654,55588.68
112653,65196.1
112652,74682.26
112651,59110.84
112650,27782.8
112649,33126.61
112648,34529.97
112647,36036.42
112646,47139.98
112645,49016.6
112644,60766.05
112643,30083.24
112642,19978.23
112641,26551.83
112640,35042.97
112639,40300.59
112638,49871.64
112637,37854.29
112636,34266.27
