159392,16499.76
159391,31734.88
159390,25202.72
159389,9894.45
159388,9290.62
159387,11557.31
159386,9996.67
159385,871.45
159384,22631.94
159383,11943.61
159382,6640.4
159381,5013.7
159380,6661.15
159379,16094.13
159378,17236.84
159377,27669.67
159376,14911.59
159375,19315.85
159374,11351.22
159373,9886.46
159372,13263.55
159371,14446.54
159370,28425.83
159369,21316.94
159368,6569.02
159367,6425.13
159366,12508.13
159365,7875.37
159364,20129.68
159363,26500.05
159362,18386.85
159361,11242.02
159360,10067.98
159359,13068.04
159358,12642.49
159357,20682.0
159356,31197.26
159355,17234.48
159354,8455.03
159353,9298.97
159352,12038.83
159351,30701.52
159350,38424.12
159349,48246.34
159348,30457.7
159347,27970.67
159346,14106.28
159345,20001.0
159344,16951.74
159343,26259.67
159342,41130.89
159341,25151.39
159340,12691.9
159339,10693.77
159338,6178.89
159337,8253.96
159336,20348.13
159335,37082.72
159334,23461.77
159333,22091.66
159332,11430.88
159331,12523.22
159330,20558.21
159329,39265.81
159328,55536.36
159327,43119.69
159326,24788.58
159325,28320.13
159324,38689.38
159323,18597.14
159322,26039.96
159321,44067.77
159320,27889.31
159319,12167.62
159318,13890.29
159317,22880.88
159316,24696.71
159315,34227.85
159314,51724.63
159313,38360.93
159312,21733.12
159311,25234.65
159310,30099.33
159309,24442.53
159308,50444.84
159307,52205.49
159306,16114.55
159305,12010.04
159304,13247.98
159303,16716.73
159302,24641.36
159301,30677.99
159300,21523.07
159299,10834.44
159298,11480.46
159297,20753.58
159296,21386.51
159295,27665.3
159294,48409.3
159293,28418.94
159292,1900.74
159291,9403.52
159290,12636.6
159289,14775.04
159288,22145.1
159287,28567.16
159286,22590.11
159285,13459.6
159284,9801.96
159283,13836.39
159282,29361.17
159281,34445.21
159280,51120.67
159279,28259.23
159278,21666.55
159277,24572.68
159276,24845.37
159275,25366.46
159274,767.49
159273,50885.85
159272,29394.4
159271,16201.2
159270,17733.23
159269,17891.98
159268,25108.56
159267,29546.19
159266,48180.81
159265,29301.26
159264,13834.6
159263,15001.81
159262,11738.92
159261,12396.66
159260,34666.52
159259,45471.75
159258,34334.21
159257,19194.35
159256,20533.7
159255,21676.09
159254,22410.34
159253,31314.45
159252,39722.84
159251,31193.55
159250,12246.12
159249,15392.07
159248,20305.67
159247,188.03
159246,41509.68
159245,43998.56
159244,32893.59
159243,34355.8
159242,15196.53
159241,16282.11
159240,22581.8
159239,27797.64
159238,28507.04
159237,27239.21
159236,11944.6
159235,31275.54
159234,26215.55
159233,25513.87
159232,36918.05
159231,41705.26
159230,27918.23
159229,20855.6
159228,18284.33
159227,23238.68
159226,22020.85
159225,38849.34
159224,37916.35
159223,23034.58
159222,12365.11
159221,15668.95
159220,14581.89
159219,16432.77
159218,28147.65
159217,22233.19
159216,28370.86
159215,14426.01
159214,9095.86
159213,14080.14
159212,16997.99
159211,23869.69
159210,22702.15
159209,14956.31
159208,14265.12
