960,42611.44
959,82791.0
958,66824.44
957,18861.28
956,21636.25
955,21971.64
954,26384.76
953,2019.72
952,48890.49
951,28242.51
950,17637.68
949,18617.04
948,17642.77
947,39077.31
946,41660.85
945,67352.76
944,42550.24
943,46198.63
942,30443.53
941,27512.3
940,30064.61
939,32596.42
938,65442.42
937,50578.06
936,20548.71
935,17454.96
934,21561.61
933,21111.68
932,43852.7
931,60750.37
930,47230.19
929,30742.49
928,25541.59
927,32342.67
926,31085.93
925,48458.93
924,77603.18
923,48487.77
922,23583.9
921,25080.96
920,36237.29
919,63620.87
918,74173.12
917,114613.99
916,73965.58
915,50270.55
914,42275.19
913,50962.94
912,38022.93
911,62051.9
910,89981.1
909,66758.24
908,26509.25
907,25780.79
906,18260.05
905,27051.85
904,44740.36
903,86933.36
902,54154.98
901,48942.19
900,21958.4
899,25764.67
898,56380.88
897,67567.81
896,111154.34
895,90740.39
894,56118.93
893,63630.09
892,89424.88
891,45945.84
890,59869.13
889,93540.09
888,71292.74
887,29743.53
886,30580.77
885,63569.35
884,51085.52
883,59234.3
882,108749.14
881,81973.13
880,53477.28
879,53225.66
878,65536.1
877,42716.82
876,90753.25
875,115092.62
874,34154.0
873,29726.51
872,34959.38
871,32949.4
870,47939.11
869,74473.12
868,52326.22
867,2231.4
866,22777.1
865,52559.07
864,55108.98
863,61004.14
862,96933.58
861,73181.98
860,25264.58
859,24650.36
858,31130.27
857,38992.89
856,44550.39
855,67898.36
854,64281.36
853,37259.4
852,31695.81
851,31138.36
850,67023.51
849,80014.51
848,102995.37
847,75656.48
846,48483.63
845,47730.37
844,58583.67
843,55682.92
842,2522.46
841,111684.85
840,64798.74
839,38994.26
838,39255.4
837,47216.89
836,58983.28
835,72020.57
834,117776.7
833,68727.1
832,27835.17
831,31414.94
830,33648.35
829,34614.06
828,74437.74
827,96213.55
826,71951.8
825,46106.91
824,46871.86
823,49976.03
822,48369.14
821,74340.17
820,97369.46
819,90367.81
818,38775.93
817,34950.38
816,45707.21
815,968.33
814,78232.26
813,100786.83
812,72421.72
811,80787.47
810,35919.5
809,42513.78
808,53163.7
807,63037.63
806,76712.71
805,68349.51
804,34250.11
803,66925.81
802,63670.94
801,62348.3
800,70647.67
799,108363.32
798,77599.97
797,51299.01
796,54091.11
795,57564.89
794,63950.36
793,82805.73
792,99149.69
791,82919.95
790,28564.86
789,37798.21
788,42573.38
787,46377.75
786,63966.94
785,66585.84
784,73386.0
783,33335.08
782,22143.14
781,41080.66
780,50065.14
779,52440.71
778,62666.71
777,52518.46
776,45059.48
