85617,45752.95
85616,65606.51
85615,50556.82
85614,20112.57
85613,18571.63
85612,18250.01
85611,19775.09
85610,757.47
85609,45285.04
85608,27421.53
85607,15062.88
85606,10730.17
85605,18389.04
85604,27670.99
85603,28059.72
85602,58044.54
85601,39366.56
85600,33901.07
85599,19277.89
85598,7877.07
85597,21947.79
85596,1419.19
85595,6792.12
85594,21059.99
85593,18055.71
85592,22096.14
85591,15469.43
85590,20618.89
85589,31422.08
85588,58293.71
85587,33334.79
85586,16801.91
85585,15407.45
85584,20597.52
85583,25236.37
85582,32632.72
85581,56198.86
85580,30256.99
85579,12177.33
85578,16718.88
85577,23722.22
85576,51343.04
85575,56471.94
85574,99145.09
85573,41213.06
85572,27988.58
85571,21741.19
85570,28929.09
85569,24482.4
85568,42407.92
85567,71142.48
85566,43442.83
85565,16127.49
85564,19646.59
85563,16920.23
85562,20738.06
85561,34606.53
85560,61008.01
85559,35006.74
85558,25754.99
85557,20035.51
85556,21763.37
85555,37731.74
85554,56400.23
85553,93199.07
85552,67714.06
85551,34471.54
85550,42572.0
85549,56512.73
85548,31231.32
85547,44096.61
85546,88860.11
85545,59981.55
85544,23709.75
85543,22551.94
85542,44772.36
85541,44008.9
85540,51128.65
85539,91639.97
85538,53187.17
85537,38888.77
85536,42250.74
85535,50737.12
85534,50331.02
85533,86908.68
85532,100334.03
85531,23607.18
85530,21548.81
85529,22841.86
85528,23671.15
85527,35335.04
85526,58618.81
85525,40810.07
85524,805.7
85523,17846.84
85522,29954.73
85521,30965.6
85520,44859.74
85519,74285.68
85518,52899.75
85517,18184.62
85516,565.92
85515,369.87
85514,283.86
85513,33462.57
85512,54085.67
85511,43899.51
85510,1012.35
85509,23294.28
85508,23450.17
85507,43481.97
85506,55152.76
85505,77407.21
85504,54531.73
85503,32629.21
85502,34350.97
85501,35980.97
85500,38894.14
85499,47571.3
85498,89332.3
85497,53555.62
85496,25061.62
85495,29196.33
85494,27984.19
85493,45557.29
85492,53479.02
85491,81506.91
85490,52174.57
85489,21966.11
85488,23789.79
85487,25316.98
85486,28818.76
85485,61477.47
85484,79255.63
85483,49209.52
85482,31192.9
85481,35660.28
85480,35142.15
85479,37786.77
85478,49284.12
85477,75821.86
85476,59662.11
85475,25677.78
85474,26143.35
85473,26329.23
85472,37084.65
85471,54058.57
85470,68224.55
85469,53702.32
85468,56222.3
85467,28460.63
85466,27853.73
85465,32470.79
85464,43306.03
85463,64891.43
85462,48099.78
85461,21688.36
85460,42261.87
85459,43270.88
85458,41066.8
85457,53594.6
85456,75335.16
85455,49931.32
85454,33576.69
85453,37459.79
85452,35175.64
85451,41321.52
85450,53295.19
85449,81041.07
85448,49275.57
85447,22695.46
85446,26533.48
85445,26473.33
85444,30103.97
85443,49399.24
85442,53015.19
85441,49077.56
85440,16962.21
85439,20027.31
85438,25406.01
85437,28647.13
85436,35000.21
85435,45946.96
85434,31591.37
85433,28995.33
