113396,23957.29
113395,40011.99
113394,36736.47
113393,14853.43
113392,12029.45
113391,13432.41
113390,15110.83
113389,966.84
113388,27578.12
113387,23244.85
113386,10950.39
113385,12262.92
113384,11573.37
113383,19774.5
113382,20272.27
113381,30185.41
113380,23204.44
113379,26155.35
113378,13948.14
113377,14044.79
113376,15790.05
113375,19208.64
113374,30792.11
113373,25515.93
113372,9883.84
113371,9964.84
113370,11391.78
113369,11896.92
113368,21069.07
113367,36073.25
113366,25287.72
113365,14622.36
113364,15285.24
113363,14777.05
113362,19883.86
113361,21538.97
113360,32386.37
113359,18867.1
113358,12914.37
113357,15681.15
113356,21545.03
113355,36984.05
113354,37200.26
113353,62348.3
113352,38741.93
113351,31547.39
113350,22981.6
113349,27433.18
113348,21036.86
113347,30445.71
113346,45923.68
113345,38144.47
113344,17082.52
113343,16754.26
113342,21873.59
113341,21637.35
113340,26859.58
113339,38988.42
113338,23354.59
113337,28461.2
113336,18162.02
113335,16992.7
113334,24697.34
113333,34312.13
113332,50320.54
113331,52476.01
113330,29045.34
113329,32973.45
113328,43936.03
113327,26461.0
113326,30421.63
113325,44734.01
113324,39606.74
113323,18858.23
113322,16997.72
113321,36161.87
113320,28885.03
113319,38913.46
113318,50244.3
113317,38526.26
113316,28087.38
113315,30936.73
113314,36651.24
113313,30387.73
113312,45137.34
113311,58396.45
113310,19414.11
113309,16801.62
113308,18317.96
113307,20948.53
113306,29563.25
113305,35261.82
113304,35185.21
113303,546.04
113302,16142.24
113301,31524.85
113300,28069.66
113299,36616.15
113298,55090.83
113297,49121.49
113296,16010.59
113295,18591.29
113294,18425.84
113293,22853.57
113292,25062.04
113291,37937.16
113290,30826.58
113289,15354.93
113288,15631.41
113287,16901.04
113286,30675.58
113285,38341.46
113284,51815.55
113283,35637.17
113282,21995.76
113281,25366.74
113280,24289.59
113279,27856.29
113278,970.71
113277,56504.12
113276,39737.44
113275,22599.74
113274,21664.71
113273,24720.24
113272,33663.78
113271,43471.94
113270,66171.39
113269,39721.34
113268,15726.94
113267,18839.12
113266,18931.05
113265,21607.01
113264,44738.16
113263,53743.52
113262,45388.43
113261,27394.85
113260,30775.87
113259,29204.78
113258,28456.78
113257,35707.17
113256,49530.06
113255,48024.6
113254,19454.48
113253,18548.07
113252,21261.8
113251,166.5
113250,32459.95
113249,38315.17
113248,34791.32
113247,36769.61
113246,12857.45
113245,14031.91
113244,22818.9
113243,27713.16
113242,37732.68
113241,31898.47
113240,18947.71
113239,28281.03
113238,29537.95
113237,26698.28
113236,33496.57
113235,48361.12
113234,47012.46
113233,23616.67
113232,26089.01
113231,23101.17
113230,29211.21
113229,33950.57
113228,54633.62
113227,36125.8
113226,16577.74
113225,12246.73
113224,18043.83
113223,20656.14
113222,32654.82
113221,36782.43
113220,34961.08
113219,15275.97
113218,13746.44
113217,18244.02
113216,19439.77
113215,24486.89
113214,31282.83
113213,24589.15
113212,20897.14
