166495,17120.9
166494,26071.13
166493,9818.44
166492,6137.54
166491,12088.36
166490,14191.95
166489,13414.61
166488,516.39
166487,20500.46
166486,15016.99
166485,11493.91
166484,9334.06
166483,7604.54
166482,17024.84
166481,17751.54
166480,25309.02
166479,18514.35
166478,17673.23
166477,13135.11
166476,15038.59
166475,12172.89
166474,15041.23
166473,23421.46
166472,21677.9
166471,8706.4
166470,11082.64
166469,9058.8
166468,10699.19
166467,15313.29
166466,28520.12
166465,17608.6
166464,12863.96
166463,12299.61
166462,13248.21
166461,15896.08
166460,17927.94
166459,25570.17
166458,18142.41
166457,12647.65
166456,9588.29
166455,17426.6
166454,26527.35
166453,32498.44
166452,44596.23
166451,29825.38
166450,24656.47
166449,16413.32
166448,20507.63
166447,13920.56
166446,23222.82
166445,28647.04
166444,24168.87
166443,12492.76
166442,13044.18
166441,9727.66
166440,14021.59
166439,16597.64
166438,27338.3
166437,14956.63
166436,17800.3
166435,10910.64
166434,13806.64
166433,27276.02
166432,28361.69
166431,39317.61
166430,31494.46
166429,24766.62
166428,21899.03
166427,29127.01
166426,19713.4
166425,21747.79
166424,32534.19
166423,22540.56
166422,11985.49
166421,14102.72
166420,27321.44
166419,19926.43
166418,26504.73
166417,33937.07
166416,29903.58
166415,21140.17
166414,22761.94
166413,24219.94
166412,17392.73
166411,25560.29
166410,39237.05
166409,-83.98
166408,15689.25
166407,12910.64
166406,14132.61
166405,19330.72
166404,20708.8
166403,34345.78
166402,27045.6
166401,402.34
166400,15511.23
166399,20760.75
166398,26355.19
166397,33035.18
166396,49346.23
166395,31982.98
166394,15448.66
166393,15542.24
166392,13243.45
166391,15474.51
166390,18845.35
166389,30833.97
166388,29187.99
166387,15080.92
166386,17963.86
166385,18662.65
166384,30088.8
166383,29772.2
166382,47230.36
166381,32593.25
166380,19795.57
166379,18484.45
166378,18741.66
166377,21806.34
166376,427.97
166375,41636.0
166374,23883.87
166373,16867.39
166372,18554.96
166371,20920.17
166370,30314.96
166369,29711.98
166368,46079.45
166367,34732.21
166366,14104.31
166365,16994.07
166364,16978.91
166363,22436.51
166362,31005.43
166361,37309.23
166360,28485.31
166359,17526.08
166358,21798.44
166357,21089.77
166356,20006.12
166355,24421.07
166354,33240.55
166353,32471.43
166352,14440.41
166351,12874.29
166350,12549.17
166349,299.44
166348,22693.02
166347,28967.71
166346,23284.67
166345,32257.19
166344,16380.51
166343,14431.2
166342,20241.36
166341,29306.83
166340,33856.81
166339,27788.92
166338,20989.03
166337,25397.14
166336,20996.55
166335,23102.53
166334,28599.77
166333,38317.29
166332,27967.05
166331,23010.69
166330,21845.61
166329,19573.9
166328,20833.58
166327,30077.4
166326,36985.3
166325,31798.78
166324,14212.69
166323,13386.61
166322,17502.51
166321,13088.95
166320,20997.83
166319,21286.92
166318,24190.27
166317,16737.35
166316,12037.86
166315,20764.89
166314,19904.25
166313,23017.28
166312,28492.83
166311,25113.64
166310,14997.02
