191939,17577.16
191938,27591.25
191937,15540.6
191936,9193.59
191935,10060.47
191934,6626.92
191933,8141.06
191932,359.75
191931,16440.87
191930,8963.94
191929,6191.7
191928,6802.71
191927,7105.31
191926,13061.67
191925,14549.09
191924,23909.87
191923,13131.42
191922,13383.25
191921,7665.23
191920,7627.7
191919,8791.6
191918,5877.35
191917,16289.26
191916,12406.08
191915,6255.76
191914,6934.65
191913,7071.82
191912,6319.93
191911,16709.74
191910,23161.25
191909,11474.99
191908,7682.38
191907,7485.17
191906,8343.06
191905,11269.57
191904,17178.51
191903,21859.36
191902,12569.57
191901,7172.51
191900,6800.47
191899,11466.57
191898,19167.97
191897,29301.03
191896,43259.27
191895,18822.67
191894,13887.91
191893,11527.82
191892,9786.24
191891,8776.03
191890,18909.51
191889,26948.75
191888,13603.82
191887,6978.66
191886,7369.79
191885,7826.25
191884,9452.81
191883,16138.13
191882,26472.24
191881,11819.73
191880,12161.34
191879,8519.52
191878,9456.2
191877,10159.5
191876,27965.71
191875,37841.64
191874,20343.73
191873,18127.49
191872,17688.11
191871,23085.88
191870,13161.79
191869,24873.34
191868,36756.09
191867,17981.3
191866,10394.9
191865,11767.72
191864,23593.66
191863,19283.46
191862,26202.1
191861,41754.9
191860,21264.89
191859,17586.45
191858,17624.22
191857,22757.78
191856,18459.41
191855,39893.62
191854,48461.73
191853,10121.31
191852,11233.24
191851,11132.52
191850,10331.64
191849,20784.98
191848,24092.66
191847,13483.49
191846,386.12
191845,11499.48
191844,22833.27
191843,19191.22
191842,25734.47
191841,34358.63
191840,21050.52
191839,7893.17
191838,8479.46
191837,6686.82
191836,9834.85
191835,14529.64
191834,21556.68
191833,14674.64
191832,6281.65
191831,9808.69
191830,8596.3
191829,15699.2
191828,26072.0
191827,31700.02
191826,18725.31
191825,13415.73
191824,13327.26
191823,16243.26
191822,17489.39
191821,479.4
191820,34808.1
191819,20977.12
191818,15936.47
191817,14987.5
191816,17044.61
191815,23231.39
191814,26132.46
191813,40171.43
191812,19178.94
191811,10031.4
191810,11507.13
191809,12534.27
191808,12801.12
191807,28934.39
191806,33302.45
191805,21506.6
191804,15581.68
191803,16563.71
191802,17544.47
191801,16317.02
191800,25881.02
191799,30316.29
191798,20549.02
191797,12197.43
191796,10940.93
191795,12705.35
191794,214.7
191793,20308.37
191792,24429.5
191791,16357.4
191790,20350.39
191789,10356.79
191788,11754.12
191787,12843.07
191786,17171.56
191785,23289.84
191784,16457.88
191783,12048.8
191782,22148.45
191781,15837.57
191780,17725.05
191779,28757.34
191778,27842.88
191777,16326.41
191776,14990.83
191775,16060.03
191774,14234.66
191773,19391.93
191772,26123.02
191771,37178.43
191770,16628.08
191769,9064.64
191768,10177.61
191767,11374.51
191766,10183.68
191765,20618.52
191764,21825.31
191763,16174.02
191762,9317.47
191761,8348.0
191760,8528.48
191759,13169.82
191758,18841.46
191757,20989.44
191756,11758.92
191755,11297.13
