107062,34854.54
107061,68624.64
107060,60635.47
107059,11287.27
107058,20866.95
107057,22683.74
107056,20447.5
107055,2570.2
107054,40044.4
107053,20411.36
107052,13100.57
107051,13782.97
107050,13526.21
107049,31799.44
107048,34740.09
107047,57231.65
107046,44627.57
107045,42262.7
107044,25475.62
107043,23044.05
107042,22246.91
107041,33413.55
107040,57010.91
107039,46324.39
107038,16708.71
107037,12969.49
107036,17115.8
107035,19037.95
107034,38793.2
107033,60534.76
107032,38842.84
107031,20293.67
107030,21546.88
107029,30032.48
107028,27208.72
107027,35530.44
107026,63901.01
107025,35090.33
107024,21279.73
107023,17373.81
107022,25714.47
107021,61298.82
107020,73301.83
107019,100941.85
107018,73116.22
107017,45150.83
107016,42146.23
107015,46899.16
107014,34355.08
107013,51002.61
107012,102303.11
107011,72526.0
107010,23224.11
107009,29097.0
107008,11764.85
107007,17966.89
107006,40941.49
107005,67105.06
107004,45892.4
107003,34691.33
107002,16844.24
107001,21790.46
107000,47118.4
106999,53467.4
106998,85128.33
106997,76065.95
106996,49584.22
106995,62115.17
106994,80179.2
106993,37729.28
106992,56853.97
106991,81833.03
106990,65806.07
106989,24766.5
106988,20878.99
106987,49253.68
106986,42251.65
106985,56171.37
106984,103170.43
106983,82126.42
106982,44573.56
106981,50560.56
106980,64076.6
106979,45284.8
106978,87942.24
106977,118357.18
106976,36970.82
106975,35611.25
106974,33043.07
106973,39745.01
106972,46643.25
106971,59447.29
106970,50656.0
106969,1129.34
106968,25409.85
106967,41403.08
106966,43242.56
106965,53569.37
106964,75194.68
106963,48996.25
106962,20122.46
106961,19912.28
106960,26298.5
106959,32262.28
106958,39224.06
106957,54010.49
106956,59660.78
106955,29725.57
106954,27808.74
106953,29782.31
106952,68828.57
106951,73264.57
106950,97366.58
106949,77527.24
106948,45123.85
106947,43869.12
106946,53569.92
106945,46680.08
106944,1619.31
106943,99381.97
106942,59177.67
106941,32383.59
106940,32163.3
106939,36414.94
106938,60953.02
106937,72932.28
106936,99055.99
106935,63341.26
106934,23012.53
106933,26149.91
106932,30023.65
106931,25718.5
106930,72472.16
106929,91828.2
106928,71664.79
106927,46216.67
106926,45035.07
106925,53387.95
106924,43930.87
106923,63001.83
106922,83250.33
106921,76974.54
106920,28406.94
106919,36287.23
106918,41388.0
106917,618.94
106916,73375.57
106915,81466.21
106914,65608.68
106913,62421.51
106912,35748.57
106911,38347.3
106910,50725.36
106909,56250.9
106908,67172.85
106907,66918.65
106906,28123.5
106905,63759.98
106904,58188.74
106903,57777.47
106902,66610.15
106901,87283.98
106900,68514.65
106899,49076.89
106898,52540.11
106897,52325.26
106896,64022.68
106895,77090.47
106894,86189.12
106893,57740.1
106892,29812.17
106891,29764.66
106890,34144.12
106889,43787.96
106888,61170.4
106887,58852.54
106886,63076.47
106885,31899.64
106884,26422.59
106883,32614.08
106882,40614.97
106881,47748.1
106880,43776.31
106879,33722.01
106878,31518.9
