7479,40056.76
7478,63471.76
7477,59022.71
7476,18215.17
7475,19077.44
7474,20606.29
7473,23784.27
7472,2525.89
7471,44765.01
7470,43279.85
7469,16430.83
7468,15750.6
7467,20159.25
7466,32984.13
7465,34818.77
7464,69471.01
7463,41917.1
7462,37680.99
7461,26029.1
7460,25357.14
7459,27693.65
7458,31010.93
7457,63074.04
7456,56541.79
7455,17557.77
7454,19684.21
7453,22176.51
7452,19781.15
7451,37690.39
7450,51858.76
7449,45565.8
7448,23032.22
7447,19963.22
7446,25927.59
7445,27904.44
7444,36733.73
7443,63273.63
7442,41073.16
7441,23566.19
7440,21291.82
7439,23118.28
7438,59375.7
7437,82343.38
7436,101882.09
7435,56502.3
7434,55111.85
7433,38857.3
7432,48598.81
7431,33137.4
7430,49783.7
7429,86783.06
7428,67311.03
7427,22734.5
7426,28411.48
7425,18215.48
7424,23717.52
7423,39867.17
7422,68399.18
7421,45001.44
7420,36966.39
7419,16592.97
7418,25586.39
7417,51732.87
7416,66646.46
7415,106691.61
7414,92653.78
7413,57652.16
7412,61688.38
7411,80780.36
7410,38289.98
7409,47873.86
7408,83537.4
7407,66063.57
7406,23787.92
7405,26133.22
7404,59511.94
7403,53331.07
7402,61958.36
7401,101203.81
7400,89179.32
7399,46525.93
7398,49060.21
7397,64134.98
7396,36161.82
7395,80744.45
7394,101774.33
7393,-73.82
7392,23869.95
7391,28872.02
7390,26201.53
7389,31711.79
7388,38520.34
7387,56197.85
7386,58848.59
7385,22459.37
7384,24349.44
7383,38533.84
7382,36581.03
7381,50025.44
7380,87951.61
7379,67367.93
7378,1985.75
7377,29155.69
7376,30786.71
7375,32190.88
7374,39242.53
7373,66824.14
7372,65176.24
7371,32723.85
7370,28903.33
7369,32537.38
7368,68402.21
7367,68842.68
7366,97336.98
7365,71988.14
7364,45875.19
7363,40566.63
7362,44883.53
7361,47358.91
7360,1345.09
7359,94909.77
7358,64799.28
7357,31112.5
7356,34803.24
7355,41330.43
7354,58043.9
7353,70509.14
7352,107514.63
7351,61970.61
7350,22393.9
7349,26189.78
7348,35990.68
7347,35424.0
7346,59801.0
7345,98942.58
7344,80243.32
7343,47676.11
7342,41794.89
7341,53822.36
7340,45154.57
7339,59809.55
7338,88239.12
7337,87318.16
7336,35839.13
7335,36611.25
7334,41170.17
7333,843.73
7332,66945.97
7331,104264.93
7330,81805.68
7329,81990.54
7328,32549.42
7327,42045.35
7326,46828.71
7325,56030.55
7324,78366.67
7323,72467.34
7322,37603.54
7321,57158.09
7320,58791.69
7319,64939.74
7318,66273.79
7317,96401.0
7316,80930.07
7315,51258.5
7314,45854.43
7313,55307.1
7312,61769.64
7311,78587.95
7310,105008.84
7309,77716.7
7308,36739.17
7307,33758.0
7306,33094.17
7305,37395.28
7304,56196.4
7303,67886.14
7302,76320.59
7301,29829.3
7300,25244.09
7299,30587.35
7298,37237.02
7297,47967.7
7296,54976.89
7295,43300.62
7294,32966.33
