172799,24690.89
172798,40383.99
172797,19978.55
172796,9250.83
172795,11839.1
172794,12494.26
172793,15357.53
172792,1039.73
172791,29526.27
172790,20112.26
172789,7898.8
172788,9333.3
172787,10728.06
172786,15277.25
172785,20643.33
172784,31852.07
172783,20200.87
172782,26022.48
172781,11413.56
172780,14786.76
172779,14570.86
172778,15956.95
172777,38032.6
172776,28041.68
172775,9159.07
172774,10109.15
172773,12112.96
172772,10620.63
172771,23132.07
172770,39519.56
172769,27175.7
172768,15691.07
172767,13395.79
172766,15008.84
172765,17588.37
172764,25284.61
172763,39222.32
172762,21450.24
172761,14899.49
172760,13320.28
172759,18709.97
172758,31009.14
172757,36228.71
172756,64047.47
172755,41689.65
172754,38325.94
172753,20486.55
172752,20699.62
172751,16010.44
172750,24880.89
172749,45056.36
172748,29602.58
172747,12004.58
172746,12751.66
172745,13264.81
172744,16182.61
172743,23627.23
172742,40103.62
172741,26315.71
172740,23731.16
172739,14878.77
172738,15383.05
172737,29550.12
172736,35128.64
172735,61394.15
172734,51451.16
172733,28783.96
172732,26916.55
172731,39353.4
172730,18482.51
172729,31319.5
172728,48843.27
172727,38885.15
172726,14301.0
172725,16824.55
172724,24771.48
172723,24243.73
172722,33754.17
172721,54274.3
172720,42341.51
172719,21479.74
172718,22288.12
172717,30043.27
172716,28922.55
172715,42196.75
172714,62427.24
172713,15402.66
172712,20584.21
172711,17887.9
172710,26104.37
172709,33616.49
172708,50559.31
172707,36409.68
172706,578.01
172705,22023.68
172704,37331.4
172703,36530.52
172702,49927.88
172701,61611.66
172700,47386.41
172699,15866.43
172698,15560.37
172697,19498.29
172696,21416.66
172695,23014.16
172694,38921.45
172693,37685.4
172692,16827.15
172691,17509.16
172690,23465.11
172689,34477.04
172688,41099.78
172687,55374.05
172686,45092.32
172685,21910.97
172684,18428.54
172683,26323.14
172682,23139.49
172681,265.29
172680,55331.14
172679,35032.18
172678,22584.47
172677,23640.79
172676,20971.36
172675,30292.07
172674,39154.54
172673,58583.67
172672,40947.4
172671,19922.61
172670,21131.2
172669,19651.0
172668,23988.34
172667,44632.91
172666,49269.85
172665,39714.82
172664,21222.41
172663,22327.93
172662,24662.35
172661,23111.16
172660,32550.49
172659,51659.07
172658,42323.42
172657,16257.89
172656,15473.12
172655,17486.65
172654,616.46
172653,29875.85
172652,42954.76
172651,38429.71
172650,41636.78
172649,17304.9
172648,21396.92
172647,21233.37
172646,36479.31
172645,41250.98
172644,36381.8
172643,18658.33
172642,32278.03
172641,25909.32
172640,28534.58
172639,41070.23
172638,52910.36
172637,41269.99
172636,23834.44
172635,27323.45
172634,24520.97
172633,28215.06
172632,35340.69
172631,46893.05
172630,38390.2
172629,19060.26
172628,20943.4
172627,21690.31
172626,22247.92
172625,31662.87
172624,36281.98
172623,30465.01
172622,17501.68
172621,15795.81
172620,18888.04
172619,25184.6
172618,25876.79
172617,36532.78
172616,29024.72
172615,21053.87
