36441,32206.81
36440,46941.23
36439,37937.0
36438,20378.29
36437,14222.42
36436,14675.71
36435,15604.11
36434,1160.94
36433,30105.83
36432,28535.2
36431,11329.84
36430,14479.18
36429,16473.48
36428,20815.93
36427,23935.14
36426,46014.55
36425,27805.0
36424,33964.3
36423,17112.96
36422,21489.13
36421,17650.15
36420,19933.29
36419,42741.66
36418,37522.93
36417,6972.27
36416,13646.51
36415,14912.59
36414,15916.59
36413,30937.38
36412,41772.0
36411,34959.01
36410,17697.16
36409,1207.3
36408,16739.74
36407,16464.11
36406,21461.05
36405,42964.67
36404,25897.86
36403,15625.12
36402,21377.32
36401,22787.64
36400,33621.64
36399,49732.28
36398,82284.82
36397,46446.53
36396,40165.31
36395,24296.85
36394,24333.58
36393,17841.73
36392,37012.72
36391,61349.42
36390,45505.87
36389,17981.17
36388,19754.02
36387,22134.01
36386,18302.81
36385,29593.11
36384,44925.95
36383,37101.7
36382,26852.58
36381,16332.17
36380,18906.36
36379,41546.63
36378,47665.19
36377,67930.12
36376,57183.35
36375,36570.87
36374,36758.89
36373,49295.99
36372,36977.31
36371,46356.7
36370,59427.52
36369,46167.38
36368,18427.12
36367,21469.6
36366,37275.21
36365,32570.06
36364,43054.9
36363,67504.06
36362,49688.92
36361,33489.97
36360,31251.28
36359,34476.03
36358,30801.92
36357,53433.07
36356,71330.31
36355,21279.47
36354,16961.22
36353,18467.98
36352,24249.15
36351,29807.75
36350,55502.34
36349,32603.23
36348,545.55
36347,16273.1
36346,31534.09
36345,29178.69
36344,40087.97
36343,59290.03
36342,45300.3
36341,16966.08
36340,22019.87
36339,17766.0
36338,22286.02
36337,31591.38
36336,51049.89
36335,40042.31
36334,17438.81
36333,19042.31
36332,18247.06
36331,41471.32
36330,43232.49
36329,63792.97
36328,46603.0
36327,31785.68
36326,27375.83
36325,28107.57
36324,31167.88
36323,509.17
36322,73323.64
36321,42695.67
36320,22880.16
36319,23471.55
36318,26344.67
36317,38811.83
36316,44519.53
36315,62226.19
36314,48917.63
36313,13826.3
36312,23381.58
36311,22423.17
36310,23567.36
36309,48766.53
36308,59838.45
36307,51264.59
36306,27282.69
36305,27781.94
36304,29845.95
36303,32348.42
36302,41014.95
36301,52099.06
36300,50306.09
36299,22576.02
36298,26395.31
36297,24254.72
36296,396.88
36295,38125.85
36294,42866.78
36293,39111.12
36292,49105.28
36291,22671.34
36290,24392.29
36289,30066.18
36288,34419.84
36287,46723.33
36286,42827.68
36285,24996.75
36284,40653.34
36283,37650.37
36282,42560.82
36281,48852.46
36280,68227.85
36279,54210.83
36278,34933.62
36277,33256.84
36276,36321.81
36275,40956.8
36274,50208.02
36273,60318.25
36272,58470.61
36271,22365.07
36270,23895.91
36269,26263.17
36268,25979.99
36267,38843.35
36266,37716.92
36265,42996.42
36264,25230.21
36263,13239.68
36262,23684.24
36261,29693.01
36260,26974.69
36259,38937.59
36258,28149.07
36257,17997.82
