46598,23676.96
46597,43649.25
46596,39907.38
46595,20313.48
46594,16866.32
46593,17139.88
46592,15578.75
46591,571.27
46590,33206.32
46589,25836.53
46588,14664.5
46587,16511.59
46586,14084.17
46585,23134.02
46584,26691.29
46583,44074.16
46582,28444.02
46581,36554.24
46580,22616.51
46579,28181.38
46578,29558.22
46577,11990.4
46576,115.26
46575,1882.4
46574,2742.42
46573,10898.27
46572,11705.14
46571,13750.56
46570,20764.75
46569,40690.68
46568,25006.23
46567,15103.71
46566,15275.62
46565,13357.0
46564,20284.44
46563,25336.17
46562,42147.57
46561,26025.65
46560,16709.25
46559,13405.86
46558,16813.11
46557,30870.83
46556,39086.69
46555,63988.67
46554,43849.55
46553,13410.79
46552,18683.85
46551,20574.38
46550,19767.42
46549,32769.3
46548,46211.82
46547,37708.34
46546,13773.16
46545,13958.64
46544,15493.77
46543,14675.44
46542,24649.65
46541,50564.72
46540,30932.75
46539,21989.42
46538,26674.76
46537,16831.97
46536,33604.11
46535,35233.17
46534,74023.37
46533,62171.54
46532,33676.39
46531,43644.79
46530,59644.09
46529,34595.45
46528,38211.63
46527,71247.84
46526,55548.88
46525,22275.89
46524,25600.89
46523,46539.66
46522,36816.59
46521,38862.31
46520,62736.56
46519,48058.71
46518,36348.14
46517,34285.53
46516,40603.11
46515,34325.91
46514,44669.39
46513,68934.27
46512,-42.18
46511,16654.68
46510,17455.06
46509,22851.93
46508,20322.64
46507,25789.71
46506,41441.16
46505,36699.8
46504,13084.74
46503,14708.05
46502,17927.83
46501,21282.3
46500,29551.31
46499,54009.43
46498,41508.32
46497,53.76
46496,17970.18
46495,18411.99
46494,20271.72
46493,25070.81
46492,40584.53
46491,35503.24
46490,24141.02
46489,25648.33
46488,31628.86
46487,36187.72
46486,41021.8
46485,68102.76
46484,47369.84
46483,28480.33
46482,30097.18
46481,32883.77
46480,26743.59
46479,64470.52
46478,40875.22
46477,20618.77
46476,24229.06
46475,29041.36
46474,34559.42
46473,45023.24
46472,68687.14
46471,43891.49
46470,18161.79
46469,18725.05
46468,22938.71
46467,19093.95
46466,37273.49
46465,55126.39
46464,48238.35
46463,26983.29
46462,24618.94
46461,26858.82
46460,25683.4
46459,37385.85
46458,63528.19
46457,54152.09
46456,18822.81
46455,25317.04
46454,22379.97
46453,34.98
46452,47113.84
46451,63859.24
46450,50174.43
46449,60010.54
46448,23820.04
46447,31374.12
46446,29077.46
46445,34920.06
46444,52130.9
46443,54075.21
46442,22106.84
46441,42636.94
46440,39469.16
46439,36305.45
46438,38645.95
46437,68824.62
46436,61133.75
46435,38612.49
46434,40374.78
46433,34060.42
46432,36765.16
46431,50173.58
46430,65658.4
46429,45513.41
46428,22205.64
46427,20918.46
46426,24775.06
46425,25339.3
46424,35686.73
46423,40788.41
46422,42581.97
46421,22894.41
46420,19539.68
46419,25912.53
46418,22857.59
46417,31733.46
46416,38390.39
46415,31035.69
46414,26102.51
