182178,30502.05
182177,53433.47
182176,49604.98
182175,13002.14
182174,17909.61
182173,17767.53
182172,21815.6
182171,1069.32
182170,36917.8
182169,23916.23
182168,9995.92
182167,11205.59
182166,11989.1
182165,38148.28
182164,38193.25
182163,54386.52
182162,34490.81
182161,25797.36
182160,23628.13
182159,26260.8
182158,26599.83
182157,25842.18
182156,50885.61
182155,45391.86
182154,11072.36
182153,14368.32
182152,15867.56
182151,11681.16
182150,32703.38
182149,56052.97
182148,33382.97
182147,17854.3
182146,13657.6
182145,12838.94
182144,22154.36
182143,26464.71
182142,49464.27
182141,35426.31
182140,15169.02
182139,13098.71
182138,15538.03
182137,44301.37
182136,55693.79
182135,83759.25
182134,49647.78
182133,34152.88
182132,25387.48
182131,34941.35
182130,26422.96
182129,42094.22
182128,71382.84
182127,53879.47
182126,17786.47
182125,20682.4
182124,18756.28
182123,18971.69
182122,28922.68
182121,47568.95
182120,34217.37
182119,27803.65
182118,9306.17
182117,15967.43
182116,48149.59
182115,59164.1
182114,95317.65
182113,78345.14
182112,39971.46
182111,46231.78
182110,67000.54
182109,26381.38
182108,41579.94
182107,59647.05
182106,54184.23
182105,18031.37
182104,15941.98
182103,35723.8
182102,40095.95
182101,45729.65
182100,76481.29
182099,71967.25
182098,41673.53
182097,42526.47
182096,36141.69
182095,24755.83
182094,64524.58
182093,85647.93
182092,-19.19
182091,24072.35
182090,19892.18
182089,19317.44
182088,22889.55
182087,29741.36
182086,45282.7
182085,42147.54
182084,573.29
182083,15724.33
182082,29373.97
182081,33858.57
182080,40555.38
182079,73030.66
182078,54662.58
182077,17739.46
182076,19289.74
182075,17738.3
182074,19867.4
182073,29078.69
182072,44065.81
182071,40638.36
182070,21150.49
182069,21397.44
182068,17956.2
182067,51326.01
182066,52814.08
182065,76350.29
182064,64755.73
182063,39741.3
182062,33193.36
182061,39390.46
182060,36617.5
182059,996.38
182058,76766.64
182057,45017.94
182056,22724.13
182055,27114.63
182054,32117.85
182053,44153.29
182052,45253.97
182051,80281.07
182050,52366.18
182049,21612.76
182048,20902.32
182047,22897.14
182046,23893.95
182045,54839.23
182044,68600.17
182043,60696.35
182042,34857.45
182041,32489.67
182040,42486.3
182039,35895.69
182038,51029.5
182037,63993.41
182036,73253.87
182035,27896.87
182034,29978.38
182033,32803.91
182032,177.08
182031,50617.52
182030,65372.42
182029,54583.27
182028,53884.47
182027,27137.46
182026,28858.59
182025,32896.4
182024,41847.5
182023,62465.66
182022,48033.94
182021,21330.84
182020,55059.15
182019,43084.95
182018,48566.12
182017,58825.11
182016,75247.28
182015,61674.19
182014,40344.45
182013,37606.97
182012,39352.98
182011,47318.31
182010,56116.1
182009,62107.74
182008,55587.51
182007,24925.71
182006,22655.85
182005,28680.88
182004,32558.56
182003,47649.6
182002,44109.52
182001,58155.19
182000,24195.91
181999,19702.61
181998,26868.52
181997,33116.81
181996,36822.8
181995,45354.89
181994,36296.41
181993,17862.17
