24162,27785.43
24161,35073.25
24160,24222.97
24159,12215.16
24158,10675.63
24157,12205.7
24156,10846.5
24155,558.24
24154,20826.96
24153,16489.97
24152,10403.14
24151,8880.29
24150,9756.9
24149,16541.12
24148,21168.86
24147,30913.03
24146,19428.1
24145,21240.06
24144,11233.69
24143,3204.26
24142,10833.64
24141,6113.28
24140,48.2
24139,17226.31
24138,11618.94
24137,12725.6
24136,12069.46
24135,11012.84
24134,20233.14
24133,36113.5
24132,16269.72
24131,16310.81
24130,13673.69
24129,12354.61
24128,17490.57
24127,21869.22
24126,38974.94
24125,16546.73
24124,10079.93
24123,5922.03
24122,15199.35
24121,34363.48
24120,23347.48
24119,57650.61
24118,22802.32
24117,13132.66
24116,22702.81
24115,19643.35
24114,16094.93
24113,28534.08
24112,46636.77
24111,23212.69
24110,14047.13
24109,13864.15
24108,10853.0
24107,10617.22
24106,22213.62
24105,40961.66
24104,22793.01
24103,19034.79
24102,14264.0
24101,12385.41
24100,31786.43
24099,40886.21
24098,63797.27
24097,37184.31
24096,26846.4
24095,30212.41
24094,37215.74
24093,25995.87
24092,32663.56
24091,42010.72
24090,36090.96
24089,17106.55
24088,19019.03
24087,31513.47
24086,26357.32
24085,30056.5
24084,60347.33
24083,30464.15
24082,21361.8
24081,27563.03
24080,30611.93
24079,30407.58
24078,57350.7
24077,55199.53
24076,12723.26
24075,12681.73
24074,15178.58
24073,18527.52
24072,22215.3
24071,32310.42
24070,23142.36
24069,11113.51
24068,14583.71
24067,28175.64
24066,20097.16
24065,30835.07
24064,47889.64
24063,27346.55
24062,103.82
24061,11511.64
24060,12747.56
24059,17614.9
24058,21438.91
24057,24787.22
24056,19339.05
24055,14008.55
24054,12566.06
24053,16355.05
24052,27106.39
24051,27715.64
24050,51537.28
24049,27908.1
24048,16569.66
24047,20452.53
24046,22640.78
24045,25920.42
24044,48184.23
24043,27967.54
24042,16049.08
24041,19890.21
24040,21653.02
24039,29270.98
24038,36888.4
24037,52834.6
24036,28579.81
24035,14159.98
24034,11600.87
24033,16117.61
24032,19204.45
24031,37830.78
24030,49679.78
24029,33075.86
24028,19932.96
24027,22018.26
24026,21216.49
24025,22846.56
24024,26472.23
24023,45594.66
24022,33740.85
24021,16777.19
24020,19148.58
24019,17441.86
24018,30591.39
24017,31632.95
24016,26968.92
24015,30424.33
24014,19012.98
24013,18072.66
24012,18631.38
24011,27273.26
24010,24861.73
24009,28651.16
24008,13074.74
24007,29289.93
24006,35650.19
24005,26821.2
24004,29339.87
24003,43765.91
24002,27550.34
24001,22367.29
24000,21869.33
23999,20472.53
23998,28902.26
23997,36426.06
23996,38248.36
23995,26682.75
23994,13502.22
23993,12804.14
23992,18046.21
23991,18180.98
23990,25657.35
23989,24105.24
23988,25045.56
23987,15823.44
23986,13140.72
23985,14944.14
23984,19386.34
23983,23915.78
23982,27971.58
23981,18542.77
23980,20129.75
