99407,28209.86
99406,41767.79
99405,45623.38
99404,15896.21
99403,14373.77
99402,16169.1
99401,21197.0
99400,394.32
99399,29654.1
99398,24122.84
99397,11001.91
99396,11649.81
99395,16447.06
99394,20018.97
99393,22991.23
99392,32881.03
99391,22141.27
99390,25878.01
99389,15998.44
99388,20102.24
99387,20633.23
99386,19704.29
99385,31170.81
99384,28187.15
99383,10650.03
99382,12534.13
99381,16052.49
99380,16024.22
99379,26053.41
99378,35539.72
99377,25660.35
99376,17424.85
99375,20318.04
99374,20163.5
99373,23427.88
99372,30814.32
99371,32891.32
99370,24222.54
99369,18206.54
99368,19215.65
99367,24137.16
99366,38645.04
99365,41795.92
99364,59999.85
99363,37973.05
99362,29290.11
99361,20056.06
99360,24602.12
99359,18445.72
99358,36858.48
99357,43063.79
99356,38701.3
99355,16540.79
99354,16459.53
99353,17073.63
99352,17939.37
99351,26972.47
99350,38698.09
99349,28522.9
99348,26418.26
99347,19171.69
99346,20491.6
99345,36266.04
99344,43857.15
99343,48917.76
99342,44393.96
99341,25654.64
99340,36859.31
99339,44392.59
99338,23598.91
99337,28561.03
99336,40442.8
99335,41772.01
99334,21079.85
99333,18173.74
99332,35684.69
99331,35718.43
99330,36732.1
99329,46428.74
99328,40264.43
99327,26653.78
99326,31405.9
99325,39007.83
99324,33229.02
99323,49305.27
99322,65025.0
99321,16757.35
99320,15402.57
99319,24567.04
99318,27474.94
99317,33128.93
99316,36945.78
99315,29216.77
99314,9.33
99313,20120.92
99312,32786.71
99311,29363.56
99310,38223.34
99309,45439.76
99308,40063.99
99307,16344.4
99306,30991.43
99305,33670.8
99304,31913.62
99303,28.03
99302,21608.0
99301,20395.05
99300,35629.41
99299,39921.43
99298,50461.03
99297,39420.36
99296,24933.13
99295,26087.45
99294,27709.46
99293,25525.7
99292,38815.47
99291,55220.48
99290,34655.42
99289,20769.45
99288,22854.49
99287,32361.12
99286,40804.37
99285,47144.49
99284,83519.07
99283,53232.73
99282,20274.04
99281,22546.6
99280,22114.79
99279,22834.47
99278,50916.53
99277,51695.77
99276,37679.24
99275,23986.4
99274,25190.81
99273,30228.44
99272,28685.56
99271,39591.97
99270,50974.79
99269,54015.68
99268,20833.97
99267,18467.46
99266,26808.09
99265,33366.15
99264,48385.46
99263,48597.47
99262,39909.54
99261,47200.23
99260,19426.3
99259,24210.57
99258,28736.69
99257,38031.52
99256,48291.29
99255,43360.23
99254,28680.4
99253,46740.35
99252,42009.31
99251,29533.53
99250,38555.49
99249,57978.4
99248,43325.15
99247,29390.13
99246,26324.47
99245,27983.98
99244,37738.22
99243,49151.42
99242,63931.11
99241,46677.93
99240,19738.19
99239,21671.4
99238,18423.6
99237,27870.2
99236,41012.52
99235,40206.55
99234,45002.94
99233,17089.83
99232,14183.47
99231,20787.24
99230,27118.72
99229,31478.08
99228,39711.62
99227,30296.97
99226,27140.53
