122044,32182.66
122043,56957.18
122042,38460.78
122041,13005.61
122040,14953.63
122039,16783.91
122038,16408.64
122037,780.67
122036,37429.68
122035,11490.72
122034,7231.06
122033,3827.0
122032,7125.73
122031,19716.74
122030,31470.18
122029,40686.9
122028,18636.56
122027,15999.19
122026,15881.38
122025,10147.03
122024,19268.89
122023,22365.21
122022,45308.55
122021,26083.4
122020,11719.28
122019,11356.07
122018,13275.57
122017,13816.16
122016,29478.75
122015,44863.09
122014,24511.91
122013,20149.91
122012,13894.58
122011,18073.2
122010,17051.56
122009,25171.71
122008,44810.09
122007,26581.07
122006,15898.17
122005,15564.31
122004,15973.14
122003,33410.36
122002,45214.01
122001,58487.97
122000,48253.28
121999,33107.55
121998,25613.51
121997,29041.06
121996,23246.1
121995,36788.28
121994,71389.26
121993,39120.94
121992,14905.82
121991,17952.86
121990,14928.69
121989,15856.53
121988,30039.04
121987,53402.61
121986,29389.14
121985,22016.06
121984,7173.75
121983,17975.12
121982,41026.54
121981,49521.22
121980,70196.92
121979,53264.04
121978,35183.68
121977,34739.6
121976,53436.45
121975,28586.36
121974,35419.59
121973,57322.96
121972,40265.85
121971,13588.83
121970,17749.83
121969,29849.98
121968,34673.14
121967,42693.97
121966,79981.53
121965,46436.3
121964,30322.39
121963,27683.51
121962,33821.76
121961,23204.36
121960,60042.64
121959,80446.86
121958,-104.99
121957,20819.09
121956,26447.64
121955,23209.66
121954,23876.42
121953,37187.54
121952,38248.8
121951,25937.32
121950,13540.38
121949,18792.67
121948,27363.51
121947,26413.56
121946,41444.41
121945,60749.3
121944,32302.23
121943,884.18
121942,18613.85
121941,18921.2
121940,21869.18
121939,27153.03
121938,43576.02
121937,32947.65
121936,21617.76
121935,19439.37
121934,19632.01
121933,37844.21
121932,54755.02
121931,71157.01
121930,51362.23
121929,28281.42
121928,28598.54
121927,33244.44
121926,28877.3
121925,557.79
121924,66551.7
121923,31416.84
121922,19290.12
121921,24893.2
121920,23925.69
121919,34558.0
121918,42818.95
121917,64899.9
121916,34971.93
121915,16259.79
121914,14105.66
121913,19836.37
121912,21831.73
121911,41555.69
121910,68050.57
121909,48643.69
121908,27763.86
121907,29031.01
121906,35258.77
121905,32864.09
121904,40148.39
121903,52376.9
121902,43671.24
121901,19566.99
121900,19982.89
121899,27314.24
121898,145.81
121897,50476.0
121896,57674.09
121895,42126.39
121894,36550.04
121893,26158.8
121892,24522.1
121891,32511.63
121890,39316.66
121889,45709.48
121888,41424.7
121887,22677.05
121886,39373.69
121885,44279.01
121884,38184.67
121883,50147.56
121882,57361.34
121881,41607.22
121880,32750.06
121879,34974.35
121878,34835.29
121877,37767.41
121876,54211.87
121875,51746.75
121874,33417.72
121873,22370.61
121872,25968.49
121871,26610.86
121870,28558.04
121869,43006.52
121868,36350.11
121867,37106.05
121866,20265.27
121865,16183.17
121864,24708.86
121863,23765.84
121862,33651.14
121861,29721.3
121860,22120.43
121859,20709.68
