203452,15582.42
203451,22468.77
203450,27991.84
203449,12729.21
203448,13367.13
203447,11098.18
203446,10317.64
203445,590.03
203444,19747.52
203443,16206.25
203442,8686.26
203441,10820.27
203440,11338.56
203439,14896.02
203438,16757.2
203437,23375.07
203436,18831.55
203435,19740.43
203434,9442.63
203433,14794.01
203432,13806.56
203431,12806.38
203430,29913.92
203429,16054.81
203428,12731.67
203427,9728.38
203426,11304.68
203425,10609.95
203424,17855.29
203423,24061.71
203422,15588.04
203421,9232.65
203420,12754.84
203419,18805.04
203418,15499.4
203417,19937.5
203416,23313.11
203415,16265.09
203414,14352.12
203413,14872.06
203412,15890.13
203411,22099.86
203410,32502.32
203409,44259.0
203408,28435.13
203407,24480.86
203406,17461.99
203405,17969.16
203404,13473.17
203403,22031.59
203402,28720.27
203401,21480.8
203400,14355.53
203399,13449.92
203398,14512.77
203397,14672.94
203396,21334.01
203395,29160.96
203394,18000.39
203393,18922.68
203392,16664.81
203391,14018.8
203390,25264.44
203389,26385.03
203388,33023.85
203387,31891.52
203386,19118.79
203385,22353.55
203384,35802.17
203383,17958.03
203382,22914.73
203381,29496.38
203380,24036.02
203379,15454.63
203378,16153.92
203377,24318.98
203376,22350.15
203375,28452.2
203374,33408.28
203373,25079.48
203372,16300.28
203371,21138.94
203370,28808.52
203369,25782.42
203368,33929.38
203367,50139.24
203366,12974.37
203365,13739.69
203364,16090.65
203363,17388.15
203362,25647.67
203361,29838.03
203360,27817.92
203359,16149.88
203358,28867.69
203357,25289.76
203356,29797.48
203355,36670.57
203354,37755.76
203353,12132.73
203352,3.99
203351,20561.23
203350,26482.14
203349,24067.09
203348,36.97
203347,16129.01
203346,18061.52
203345,24201.31
203344,30884.53
203343,34573.02
203342,27930.19
203341,15559.7
203340,17834.28
203339,20609.91
203338,21562.86
203337,28114.57
203336,41615.32
203335,23355.17
203334,14905.28
203333,20220.27
203332,22207.72
203331,28610.96
203330,39797.6
203329,58773.26
203328,34881.28
203327,12703.3
203326,18544.74
203325,18879.28
203324,20695.75
203323,36524.75
203322,31076.43
203321,31005.78
203320,19116.73
203319,24344.66
203318,21810.46
203317,22522.57
203316,27614.42
203315,32628.21
203314,32043.68
203313,16218.86
203312,16581.04
203311,20250.73
203310,25922.66
203309,28775.79
203308,31618.14
203307,26805.56
203306,36103.93
203305,22051.04
203304,26590.68
203303,29979.08
203302,27074.54
203301,29261.11
203300,28835.05
203299,16098.61
203298,21186.63
203297,22247.24
203296,22332.39
203295,30440.03
203294,35603.8
203293,31556.15
203292,18610.82
203291,21462.46
203290,19267.12
203289,27172.13
203288,34661.68
203287,41165.74
203286,31870.76
203285,14922.15
203284,15394.4
203283,14762.6
203282,20034.61
203281,26891.53
203280,22031.77
203279,26271.56
203278,13617.17
203277,13163.36
203276,15712.48
203275,19061.8
203274,25793.68
203273,28918.01
203272,24227.59
203271,15816.98
