120889,26773.51
120888,49244.61
120887,45661.59
120886,24291.34
120885,19390.67
120884,16365.52
120883,17921.19
120882,1033.77
120881,31176.22
120880,29651.96
120879,13693.58
120878,13858.83
120877,19479.69
120876,23122.54
120875,27572.66
120874,37283.81
120873,31404.87
120872,36387.58
120871,18169.99
120870,21284.89
120869,20921.92
120868,22259.94
120867,39733.62
120866,33881.05
120865,15405.35
120864,15937.58
120863,16362.91
120862,16903.58
120861,29664.67
120860,43187.17
120859,25573.57
120858,21241.03
120857,21211.17
120856,28091.97
120855,28393.76
120854,32519.45
120853,40939.12
120852,29076.32
120851,30547.39
120850,24195.83
120849,30023.27
120848,45400.04
120847,56283.24
120846,80166.82
120845,52247.39
120844,52819.16
120843,33312.9
120842,30614.47
120841,25582.72
120840,41846.97
120839,54836.94
120838,47847.93
120837,27198.63
120836,22853.27
120835,24991.21
120834,25813.72
120833,37210.47
120832,52017.11
120831,42826.03
120830,28912.79
120829,29521.29
120828,25729.3
120827,54011.79
120826,51283.22
120825,76813.32
120824,69082.86
120823,37484.83
120822,41260.33
120821,52010.95
120820,36327.72
120819,37603.67
120818,58705.78
120817,49700.98
120816,19710.17
120815,28243.79
120814,41000.44
120813,35709.43
120812,50659.23
120811,66400.42
120810,56635.82
120809,45028.99
120808,44146.88
120807,53831.63
120806,51194.29
120805,63502.91
120804,74259.55
120803,30198.29
120802,17844.25
120801,23058.76
120800,35227.82
120799,37210.63
120798,48666.42
120797,49863.05
120796,1232.02
120795,28460.78
120794,44292.89
120793,39736.29
120792,53430.05
120791,71135.48
120790,67016.53
120789,23927.09
120788,23823.8
120787,24712.49
120786,28843.65
120785,35013.66
120784,47796.36
120783,44019.73
120782,24483.76
120781,21537.83
120780,25127.42
120779,46539.62
120778,50332.73
120777,63191.47
120776,51716.4
120775,35929.33
120774,35035.99
120773,31793.81
120772,34488.24
120771,1678.0
120770,71519.8
120769,45190.99
120768,29785.36
120767,43725.9
120766,34050.53
120765,44061.08
120764,62299.6
120763,85207.85
120762,52307.81
120761,24850.66
120760,29228.83
120759,29690.17
120758,30642.09
120757,56923.62
120756,67877.15
120755,62325.43
120754,32332.08
120753,39633.73
120752,43960.89
120751,41271.91
120750,49471.82
120749,60973.76
120748,58497.71
120747,28679.18
120746,28127.49
120745,26040.81
120744,742.41
120743,43358.99
120742,59823.48
120741,50467.94
120740,61285.61
120739,30547.13
120738,31671.76
120737,34598.08
120736,42087.83
120735,51033.32
120734,58889.83
120733,28585.76
120732,54002.44
120731,48976.91
120730,40718.51
120729,48253.98
120728,59725.71
120727,62029.58
120726,39748.92
120725,41620.7
120724,41142.68
120723,47332.9
120722,55263.13
120721,63294.25
120720,50134.77
120719,28302.78
120718,28261.69
120717,27789.04
120716,32970.52
120715,47416.08
120714,38667.5
120713,48688.69
120712,21921.34
120711,21184.73
120710,23691.39
120709,34268.48
120708,38139.48
120707,45929.01
120706,37423.75
120705,26907.28
