204768,20564.99
204767,32717.62
204766,30279.94
204765,11413.19
204764,14950.78
204763,9923.48
204762,17478.68
204761,905.44
204760,26134.73
204759,22049.63
204758,10229.99
204757,13665.8
204756,10415.5
204755,15646.86
204754,20948.0
204753,28392.14
204752,21241.93
204751,26906.94
204750,11310.37
204749,16807.53
204748,15662.14
204747,14550.6
204746,31430.32
204745,21479.13
204744,11624.4
204743,11250.58
204742,12190.47
204741,12330.72
204740,24613.47
204739,33420.31
204738,24786.84
204737,15533.32
204736,13720.28
204735,17798.37
204734,18984.88
204733,25114.53
204732,34212.75
204731,20659.3
204730,16879.09
204729,15494.07
204728,22762.12
204727,28484.26
204726,37752.08
204725,50779.73
204724,36371.56
204723,38844.54
204722,19929.85
204721,17799.37
204720,15328.21
204719,23873.13
204718,36352.31
204717,32936.61
204716,18524.2
204715,18278.71
204714,17887.07
204713,18623.68
204712,21567.16
204711,37534.96
204710,26017.84
204709,23580.53
204708,18305.82
204707,19136.4
204706,35634.91
204705,25828.21
204704,44790.9
204703,43708.59
204702,24646.09
204701,27770.87
204700,36282.07
204699,20680.66
204698,25522.3
204697,42507.59
204696,30345.94
204695,16973.77
204694,18099.14
204693,25060.04
204692,27091.21
204691,31709.54
204690,50953.91
204689,36258.16
204688,23838.09
204687,28982.59
204686,31933.37
204685,30525.61
204684,37625.91
204683,53429.82
204682,17148.54
204681,19364.61
204680,16228.51
204679,25681.97
204678,29114.44
204677,34710.2
204676,31037.75
204675,519.78
204674,19610.54
204673,31399.97
204672,26338.95
204671,38538.26
204670,49185.19
204669,48453.15
204668,14987.76
204667,17205.36
204666,19595.94
204665,23334.82
204664,27441.61
204663,40525.63
204662,31083.35
204661,14617.71
204660,19990.49
204659,21724.2
204658,32536.25
204657,30319.25
204656,50877.79
204655,36251.28
204654,23409.71
204653,21284.57
204652,22300.98
204651,23632.24
204650,828.51
204649,47769.97
204648,35152.87
204647,20201.35
204646,25336.2
204645,25666.02
204644,32876.28
204643,39569.86
204642,66628.96
204641,37236.53
204640,17433.14
204639,20965.1
204638,20854.16
204637,20542.57
204636,41120.82
204635,50632.96
204634,38764.6
204633,22415.48
204632,23715.91
204631,27820.92
204630,28237.57
204629,30384.33
204628,44521.88
204627,39328.37
204626,15448.07
204625,16330.09
204624,21383.05
204623,240.84
204622,32905.24
204621,46260.78
204620,32398.38
204619,42571.0
204618,20034.41
204617,22373.0
204616,27896.31
204615,33409.0
204614,43149.7
204613,34703.95
204612,22395.52
204611,30059.98
204610,27678.34
204609,26160.17
204608,33550.57
204607,46519.07
204606,39037.01
204605,25098.02
204604,27048.5
204603,23483.95
204602,30569.63
204601,37101.1
204600,46430.41
204599,31756.55
204598,19083.79
204597,19747.28
204596,26788.67
204595,21980.54
204594,30985.65
204593,36259.68
204592,32622.7
204591,16650.14
204590,17089.42
204589,19405.5
204588,20950.66
204587,30331.24
204586,40133.08
204585,30447.35
204584,19625.11
