21091,35765.94
21090,55878.42
21089,45498.25
21088,10915.69
21087,12825.34
21086,15795.73
21085,15384.51
21084,898.63
21083,35441.0
21082,25907.92
21081,10413.82
21080,14352.19
21079,12538.98
21078,25834.86
21077,29116.13
21076,49813.49
21075,30080.54
21074,26429.55
21073,18877.53
21072,20072.67
21071,20419.51
21070,24176.81
21069,55237.69
21068,39054.14
21067,14614.12
21066,11569.92
21065,15806.91
21064,14232.33
21063,35031.43
21062,52980.78
21061,32114.35
21060,16376.39
21059,13285.65
21058,16646.67
21057,24623.24
21056,26417.38
21055,46481.84
21054,32068.0
21053,17827.34
21052,12293.86
21051,21882.53
21050,47350.33
21049,59607.34
21048,93371.22
21047,42978.77
21046,34850.48
21045,26628.51
21044,34340.35
21043,23195.67
21042,46251.13
21041,66181.91
21040,58126.54
21039,21440.22
21038,19160.13
21037,20448.26
21036,17719.85
21035,33890.78
21034,49334.78
21033,34419.1
21032,29475.7
21031,14987.22
21030,17308.32
21029,44675.23
21028,56833.7
21027,94410.5
21026,78985.62
21025,39658.08
21024,42514.12
21023,64358.4
21022,30796.03
21021,37735.56
21020,64839.27
21019,51073.9
21018,16196.85
21017,16755.47
21016,43160.67
21015,34654.36
21014,53249.45
21013,81844.97
21012,63224.46
21011,34216.12
21010,45703.69
21009,43691.58
21008,28212.62
21007,62868.38
21006,79284.39
21005,23051.59
21004,24396.15
21003,19774.59
21002,24010.78
21001,32521.47
21000,42038.91
20999,36584.41
20998,800.89
20997,18333.36
20996,30757.93
20995,27490.41
20994,41480.32
20993,73453.51
20992,50869.8
20991,16455.71
20990,20053.07
20989,19715.09
20988,25829.6
20987,33068.4
20986,52633.03
20985,46539.46
20984,24594.34
20983,23496.83
20982,22466.29
20981,46416.62
20980,58072.29
20979,76038.5
20978,57560.29
20977,39547.56
20976,34507.93
20975,35808.56
20974,38315.12
20973,490.56
20972,86779.12
20971,47489.63
20970,22084.18
20969,23652.84
20968,30007.3
20967,41738.02
20966,49365.64
20965,88158.25
20964,56453.28
20963,20280.91
20962,22456.56
20961,24186.11
20960,22991.94
20959,59945.49
20958,71144.32
20957,51917.98
20956,33202.9
20955,36590.3
20954,38815.02
20953,36936.29
20952,48523.13
20951,65297.87
20950,66539.2
20949,28584.92
20948,29294.22
20947,34565.11
20946,615.77
20945,59708.81
20944,69731.68
20943,53566.46
20942,49639.38
20941,24996.57
20940,28418.66
20939,31430.48
20938,43208.34
20937,54240.03
20936,43762.35
20935,28034.3
20934,51097.52
20933,51353.33
20932,39705.82
20931,56166.34
20930,74675.32
20929,60499.54
20928,33472.86
20927,36620.88
20926,40212.51
20925,43789.25
20924,61048.79
20923,68159.91
20922,52546.8
20921,24840.11
20920,24510.43
20919,22916.29
20918,32701.01
20917,43175.12
20916,43330.21
20915,50110.99
20914,19781.9
20913,15928.52
20912,24194.95
20911,32266.29
20910,33308.24
20909,42772.77
20908,34035.72
20907,22620.59
