221394,10677.31
221393,17877.1
221392,14181.14
221391,6386.01
221390,7011.3
221389,6553.63
221388,6702.94
221387,428.24
221386,14323.79
221385,8888.77
221384,5129.95
221383,5372.49
221382,4681.87
221381,8219.73
221380,13293.16
221379,12982.22
221378,8994.23
221377,10692.66
221376,6141.0
221375,5289.14
221374,6446.88
221373,3434.06
221372,9995.7
221371,10647.03
221370,5323.34
221369,4978.2
221368,6392.15
221367,6103.3
221366,13179.51
221365,17127.58
221364,9319.6
221363,7674.41
221362,5967.86
221361,8666.35
221360,11824.58
221359,13151.56
221358,18354.59
221357,7825.48
221356,6398.17
221355,6458.77
221354,10094.52
221353,16183.04
221352,21819.55
221351,30512.29
221350,12810.26
221349,10522.9
221348,8975.34
221347,10027.94
221346,9962.52
221345,17037.73
221344,18079.92
221343,10693.44
221342,6940.4
221341,5802.02
221340,5043.46
221339,7868.87
221338,16680.41
221337,24041.66
221336,14813.9
221335,10179.61
221334,5127.57
221333,8200.75
221332,14219.52
221331,18636.86
221330,27457.48
221329,17282.59
221328,11366.52
221327,13184.14
221326,18664.71
221325,11498.46
221324,16767.18
221323,28511.14
221322,19487.42
221321,10298.62
221320,12116.44
221319,19014.08
221318,14336.49
221317,22795.86
221316,26773.5
221315,12928.21
221314,14129.47
221313,14246.04
221312,16552.5
221311,18347.64
221310,30094.91
221309,31958.6
221308,7395.38
221307,6542.31
221306,8697.58
221305,7119.58
221304,15486.19
221303,20653.16
221302,11761.38
221301,7170.52
221300,7580.31
221299,16950.43
221298,17428.2
221297,23628.91
221296,28386.09
221295,15049.2
221294,0.0
221293,6689.27
221292,8218.74
221291,8670.99
221290,14649.8
221289,16858.87
221288,8649.4
221287,6187.1
221286,8744.83
221285,5864.06
221284,12920.25
221283,16631.03
221282,20930.18
221281,9382.93
221280,13065.0
221279,12933.98
221278,13332.53
221277,12545.01
221276,24933.52
221275,13994.75
221274,9628.23
221273,12534.46
221272,13285.01
221271,17332.18
221270,20843.46
221269,35256.6
221268,17315.44
221267,8560.53
221266,11076.96
221265,8068.81
221264,8727.2
221263,22633.84
221262,25095.34
221261,15841.84
221260,14905.92
221259,12681.9
221258,10991.42
221257,13110.36
221256,17642.44
221255,23965.27
221254,17846.25
221253,8735.76
221252,12788.99
221251,9768.1
221250,14824.93
221249,19348.69
221248,21694.38
221247,12675.52
221246,19203.56
221245,8013.55
221244,10070.09
221243,10688.74
221242,17988.32
221241,17966.51
221240,10750.94
221239,6983.07
221238,13179.31
221237,13127.87
221236,14535.06
221235,15891.84
221234,24385.1
221233,13320.05
221232,8981.4
221231,14082.68
221230,12333.11
221229,13350.04
221228,18988.91
221227,21419.87
221226,14069.61
221225,6223.13
221224,9691.27
221223,9591.5
221222,10818.97
221221,14197.13
221220,14577.01
221219,14642.28
221218,5962.52
221217,7649.48
221216,8163.66
221215,13281.56
221214,15492.42
221213,18324.04
221212,11194.61
221211,7752.41
