139076,26234.56
139075,63633.96
139074,49839.07
139073,18471.5
139072,17810.0
139071,21048.23
139070,17714.51
139069,1006.15
139068,38614.06
139067,23035.0
139066,16120.59
139065,14373.4
139064,15290.31
139063,29674.54
139062,35283.41
139061,47116.76
139060,44444.52
139059,32212.5
139058,22747.31
139057,26858.5
139056,28249.45
139055,26990.17
139054,22828.42
139053,16783.71
139052,17213.99
139051,16271.87
139050,14907.91
139049,18601.42
139048,27568.56
139047,52015.99
139046,34889.19
139045,21355.25
139044,21815.66
139043,17579.39
139042,24176.2
139041,6435.2
139040,45958.22
139039,36596.67
139038,5495.93
139037,20317.99
139036,18211.68
139035,51334.66
139034,60219.83
139033,86196.14
139032,40749.3
139031,51127.42
139030,34005.37
139029,40043.31
139028,33518.55
139027,41213.4
139026,65486.49
139025,45495.03
139024,22273.52
139023,18451.24
139022,19593.35
139021,19820.38
139020,31218.37
139019,57190.57
139018,38922.81
139017,28567.91
139016,16636.42
139015,17570.77
139014,57274.33
139013,57779.31
139012,99141.79
139011,78498.74
139010,46700.03
139009,51237.97
139008,70554.6
139007,33842.99
139006,42375.06
139005,70094.56
139004,53831.09
139003,22143.33
139002,18639.37
139001,46824.56
139000,40108.82
138999,48766.4
138998,96490.93
138997,56290.44
138996,29627.04
138995,38747.93
138994,53829.79
138993,38999.7
138992,63124.24
138991,97875.99
138990,-14.99
138989,20303.12
138988,21776.1
138987,23617.03
138986,27293.4
138985,30675.79
138984,58447.67
138983,39441.5
138982,1321.5
138981,21797.89
138980,44815.75
138979,34629.41
138978,54147.19
138977,89217.65
138976,68565.57
138975,29565.26
138974,1839.66
138973,3001.73
138972,359.43
138971,31417.18
138970,61015.41
138969,40895.81
138968,1534.43
138967,23094.8
138966,25857.34
138965,61131.88
138964,67424.79
138963,80778.57
138962,63814.77
138961,37100.28
138960,39909.81
138959,45261.31
138958,47919.33
138957,60516.9
138956,91919.27
138955,50059.73
138954,26923.98
138953,31821.13
138952,32334.99
138951,46524.14
138950,60710.08
138949,97965.56
138948,49380.31
138947,25774.24
138946,26979.74
138945,29823.01
138944,32454.18
138943,70992.49
138942,94636.91
138941,67077.5
138940,45183.47
138939,46946.9
138938,49002.58
138937,52904.41
138936,62395.22
138935,84550.39
138934,79134.66
138933,27564.26
138932,27809.06
138931,37414.41
138930,51893.72
138929,58926.2
138928,86745.5
138927,54479.67
138926,78476.32
138925,28739.19
138924,39063.23
138923,42402.28
138922,47323.31
138921,64605.83
138920,58238.99
138919,31541.18
138918,59465.02
138917,50978.62
138916,58347.39
138915,62170.73
138914,95265.78
138913,60381.46
138912,45705.96
138911,43776.08
138910,46610.88
138909,55331.9
138908,62219.86
138907,88316.92
138906,56792.98
138905,34447.24
138904,31692.08
138903,41141.54
138902,38226.04
138901,49743.53
138900,52436.63
138899,54089.77
138898,29786.64
138897,24542.62
138896,34114.51
138895,36462.18
138894,42267.11
138893,52587.1
138892,31829.55
138891,24488.49
