96363,27635.04
96362,43740.67
96361,30673.17
96360,13201.94
96359,12380.03
96358,13025.76
96357,15585.28
96356,683.51
96355,20672.72
96354,20323.88
96353,13585.07
96352,8447.24
96351,12330.28
96350,18361.41
96349,24663.53
96348,38135.44
96347,20328.12
96346,27182.02
96345,15869.5
96344,17501.67
96343,16669.77
96342,23269.56
96341,32420.82
96340,16924.79
96339,14105.52
96338,11456.71
96337,13050.62
96336,15445.64
96335,31759.15
96334,35924.77
96333,21532.49
96332,10637.31
96331,12958.04
96330,16921.91
96329,21247.24
96328,24035.68
96327,39629.84
96326,14102.28
96325,13089.23
96324,17722.04
96323,24687.57
96322,36294.77
96321,53806.93
96320,74080.87
96319,45412.93
96318,40532.83
96317,21487.48
96316,21997.35
96315,15951.24
96314,31253.08
96313,47354.87
96312,36561.68
96311,15983.88
96310,12995.06
96309,18098.72
96308,16491.6
96307,30409.2
96306,43682.85
96305,28726.75
96304,24724.47
96303,15367.31
96302,18434.83
96301,33745.55
96300,49446.38
96299,65617.35
96298,50692.11
96297,29789.91
96296,33024.67
96295,45390.52
96294,29215.56
96293,35872.85
96292,46049.29
96291,40263.3
96290,16317.88
96289,16462.52
96288,32608.04
96287,26505.23
96286,28242.79
96285,57985.44
96284,37831.98
96283,30765.42
96282,32844.56
96281,29980.21
96280,30699.55
96279,40013.02
96278,42475.16
96277,-45.0
96276,13225.54
96275,14790.43
96274,16285.0
96273,19220.73
96272,30667.61
96271,35376.75
96270,30283.78
96269,20457.18
96268,34253.73
96267,27753.44
96266,42814.15
96265,52658.08
96264,42731.19
96263,15535.97
96262,29785.33
96261,26370.82
96260,29593.84
96259,13.56
96258,11718.05
96257,18038.97
96256,28469.18
96255,41461.47
96254,46908.75
96253,40431.96
96252,22325.87
96251,22546.44
96250,22090.62
96249,19324.94
96248,25827.46
96247,64091.46
96246,34058.65
96245,21386.36
96244,24748.36
96243,23921.36
96242,30394.65
96241,43784.27
96240,61576.76
96239,38423.3
96238,14335.25
96237,17108.29
96236,19784.69
96235,21938.82
96234,46195.53
96233,50283.69
96232,41608.15
96231,24359.92
96230,22834.34
96229,29285.66
96228,25210.85
96227,36616.21
96226,47080.33
96225,42149.37
96224,20902.31
96223,16538.64
96222,26229.13
96221,34914.37
96220,36536.78
96219,31629.83
96218,37515.05
96217,20153.21
96216,20902.49
96215,24034.37
96214,29575.02
96213,39610.86
96212,34633.0
96211,22799.75
96210,30420.94
96209,26891.43
96208,31195.6
96207,36987.71
96206,52540.93
96205,44486.31
96204,26517.31
96203,35300.99
96202,37662.39
96201,40027.12
96200,38507.42
96199,51787.36
96198,38048.31
96197,16725.86
96196,18343.86
96195,21197.85
96194,22380.47
96193,30046.85
96192,30753.27
96191,32421.16
96190,18473.96
96189,15749.17
96188,18560.86
96187,26415.23
96186,26396.06
96185,31922.07
96184,22368.93
96183,20604.29
