72939,31447.23
72938,28308.57
72937,28703.29
72936,10642.11
72935,8024.85
72934,9009.24
72933,12726.53
72932,1448.63
72931,17670.85
72930,17184.72
72929,9457.98
72928,13345.26
72927,9193.2
72926,15215.57
72925,19307.65
72924,30873.62
72923,19708.2
72922,21553.78
72921,14260.24
72920,11643.02
72919,12747.47
72918,14807.44
72917,31079.41
72916,23081.19
72915,10756.02
72914,10379.97
72913,9026.44
72912,11200.67
72911,17822.64
72910,26473.5
72909,19260.52
72908,13551.31
72907,11021.41
72906,13902.22
72905,16185.77
72904,18371.01
72903,32934.75
72902,16541.53
72901,10257.32
72900,13956.14
72899,16931.41
72898,28827.04
72897,35968.01
72896,57436.46
72895,34304.61
72894,26339.03
72893,20681.62
72892,19573.21
72891,16353.47
72890,25838.95
72889,37772.0
72888,29922.84
72887,12450.17
72886,10200.24
72885,13243.8
72884,16455.79
72883,19976.56
72882,41185.41
72881,22549.34
72880,16330.81
72879,12689.05
72878,11262.42
72877,28040.2
72876,32038.82
72875,55861.0
72874,37208.99
72873,23495.17
72872,20678.22
72871,29895.93
72870,20549.22
72869,25054.98
72868,46140.91
72867,34433.37
72866,15277.85
72865,17989.11
72864,26386.99
72863,28889.27
72862,29479.17
72861,53590.73
72860,26479.64
72859,26089.66
72858,30317.34
72857,34451.74
72856,24791.84
72855,36411.41
72854,45655.09
72853,-41.99
72852,12706.41
72851,16051.19
72850,12145.97
72849,20723.23
72848,23168.36
72847,39073.07
72846,22814.92
72845,468.86
72844,15753.02
72843,24514.81
72842,27706.22
72841,31325.6
72840,47472.19
72839,32110.3
72838,12605.77
72837,17821.87
72836,15047.77
72835,18350.71
72834,24414.87
72833,37055.66
72832,21955.95
72831,10734.36
72830,12111.23
72829,13918.4
72828,28893.04
72827,29943.19
72826,42993.44
72825,33865.49
72824,20321.03
72823,20585.75
72822,20944.18
72821,25893.79
72820,804.17
72819,58722.24
72818,25593.83
72817,17759.83
72816,19695.39
72815,22592.43
72814,26842.8
72813,33746.63
72812,48283.5
72811,30382.54
72810,13964.81
72809,20383.4
72808,15578.62
72807,23627.86
72806,37231.33
72805,49728.56
72804,35298.55
72803,22736.62
72802,28883.71
72801,26900.05
72800,25246.52
72799,33248.98
72798,39390.61
72797,33816.85
72796,16875.69
72795,16931.82
72794,17075.08
72793,131.8
72792,29687.9
72791,34979.55
72790,27305.51
72789,35183.17
72788,16439.21
72787,19475.98
72786,20175.68
72785,22939.51
72784,32841.1
72783,23633.53
72782,15388.56
72781,28531.88
72780,24691.32
72779,26562.21
72778,31719.69
72777,47671.38
72776,32134.92
72775,18665.38
72774,20558.66
72773,25964.7
72772,29177.75
72771,39045.74
72770,50404.66
72769,32382.87
72768,18088.48
72767,17452.03
72766,21200.01
72765,19958.83
72764,25037.95
72763,30234.4
72762,26661.91
72761,15097.24
72760,12916.32
72759,15149.43
72758,19439.69
72757,20521.85
72756,26644.81
72755,18647.16
72754,18881.1
