179898,23832.47
179897,49288.72
179896,39044.25
179895,18199.4
179894,17146.98
179893,20355.26
179892,16514.72
179891,895.28
179890,25053.61
179889,26457.7
179888,15498.76
179887,18666.57
179886,17271.67
179885,31913.23
179884,23103.17
179883,32465.5
179882,26001.92
179881,36149.36
179880,26601.06
179879,24382.71
179878,22921.81
179877,22665.06
179876,39914.44
179875,35383.36
179874,11948.0
179873,18181.99
179872,13346.6
179871,19399.05
179870,27933.65
179869,34824.52
179868,24915.65
179867,19875.41
179866,17844.53
179865,22700.25
179864,23308.44
179863,31139.78
179862,36462.54
179861,29434.53
179860,23613.21
179859,25952.17
179858,30408.51
179857,61633.43
179856,49497.79
179855,64829.71
179854,47097.76
179853,44747.54
179852,32228.59
179851,28636.83
179850,24991.08
179849,35783.48
179848,48766.06
179847,33417.62
179846,19296.65
179845,21796.5
179844,19045.03
179843,25767.1
179842,30478.99
179841,45957.42
179840,26113.27
179839,29670.3
179838,18507.31
179837,21318.42
179836,52250.91
179835,51440.97
179834,65043.97
179833,46832.25
179832,39082.84
179831,45754.37
179830,57265.44
179829,30208.98
179828,37534.24
179827,43636.41
179826,34036.73
179825,24938.02
179824,20519.55
179823,44969.89
179822,30808.34
179821,44049.83
179820,52076.99
179819,45368.54
179818,35821.04
179817,34871.27
179816,41683.64
179815,33565.41
179814,49956.16
179813,65892.27
179812,20416.76
179811,22295.81
179810,25177.3
179809,22447.22
179808,28954.84
179807,42818.83
179806,33281.68
179805,702.72
179804,21185.26
179803,36157.99
179802,36904.73
179801,44831.05
179800,54174.21
179799,46650.92
179798,21539.78
179797,23479.75
179796,19675.05
179795,23845.54
179794,33327.78
179793,35755.58
179792,37485.26
179791,17824.55
179790,18675.35
179789,17927.2
179788,41126.35
179787,41495.02
179786,52954.16
179785,36812.83
179784,29019.05
179783,31427.91
179782,34690.65
179781,28154.76
179780,841.94
179779,53497.74
179778,35582.89
179777,23850.03
179776,23344.72
179775,19816.55
179774,38852.21
179773,35091.33
179772,57428.8
179771,36227.99
179770,20059.87
179769,19871.46
179768,17366.85
179767,17316.98
179766,39058.49
179765,55607.41
179764,39538.44
179763,33250.86
179762,32111.58
179761,32379.07
179760,25021.64
179759,32532.2
179758,44867.81
179757,38317.46
179756,16226.52
179755,18188.19
179754,19152.22
179753,445.15
179752,31632.89
179751,44399.93
179750,30949.99
179749,40436.38
179748,16580.53
179747,15695.81
179746,24771.14
179745,25206.44
179744,37025.78
179743,26738.66
179742,14089.86
179741,32888.59
179740,28642.76
179739,24103.55
179738,31806.37
179737,48456.9
179736,36182.21
179735,26242.7
179734,29025.0
179733,23155.71
179732,28931.2
179731,31559.51
179730,41004.28
179729,30088.98
179728,12795.64
179727,17364.21
179726,16324.44
179725,21069.0
179724,26541.22
179723,28594.44
179722,34624.33
179721,17759.11
179720,12179.94
179719,16874.84
179718,18665.81
179717,23669.42
179716,33446.32
179715,23103.27
179714,15097.79
