114932,22984.68
114931,36228.6
114930,36902.61
114929,14466.01
114928,18444.34
114927,15504.17
114926,20416.41
114925,1249.08
114924,31414.18
114923,21640.64
114922,15913.34
114921,14817.89
114920,16233.33
114919,35004.04
114918,30673.59
114917,43546.01
114916,32825.67
114915,37009.06
114914,25166.3
114913,26639.85
114912,29592.1
114911,30238.2
114910,252.0
114909,13246.46
114908,14329.53
114907,14400.72
114906,14663.99
114905,15277.49
114904,23945.58
114903,39447.82
114902,30526.43
114901,16790.69
114900,14882.16
114899,14654.31
114898,19687.42
114897,16040.95
114896,35447.42
114895,27053.13
114894,14429.99
114893,17185.68
114892,20050.26
114891,41141.82
114890,46764.73
114889,56953.73
114888,34773.8
114887,29201.81
114886,21292.88
114885,27412.49
114884,21766.63
114883,32533.7
114882,46939.3
114881,42688.97
114880,18303.93
114879,13899.69
114878,14079.43
114877,16658.52
114876,24303.43
114875,40088.91
114874,29408.24
114873,24146.56
114872,16892.65
114871,20066.29
114870,43323.17
114869,35937.15
114868,65583.38
114867,58332.49
114866,39844.98
114865,41110.71
114864,60035.12
114863,33379.06
114862,33843.72
114861,54572.28
114860,38926.77
114859,13587.76
114858,15832.55
114857,43952.93
114856,33279.33
114855,39756.18
114854,61160.35
114853,50607.49
114852,39862.66
114851,37186.25
114850,46257.72
114849,31329.6
114848,54314.4
114847,69903.96
114846,18774.92
114845,19269.19
114844,20446.62
114843,24439.1
114842,25594.82
114841,39685.39
114840,28746.91
114839,15499.94
114838,14754.42
114837,26795.27
114836,22755.84
114835,32917.43
114834,42182.32
114833,47811.9
114832,645.77
114831,19513.95
114830,22407.09
114829,25495.28
114828,27432.73
114827,40054.85
114826,37554.07
114825,23650.07
114824,21473.85
114823,25628.24
114822,45418.82
114821,47733.87
114820,66330.93
114819,45167.87
114818,28770.53
114817,34318.81
114816,43363.06
114815,34814.15
114814,465.2
114813,69413.06
114812,33728.8
114811,26427.83
114810,30768.12
114809,28356.2
114808,41975.2
114807,45322.42
114806,72757.02
114805,43469.07
114804,20389.77
114803,22601.11
114802,23993.05
114801,21898.99
114800,46132.66
114799,54595.59
114798,45286.85
114797,33122.4
114796,34501.7
114795,34704.05
114794,34498.03
114793,39572.83
114792,56649.15
114791,59167.55
114790,22177.36
114789,27020.48
114788,27232.5
114787,499.52
114786,54904.33
114785,59056.58
114784,44020.87
114783,63299.83
114782,29902.72
114781,26271.59
114780,34047.5
114779,40751.38
114778,44126.01
114777,42487.27
114776,22054.3
114775,47095.5
114774,39413.03
114773,38381.58
114772,45337.63
114771,58619.26
114770,51007.04
114769,35320.31
114768,39731.13
114767,39978.43
114766,49026.55
114765,60620.24
114764,69334.83
114763,49512.38
114762,29293.73
114761,31435.28
114760,33724.57
114759,28497.2
114758,39672.92
114757,38875.43
114756,44483.1
114755,21093.24
114754,19946.16
114753,22433.45
114752,30376.39
114751,32107.41
114750,39446.81
114749,29469.76
114748,25640.59
