42975,31578.98
42974,58624.83
42973,53056.2
42972,14188.12
42971,14578.24
42970,20764.88
42969,18926.79
42968,1277.47
42967,32048.56
42966,17668.19
42965,11102.99
42964,7057.46
42963,15657.08
42962,35959.85
42961,37442.43
42960,53493.49
42959,27997.88
42958,35535.58
42957,20934.46
42956,20329.71
42955,23512.91
42954,20594.99
42953,14460.34
42952,43417.41
42951,12200.85
42950,16043.34
42949,15690.67
42948,12474.04
42947,25682.78
42946,53321.95
42945,32341.07
42944,18409.12
42943,17921.63
42942,17444.28
42941,20686.59
42940,26307.49
42939,46155.51
42938,30338.69
42937,14383.94
42936,10645.55
42935,16664.08
42934,50113.42
42933,51841.23
42932,75490.19
42931,51963.97
42930,35608.67
42929,23246.83
42928,35805.86
42927,27947.16
42926,41460.73
42925,64953.65
42924,48646.94
42923,16962.67
42922,19105.62
42921,20185.07
42920,15814.55
42919,31236.86
42918,57427.25
42917,34273.81
42916,27330.53
42915,19128.83
42914,19185.38
42913,60381.47
42912,59972.11
42911,100478.11
42910,78365.86
42909,53973.88
42908,58924.6
42907,79750.3
42906,33310.28
42905,39358.3
42904,62806.71
42903,45760.21
42902,17871.82
42901,18401.8
42900,59528.17
42899,50650.24
42898,60607.58
42897,90775.45
42896,51923.55
42895,38263.98
42894,47221.02
42893,58764.71
42892,48152.43
42891,62042.85
42890,91775.08
42889,-9.52
42888,17824.43
42887,23477.21
42886,20300.43
42885,30830.48
42884,46030.63
42883,50753.83
42882,35408.09
42881,15100.0
42880,20016.48
42879,39798.56
42878,33256.56
42877,48456.6
42876,55089.33
42875,59050.9
42874,1313.94
42873,24717.64
42872,22332.48
42871,23980.86
42870,35369.97
42869,49115.48
42868,41940.33
42867,24679.54
42866,26750.76
42865,24560.23
42864,69487.08
42863,71565.85
42862,90539.06
42861,67935.06
42860,42353.53
42859,50526.93
42858,49511.49
42857,39552.46
42856,1337.03
42855,87120.91
42854,50050.74
42853,33885.84
42852,33120.15
42851,36414.6
42850,59896.0
42849,67018.9
42848,79891.98
42847,57159.0
42846,21120.04
42845,21370.05
42844,22460.74
42843,26256.32
42842,62541.25
42841,82019.01
42840,60423.62
42839,42697.83
42838,35397.26
42837,47707.73
42836,39842.43
42835,53165.34
42834,78795.24
42833,66836.82
42832,20644.35
42831,23786.49
42830,31527.1
42829,609.66
42828,52833.5
42827,70642.42
42826,51727.74
42825,55775.35
42824,27434.23
42823,32006.19
42822,38754.8
42821,46358.48
42820,53385.88
42819,49072.86
42818,24004.22
42817,61452.78
42816,58395.79
42815,49837.44
42814,56347.26
42813,84049.83
42812,60973.48
42811,43009.64
42810,51234.84
42809,54698.64
42808,55771.15
42807,71289.82
42806,74799.86
42805,55210.85
42804,24239.14
42803,26960.91
42802,25801.39
42801,33061.96
42800,47538.0
42799,44376.68
42798,54537.18
42797,27413.5
42796,21168.72
42795,25142.84
42794,35216.43
42793,42447.43
42792,42886.32
42791,33650.31
42790,23722.59
