128918,30216.32
128917,49653.95
128916,33819.32
128915,13511.16
128914,18011.88
128913,17870.46
128912,18400.86
128911,984.15
128910,35968.14
128909,30684.02
128908,13293.42
128907,13964.03
128906,15189.45
128905,22345.96
128904,27188.67
128903,48389.87
128902,24867.85
128901,34012.81
128900,19629.98
128899,20401.69
128898,23637.22
128897,1256.05
128896,10860.68
128895,17351.07
128894,13731.3
128893,18408.82
128892,18228.37
128891,19211.92
128890,31850.05
128889,50040.49
128888,28775.55
128887,15840.52
128886,21344.54
128885,19638.07
128884,31294.25
128883,30662.79
128882,45118.24
128881,21256.9
128880,14561.07
128879,21893.78
128878,23263.65
128877,42958.77
128876,52662.86
128875,89343.72
128874,49169.22
128873,14121.2
128872,26194.38
128871,21211.22
128870,16164.15
128869,36785.97
128868,56963.7
128867,37570.38
128866,16180.58
128865,18403.53
128864,19036.69
128863,19185.29
128862,29682.17
128861,54569.11
128860,27433.91
128859,26370.42
128858,19677.75
128857,16923.64
128856,46101.71
128855,51348.84
128854,80158.69
128853,57412.99
128852,32683.39
128851,44688.89
128850,61793.29
128849,34917.99
128848,40810.94
128847,67300.9
128846,57216.32
128845,22781.28
128844,26927.4
128843,44633.97
128842,36283.63
128841,51131.39
128840,81000.46
128839,52209.15
128838,32185.9
128837,36104.33
128836,46823.07
128835,36336.1
128834,64914.72
128833,74026.6
128832,23809.08
128831,17145.34
128830,21188.1
128829,26617.49
128828,31851.13
128827,49308.9
128826,32745.22
128825,18773.89
128824,16780.96
128823,29283.75
128822,29253.01
128821,39287.17
128820,60872.29
128819,47657.02
128818,65.97
128817,15580.95
128816,19677.0
128815,23552.42
128814,27219.57
128813,41578.19
128812,33577.57
128811,14589.24
128810,20232.68
128809,21464.62
128808,37475.4
128807,49043.35
128806,62574.25
128805,45457.47
128804,29781.33
128803,27719.06
128802,30587.91
128801,33187.31
128800,37.19
128799,73265.56
128798,47229.32
128797,24813.93
128796,28143.81
128795,31036.88
128794,41810.86
128793,51906.32
128792,76647.74
128791,42982.29
128790,19347.15
128789,24117.23
128788,29818.1
128787,30046.89
128786,54645.9
128785,61861.16
128784,47384.07
128783,27638.98
128782,28227.52
128781,36404.56
128780,27920.7
128779,38756.68
128778,61860.72
128777,50415.65
128776,18476.42
128775,20725.19
128774,22023.56
128773,37.47
128772,44192.93
128771,51764.33
128770,44132.95
128769,50777.13
128768,19774.75
128767,22591.76
128766,26544.35
128765,45332.62
128764,53803.19
128763,48860.05
128762,19650.66
128761,41327.77
128760,40986.66
128759,44957.57
128758,50631.67
128757,54192.51
128756,49035.66
128755,35135.8
128754,33793.92
128753,34412.82
128752,39614.4
128751,54523.68
128750,62337.01
128749,41552.43
128748,16264.28
128747,19277.92
128746,22223.21
128745,28173.29
128744,40346.99
128743,41228.54
128742,48323.56
128741,19729.14
128740,19583.21
128739,22315.9
128738,24012.22
128737,33877.95
128736,40843.89
128735,27593.49
128734,29577.29
