204002,16706.21
204001,30310.55
204000,33056.01
203999,10747.07
203998,10392.14
203997,9460.82
203996,13948.03
203995,478.27
203994,23274.89
203993,19149.79
203992,9283.3
203991,9362.57
203990,10606.91
203989,16228.23
203988,19225.12
203987,24746.55
203986,20135.89
203985,19015.62
203984,12576.89
203983,12208.25
203982,14971.11
203981,14278.53
203980,27054.58
203979,22018.97
203978,9788.35
203977,8744.01
203976,11635.58
203975,12600.84
203974,19999.03
203973,31556.37
203972,15022.03
203971,15983.95
203970,14153.11
203969,16176.22
203968,16887.65
203967,19141.57
203966,27567.22
203965,20806.6
203964,13739.3
203963,13931.54
203962,17479.93
203961,27278.21
203960,39043.35
203959,50564.24
203958,36209.18
203957,26900.93
203956,19270.63
203955,17812.19
203954,17485.8
203953,23706.44
203952,38477.66
203951,27382.89
203950,13473.1
203949,9572.07
203948,15363.68
203947,14916.51
203946,19901.33
203945,30199.68
203944,22721.42
203943,15133.92
203942,14093.41
203941,12971.13
203940,30511.33
203939,35105.15
203938,40988.64
203937,38103.59
203936,16655.8
203935,22580.69
203934,35487.77
203933,20888.75
203932,17512.1
203931,35709.43
203930,31767.07
203929,13787.95
203928,17060.02
203927,30077.95
203926,27940.69
203925,31503.8
203924,43127.26
203923,34839.96
203922,24930.37
203921,24435.79
203920,29348.79
203919,25186.34
203918,41916.02
203917,53043.39
203916,11947.1
203915,14165.49
203914,14467.85
203913,21862.72
203912,21766.15
203911,32841.73
203910,26689.61
203909,645.84
203908,15563.55
203907,27189.98
203906,24874.9
203905,26234.33
203904,34566.84
203903,36131.52
203902,15800.5
203901,14321.88
203900,18220.26
203899,16503.76
203898,23718.55
203897,26918.06
203896,27054.88
203895,13802.65
203894,16219.8
203893,15608.43
203892,30673.55
203891,33679.6
203890,41788.2
203889,27956.13
203888,17797.2
203887,20585.68
203886,25087.22
203885,20262.14
203884,668.98
203883,43388.47
203882,31932.46
203881,18184.87
203880,18202.64
203879,23414.18
203878,30426.63
203877,35431.87
203876,67570.39
203875,36519.46
203874,12344.33
203873,16688.67
203872,14729.09
203871,17927.15
203870,29636.7
203869,40413.06
203868,36524.63
203867,18961.39
203866,22366.47
203865,21676.36
203864,19887.56
203863,28303.67
203862,42034.67
203861,43561.59
203860,14466.37
203859,12073.76
203858,15173.33
203857,235.96
203856,28757.87
203855,38719.16
203854,32462.46
203853,46533.79
203852,15040.66
203851,17218.1
203850,24042.43
203849,28889.57
203848,39566.54
203847,36589.05
203846,19248.08
203845,31058.2
203844,29453.56
203843,28884.33
203842,28050.62
203841,43320.18
203840,37809.75
203839,21608.8
203838,25721.99
203837,23976.43
203836,30297.34
203835,41647.39
203834,51046.44
203833,39478.82
203832,19103.46
203831,18737.9
203830,21093.18
203829,22669.3
203828,32684.32
203827,34714.22
203826,42773.77
203825,14247.05
203824,12314.6
203823,13927.88
203822,21667.28
203821,25004.37
203820,36079.94
203819,30929.68
203818,20436.75
