52175,31640.8
52174,48191.81
52173,37322.01
52172,16274.08
52171,16662.52
52170,18256.8
52169,14371.99
52168,758.83
52167,31749.1
52166,28850.59
52165,14402.97
52164,12859.83
52163,12388.3
52162,20433.28
52161,24112.56
52160,39741.44
52159,28612.74
52158,31555.45
52157,19411.83
52156,15516.45
52155,18549.96
52154,20081.81
52153,48714.35
52152,27881.14
52151,14808.19
52150,16683.04
52149,13795.48
52148,15473.05
52147,24581.42
52146,47295.55
52145,27651.43
52144,10260.56
52143,6676.36
52142,18502.86
52141,19906.83
52140,28031.3
52139,43811.63
52138,21768.52
52137,22454.99
52136,19673.48
52135,24377.08
52134,38074.97
52133,46025.12
52132,76414.47
52131,48102.1
52130,43047.34
52129,25058.02
52128,27025.38
52127,24921.46
52126,30324.09
52125,56640.99
52124,53603.16
52123,14832.94
52122,14022.76
52121,14916.2
52120,16689.12
52119,28157.45
52118,42739.57
52117,29972.22
52116,24130.33
52115,18159.28
52114,17543.85
52113,29386.39
52112,39443.76
52111,64090.56
52110,54598.06
52109,24233.93
52108,35654.61
52107,47737.66
52106,23528.13
52105,30260.66
52104,52676.22
52103,46187.45
52102,15016.73
52101,15439.71
52100,33754.08
52099,26113.68
52098,28474.78
52097,74210.67
52096,64026.5
52095,29857.3
52094,31784.3
52093,1321.67
52092,26871.09
52091,38998.74
52090,63677.61
52089,26055.75
52088,16054.98
52087,18867.43
52086,22502.04
52085,25791.81
52084,40429.1
52083,36095.33
52082,511.35
52081,15581.8
52080,25961.91
52079,25649.77
52078,35519.75
52077,59586.66
52076,52760.87
52075,19370.28
52074,653.21
52073,280.11
52072,113.98
52071,23366.29
52070,12727.85
52069,23985.03
52068,616.66
52067,21088.39
52066,22715.82
52065,39228.82
52064,43167.31
52063,56766.82
52062,54444.76
52061,25503.39
52060,23894.04
52059,29655.77
52058,25695.82
52057,28448.56
52056,71490.98
52055,41988.16
52054,22102.01
52053,22824.88
52052,22121.7
52051,36147.37
52050,43313.85
52049,71209.89
52048,51719.86
52047,20639.17
52046,20803.2
52045,24557.65
52044,24526.07
52043,45649.85
52042,62774.77
52041,56227.73
52040,26619.78
52039,32596.64
52038,37176.04
52037,34901.25
52036,35352.8
52035,63336.98
52034,62199.09
52033,25625.99
52032,24733.44
52031,41118.29
52030,32957.55
52029,37726.66
52028,48026.71
52027,41916.38
52026,54710.36
52025,18782.24
52024,20507.26
52023,30166.45
52022,29878.55
52021,53231.34
52020,43506.91
52019,23536.6
52018,36357.33
52017,36622.46
52016,33662.24
52015,38776.15
52014,61849.62
52013,53844.27
52012,27565.95
52011,36329.04
52010,34074.57
52009,37565.46
52008,44078.41
52007,57228.64
52006,50206.34
52005,19880.11
52004,20271.71
52003,18493.65
52002,23377.55
52001,32820.52
52000,43539.89
51999,50097.01
51998,19362.42
51997,15800.95
51996,19590.86
51995,25227.66
51994,28522.23
51993,39569.74
51992,29980.29
51991,25913.05
