39322,24598.55
39321,55704.41
39320,45674.11
39319,17582.57
39318,14420.24
39317,15890.93
39316,16993.02
39315,1527.1
39314,30389.62
39313,22398.78
39312,8557.26
39311,9421.81
39310,14261.19
39309,28312.83
39308,30594.5
39307,54478.35
39306,38210.26
39305,36657.06
39304,22916.46
39303,26450.0
39302,25521.8
39301,27788.34
39300,78.17
39299,5327.98
39298,12150.82
39297,12629.72
39296,10888.99
39295,11917.39
39294,22472.27
39293,50779.9
39292,29084.16
39291,16206.71
39290,16913.96
39289,13949.76
39288,20382.16
39287,21513.84
39286,48687.06
39285,31508.18
39284,15778.26
39283,14100.04
39282,17284.06
39281,42747.29
39280,58451.63
39279,81823.95
39278,51192.59
39277,30643.36
39276,21345.38
39275,34813.99
39274,24701.69
39273,39411.94
39272,64842.03
39271,46230.64
39270,20521.26
39269,12531.34
39268,15735.67
39267,17402.24
39266,29262.88
39265,57983.24
39264,31027.47
39263,24788.84
39262,14974.41
39261,18020.83
39260,53856.53
39259,44143.65
39258,97082.25
39257,74589.85
39256,48077.76
39255,54106.4
39254,70843.27
39253,34663.74
39252,42272.82
39251,64647.3
39250,52989.17
39249,15624.84
39248,17428.92
39247,51232.61
39246,40134.75
39245,56452.57
39244,82741.63
39243,53670.03
39242,35995.4
39241,41380.72
39240,48553.38
39239,36046.92
39238,62924.71
39237,75912.68
39236,20455.16
39235,19171.24
39234,16594.48
39233,20768.76
39232,29331.19
39231,49241.55
39230,33926.07
39229,12959.29
39228,18616.77
39227,33640.5
39226,25939.27
39225,46992.73
39224,59325.15
39223,57746.52
39222,1575.18
39221,16041.55
39220,18805.86
39219,23541.42
39218,29775.37
39217,45796.34
39216,35644.76
39215,20561.06
39214,18854.94
39213,21864.19
39212,48510.87
39211,62002.94
39210,87490.28
39209,67269.79
39208,33986.83
39207,36179.57
39206,42747.69
39205,44350.12
39204,1025.72
39203,88150.04
39202,47645.41
39201,24358.56
39200,26007.67
39199,28795.15
39198,44037.1
39197,54311.08
39196,86359.81
39195,49964.68
39194,19135.68
39193,20287.66
39192,19547.96
39191,23066.47
39190,55065.58
39189,73587.27
39188,54718.37
39187,37680.48
39186,37653.35
39185,38107.54
39184,33509.26
39183,44934.15
39182,70953.95
39181,69613.8
39180,18665.43
39179,20532.74
39178,25859.24
39177,495.1
39176,52143.53
39175,63827.12
39174,55894.51
39173,73951.81
39172,23641.95
39171,28445.95
39170,32433.16
39169,42344.05
39168,48871.92
39167,58836.57
39166,24242.34
39165,54497.0
39164,42519.57
39163,49366.46
39162,46619.41
39161,69560.21
39160,57697.76
39159,44510.42
39158,42108.75
39157,39826.11
39156,47439.55
39155,57284.69
39154,64255.02
39153,50292.67
39152,21646.25
39151,25162.06
39150,25149.63
39149,33710.97
39148,46867.66
39147,43997.31
39146,49031.61
39145,21298.79
39144,16561.48
39143,19702.21
39142,28952.24
39141,32867.04
39140,38615.36
39139,29061.59
39138,25632.25
