167640,22552.46
167639,30247.71
167638,14968.45
167637,9921.27
167636,11515.02
167635,10068.5
167634,10588.14
167633,572.11
167632,23344.58
167631,16789.35
167630,7598.03
167629,8445.16
167628,9131.33
167627,14844.32
167626,18007.38
167625,22751.05
167624,20327.81
167623,21161.01
167622,11609.05
167621,12294.35
167620,11878.13
167619,15633.47
167618,23896.58
167617,18939.75
167616,10322.6
167615,8529.79
167614,10005.86
167613,8650.4
167612,21891.04
167611,30671.56
167610,17786.48
167609,15907.16
167608,15388.48
167607,15999.46
167606,17426.09
167605,22898.43
167604,31503.09
167603,16835.5
167602,11945.21
167601,11820.25
167600,16792.04
167599,27593.19
167598,32141.06
167597,55620.76
167596,36527.51
167595,29841.29
167594,20677.11
167593,17534.43
167592,16126.38
167591,21114.6
167590,37690.09
167589,32150.67
167588,9282.07
167587,15530.06
167586,11604.02
167585,15604.51
167584,22524.29
167583,34676.46
167582,25128.24
167581,19919.93
167580,14054.88
167579,18339.49
167578,26905.32
167577,33024.77
167576,47398.35
167575,36581.36
167574,22300.51
167573,19483.52
167572,34170.55
167571,18331.57
167570,25107.47
167569,42063.93
167568,30435.48
167567,12852.18
167566,16795.64
167565,28841.44
167564,23825.55
167563,26013.06
167562,44155.72
167561,27018.52
167560,24921.41
167559,22211.69
167558,33512.51
167557,23567.18
167556,34165.39
167555,42037.67
167554,12389.55
167553,14210.94
167552,14687.53
167551,18797.94
167550,24467.18
167549,36938.06
167548,31145.76
167547,546.2
167546,16987.2
167545,29746.91
167544,29263.49
167543,39759.13
167542,48681.08
167541,41388.13
167540,11764.27
167539,14051.31
167538,18121.16
167537,16160.47
167536,22404.72
167535,33010.8
167534,25984.1
167533,12521.22
167532,16154.68
167531,16841.99
167530,27181.58
167529,30867.41
167528,46239.98
167527,39840.16
167526,21375.5
167525,19890.0
167524,18742.49
167523,18657.95
167522,204.68
167521,44968.45
167520,24258.36
167519,17703.57
167518,18100.36
167517,19554.47
167516,25716.26
167515,35468.62
167514,46249.0
167513,31391.11
167512,15328.72
167511,17051.88
167510,16964.06
167509,18460.81
167508,33485.31
167507,44489.74
167506,36530.05
167505,19723.09
167504,18641.75
167503,22885.13
167502,17872.21
167501,27418.48
167500,37344.11
167499,32439.12
167498,14955.63
167497,13341.0
167496,14382.81
167495,212.57
167494,25141.5
167493,32372.01
167492,31354.04
167491,31245.7
167490,16855.14
167489,18474.58
167488,21193.57
167487,25646.94
167486,40942.6
167485,32579.69
167484,22251.79
167483,30113.29
167482,27718.33
167481,30539.37
167480,31915.32
167479,43647.65
167478,38981.39
167477,23803.9
167476,20972.02
167475,23234.17
167474,25983.96
167473,31753.39
167472,40058.93
167471,29411.95
167470,15699.26
167469,19981.01
167468,17430.46
167467,18719.0
167466,25148.36
167465,26877.6
167464,28172.65
167463,16727.31
167462,13726.96
167461,16677.79
167460,18623.07
167459,25795.66
167458,33846.67
167457,27295.37
167456,14680.46
