221203,16691.72
221202,27332.77
221201,15958.9
221200,9545.15
221199,10726.14
221198,5952.97
221197,8899.2
221196,462.73
221195,16925.36
221194,8537.1
221193,4544.17
221192,6172.73
221191,5204.85
221190,10998.57
221189,11820.35
221188,22660.82
221187,7685.43
221186,11648.0
221185,7006.44
221184,8878.72
221183,7825.96
221182,12806.01
221181,24570.97
221180,12766.67
221179,5522.8
221178,4327.68
221177,7635.05
221176,8335.51
221175,12111.75
221174,24285.45
221173,12450.32
221172,8699.03
221171,3559.56
221170,7375.56
221169,10172.88
221168,12396.89
221167,24465.67
221166,12974.58
221165,4976.31
221164,8997.49
221163,9213.24
221162,19679.89
221161,21050.74
221160,44886.87
221159,12236.58
221158,16344.13
221157,11053.4
221156,14402.83
221155,12639.1
221154,18112.04
221153,34303.07
221152,19932.58
221151,10761.25
221150,8918.87
221149,6911.53
221148,8235.94
221147,17092.45
221146,28675.25
221145,14814.46
221144,13896.97
221143,9913.02
221142,11292.76
221141,14707.55
221140,20264.56
221139,41932.6
221138,24850.02
221137,16002.41
221136,15853.28
221135,17785.21
221134,17336.84
221133,21090.73
221132,36515.05
221131,23402.75
221130,13310.37
221129,11533.16
221128,20583.49
221127,19066.95
221126,25544.88
221125,36386.6
221124,21988.97
221123,14753.84
221122,14271.42
221121,18287.82
221120,15478.61
221119,29787.09
221118,40567.07
221117,14533.85
221116,9476.05
221115,10966.95
221114,10418.22
221113,19529.65
221112,26405.09
221111,17172.99
221110,9662.16
221109,9743.73
221108,14095.78
221107,12710.11
221106,23093.05
221105,30786.76
221104,23393.34
221103,1433.62
221102,11094.34
221101,10267.04
221100,12578.12
221099,16869.9
221098,22369.44
221097,19660.13
221096,9154.81
221095,9576.69
221094,10064.48
221093,19677.0
221092,23524.11
221091,36672.81
221090,20924.82
221089,12457.41
221088,13130.88
221087,12894.36
221086,14926.74
221085,1098.06
221084,33157.26
221083,22517.53
221082,13050.44
221081,10252.41
221080,12277.81
221079,17352.75
221078,21222.14
221077,34892.05
221076,25028.91
221075,10992.59
221074,10358.15
221073,14027.25
221072,9581.77
221071,19276.54
221070,37887.51
221069,22629.89
221068,14687.41
221067,15885.44
221066,16507.86
221065,16226.72
221064,19270.6
221063,26395.16
221062,23413.48
221061,14054.64
221060,13898.34
221059,14231.13
221058,19130.99
221057,25542.82
221056,29097.48
221055,19516.15
221054,22233.86
221053,13734.26
221052,14698.75
221051,15133.43
221050,19098.68
221049,24756.18
221048,17047.19
221047,11888.84
221046,18403.75
221045,19173.3
221044,20375.41
221043,24062.17
221042,32482.25
221041,21671.37
221040,17419.73
221039,18999.54
221038,15279.12
221037,17444.06
221036,24368.12
221035,29890.61
221034,22696.66
221033,12020.54
221032,13231.55
221031,15408.44
221030,13660.85
221029,20406.61
221028,23335.2
221027,24746.55
221026,11423.1
221025,8767.33
221024,15236.1
221023,14081.82
221022,18415.61
221021,20268.87
221020,17580.8
221019,11532.72
