224274,15596.43
224273,19983.69
224272,16243.23
224271,6800.58
224270,9625.7
224269,7330.14
224268,9523.8
224267,682.86
224266,15732.76
224265,10737.84
224264,8063.97
224263,5600.33
224262,8159.06
224261,10290.43
224260,12121.48
224259,14791.99
224258,11608.39
224257,11804.04
224256,11128.86
224255,8983.97
224254,8326.77
224253,12269.15
224252,20508.88
224251,12525.29
224250,7473.78
224249,9126.62
224248,5890.58
224247,7689.68
224246,13203.59
224245,19910.25
224244,15066.92
224243,9292.23
224242,7282.66
224241,9302.31
224240,12510.21
224239,10790.95
224238,22829.02
224237,10522.2
224236,7171.0
224235,11832.28
224234,12025.93
224233,17393.47
224232,19556.49
224231,39048.37
224230,25824.55
224229,19006.32
224228,8549.76
224227,12171.6
224226,7574.36
224225,18799.07
224224,32067.85
224223,17667.49
224222,8305.05
224221,10574.11
224220,10522.14
224219,9200.67
224218,16514.24
224217,28298.23
224216,16192.85
224215,10179.6
224214,9141.34
224213,9381.12
224212,21739.21
224211,21749.41
224210,41114.42
224209,23525.44
224208,13958.91
224207,16395.06
224206,18966.28
224205,16608.15
224204,20756.78
224203,35786.86
224202,24058.09
224201,9399.02
224200,10874.59
224199,16418.06
224198,12245.84
224197,20026.72
224196,32039.8
224195,22945.94
224194,14284.7
224193,16074.11
224192,19219.55
224191,16472.67
224190,26900.43
224189,39516.87
224188,15611.75
224187,11386.1
224186,12439.76
224185,16497.06
224184,20766.44
224183,25844.59
224182,23655.86
224181,11629.47
224180,13252.96
224179,21483.1
224178,17884.61
224177,26877.97
224176,38604.22
224175,29278.21
224174,920.29
224173,11120.4
224172,8575.59
224171,13295.48
224170,18620.43
224169,27653.93
224168,17998.61
224167,10097.88
224166,11833.47
224165,15097.16
224164,23179.32
224163,25594.76
224162,33350.93
224161,22481.63
224160,14120.64
224159,9955.88
224158,12943.53
224157,12222.01
224156,213.77
224155,32225.89
224154,16976.66
224153,13298.36
224152,13933.31
224151,17191.16
224150,20413.64
224149,21662.21
224148,36135.69
224147,22935.49
224146,13554.12
224145,12392.82
224144,12704.03
224143,10604.76
224142,22621.29
224141,25838.65
224140,21452.01
224139,13269.54
224138,14082.59
224137,16715.27
224136,12615.55
224135,19923.51
224134,31062.48
224133,26129.91
224132,11938.68
224131,12474.93
224130,11311.87
224129,18044.41
224128,20157.37
224127,27479.53
224126,20139.99
224125,21681.89
224124,13031.7
224123,12805.09
224122,15191.46
224121,21359.9
224120,22489.97
224119,22992.45
224118,16318.98
224117,19890.97
224116,18780.87
224115,18485.49
224114,24542.06
224113,30679.79
224112,21083.54
224111,15861.23
224110,18362.42
224109,17631.71
224108,15922.26
224107,23245.3
224106,24955.31
224105,19634.48
224104,16079.14
224103,13604.22
224102,16589.54
224101,15582.17
224100,18974.3
224099,17584.08
224098,16737.47
224097,16569.73
224096,13235.96
224095,17368.17
224094,16788.01
224093,19230.14
224092,17981.7
224091,13801.96
224090,8970.65
