200192,19110.98
200191,38883.93
200190,29151.16
200189,9750.86
200188,11238.65
200187,12280.01
200186,8357.81
200185,571.18
200184,22663.71
200183,13521.33
200182,9882.63
200181,8966.96
200180,9313.81
200179,18473.6
200178,21747.9
200177,30868.1
200176,17664.19
200175,19029.18
200174,12470.45
200173,17667.43
200172,15488.8
200171,19287.63
200170,38131.62
200169,33198.86
200168,9392.69
200167,7747.05
200166,10709.42
200165,10262.62
200164,22213.09
200163,41085.83
200162,27837.91
200161,16401.87
200160,2513.88
200159,10362.88
200158,13864.52
200157,17765.51
200156,38668.09
200155,17178.52
200154,10188.57
200153,13234.25
200152,12942.39
200151,23406.33
200150,37172.44
200149,55468.06
200148,33424.4
200147,25232.71
200146,15848.89
200145,20270.12
200144,16179.53
200143,23867.07
200142,49839.89
200141,35077.44
200140,12245.27
200139,10376.5
200138,15045.62
200137,11505.38
200136,25044.57
200135,43833.23
200134,25724.75
200133,14222.25
200132,10651.18
200131,11533.02
200130,27319.91
200129,35909.97
200128,62013.56
200127,45735.56
200126,26251.91
200125,24644.28
200124,39500.08
200123,19572.88
200122,25346.55
200121,44333.18
200120,39613.03
200119,13177.91
200118,11538.34
200117,27311.61
200116,23826.33
200115,37848.62
200114,58848.46
200113,49280.57
200112,22002.31
200111,30752.16
200110,12933.59
200109,26787.98
200108,50549.1
200107,54399.41
200106,21818.87
200105,12684.07
200104,11784.22
200103,16180.17
200102,20669.0
200101,39795.62
200100,29138.03
200099,711.32
200098,10765.76
200097,19158.86
200096,20675.12
200095,30333.36
200094,52559.3
200093,38339.39
200092,13491.89
200091,1110.69
200090,382.68
200089,228.86
200088,24271.06
200087,41448.65
200086,30256.17
200085,534.59
200084,12358.58
200083,13149.07
200082,26744.58
200081,32962.73
200080,54603.65
200079,39273.14
200078,28743.4
200077,22525.81
200076,19132.62
200075,22857.64
200074,32057.82
200073,54882.66
200072,33649.3
200071,14777.0
200070,18831.04
200069,21233.14
200068,23899.83
200067,33651.61
200066,57890.89
200065,34227.64
200064,14031.33
200063,13294.67
200062,15955.72
200061,19036.87
200060,37045.69
200059,47289.01
200058,34021.13
200057,20447.34
200056,20826.79
200055,24867.57
200054,27693.44
200053,36983.54
200052,52157.82
200051,45670.2
200050,16801.88
200049,20364.85
200048,22015.35
200047,30219.29
200046,35939.71
200045,43943.85
200044,32871.94
200043,46879.97
200042,16863.53
200041,19781.73
200040,24425.92
200039,31001.11
200038,40655.05
200037,30477.2
200036,15713.69
200035,27469.62
200034,31954.01
200033,35781.56
200032,38908.96
200031,56396.37
200030,44059.19
200029,26950.48
200028,29243.37
200027,25984.92
200026,34634.07
200025,33493.23
200024,45451.45
200023,34810.87
200022,16455.74
200021,17909.65
200020,19658.14
200019,18938.49
200018,27324.06
200017,27205.07
200016,36499.25
200015,17482.26
200014,14509.69
200013,17964.09
200012,18970.65
200011,23160.52
200010,24478.68
200009,22675.87
200008,17004.1
