117432,25494.84
117431,41351.47
117430,29978.63
117429,11198.12
117428,16791.73
117427,13316.78
117426,10391.29
117425,1460.3
117424,33356.84
117423,23942.66
117422,12212.92
117421,13445.92
117420,14084.47
117419,18278.39
117418,22716.29
117417,36589.73
117416,21992.7
117415,30510.14
117414,18810.4
117413,17675.19
117412,18792.52
117411,1259.87
117410,5813.03
117409,16086.28
117408,12108.46
117407,9616.66
117406,12549.96
117405,10717.73
117404,23480.85
117403,42623.26
117402,26800.86
117401,12120.32
117400,11041.31
117399,13355.06
117398,14482.17
117397,20593.47
117396,42769.68
117395,22178.19
117394,10766.74
117393,13811.09
117392,14202.86
117391,31891.79
117390,33678.3
117389,71425.6
117388,41554.89
117387,10258.89
117386,18783.59
117385,20289.86
117384,15445.92
117383,27929.4
117382,53625.39
117381,34695.93
117380,8927.89
117379,15299.55
117378,8620.58
117377,12105.7
117376,24609.34
117375,47789.62
117374,24482.2
117373,19568.64
117372,17994.69
117371,17585.99
117370,28653.24
117369,34827.01
117368,67680.01
117367,49871.54
117366,26709.76
117365,32004.65
117364,41739.47
117363,23995.18
117362,33057.51
117361,67572.35
117360,47578.45
117359,16935.72
117358,23501.41
117357,32353.26
117356,25368.28
117355,33721.33
117354,61962.11
117353,44700.5
117352,23092.87
117351,29278.86
117350,31948.03
117349,31280.9
117348,52782.09
117347,65455.31
117346,-13.99
117345,22782.03
117344,18087.39
117343,23552.44
117342,20673.4
117341,27123.3
117340,43344.64
117339,29712.87
117338,16534.88
117337,11997.82
117336,21495.82
117335,24224.89
117334,29020.09
117333,54394.46
117332,40700.35
117331,1089.88
117330,13046.84
117329,17050.58
117328,18340.27
117327,23947.18
117326,36508.6
117325,28617.05
117324,18381.39
117323,15782.25
117322,17699.94
117321,31441.3
117320,32903.08
117319,61516.55
117318,40635.88
117317,22330.74
117316,26929.84
117315,24468.22
117314,27490.63
117313,638.36
117312,62493.2
117311,43564.44
117310,16783.06
117309,19151.07
117308,23497.87
117307,28483.27
117306,39849.5
117305,70127.01
117304,43159.36
117303,14615.78
117302,16952.33
117301,17013.64
117300,18708.68
117299,44070.05
117298,54139.6
117297,44115.83
117296,26014.72
117295,22202.48
117294,21211.6
117293,24488.0
117292,30616.49
117291,59156.71
117290,50058.76
117289,13321.93
117288,20903.03
117287,18733.37
117286,255.88
117285,35080.91
117284,45438.18
117283,43617.98
117282,48530.36
117281,16825.56
117280,18044.76
117279,23558.78
117278,32878.5
117277,42835.71
117276,38829.87
117275,17615.81
117274,31764.08
117273,28072.44
117272,29010.98
117271,34001.67
117270,54974.97
117269,45971.84
117268,24927.16
117267,22390.18
117266,27129.32
117265,35252.7
117264,39737.13
117263,56391.04
117262,41345.49
117261,17109.82
117260,18107.08
117259,18884.68
117258,18158.51
117257,27829.64
117256,35530.5
117255,40612.71
117254,16347.33
117253,9868.84
117252,16837.13
117251,21894.42
117250,29522.16
117249,36535.13
117248,28651.03
117247,24696.72
