141174,30857.87
141173,44950.06
141172,35614.86
141171,10488.35
141170,10134.2
141169,11174.44
141168,11306.64
141167,1259.96
141166,26468.75
141165,21624.38
141164,8971.51
141163,9891.94
141162,16135.53
141161,30042.61
141160,32598.93
141159,52253.79
141158,23964.5
141157,29082.56
141156,18947.28
141155,23163.0
141154,20338.93
141153,23166.95
141152,54793.64
141151,37293.12
141150,10194.78
141149,11825.11
141148,13164.38
141147,13128.61
141146,26607.81
141145,47171.92
141144,33819.4
141143,16865.3
141142,7393.15
141141,16470.67
141140,18982.18
141139,28422.35
141138,48207.51
141137,25611.69
141136,13940.61
141135,14805.28
141134,21231.68
141133,46631.09
141132,48453.98
141131,91364.61
141130,23850.46
141129,38000.98
141128,30678.14
141127,35197.1
141126,24956.78
141125,39104.22
141124,70625.23
141123,52026.84
141122,17173.26
141121,17922.48
141120,23900.22
141119,22468.54
141118,30745.13
141117,62859.98
141116,38373.05
141115,25743.75
141114,10184.19
141113,17959.16
141112,44431.83
141111,57507.28
141110,92112.15
141109,76291.0
141108,42844.91
141107,52738.12
141106,59400.78
141105,26185.42
141104,39561.32
141103,57335.62
141102,54221.37
141101,17369.13
141100,15680.26
141099,43213.09
141098,40425.15
141097,52032.11
141096,83825.23
141095,59844.98
141094,35259.5
141093,39733.74
141092,41210.11
141091,30616.52
141090,62901.43
141089,63967.14
141088,24276.0
141087,17285.98
141086,18186.95
141085,23893.07
141084,28675.48
141083,49819.45
141082,32919.09
141081,1144.66
141080,15192.97
141079,28162.43
141078,30704.39
141077,36922.61
141076,68888.78
141075,44974.4
141074,15866.02
141073,1095.96
141072,715.66
141071,114.03
141070,28624.12
141069,53485.02
141068,39419.92
141067,1355.39
141066,24601.83
141065,23522.17
141064,59269.54
141063,55925.84
141062,80234.85
141061,61802.06
141060,32955.14
141059,40448.63
141058,38235.04
141057,36478.71
141056,49054.2
141055,80171.39
141054,46466.87
141053,27690.71
141052,21018.07
141051,21743.5
141050,34980.92
141049,45095.53
141048,64348.19
141047,45432.51
141046,19124.16
141045,21825.43
141044,19231.51
141043,22264.61
141042,56487.0
141041,73802.65
141040,58560.7
141039,34926.59
141038,34961.41
141037,37375.43
141036,35513.37
141035,51822.77
141034,68494.16
141033,55281.19
141032,25580.8
141031,30535.25
141030,30285.66
141029,43069.23
141028,53359.38
141027,64323.14
141026,46774.79
141025,54373.32
141024,26878.69
141023,22584.96
141022,33143.2
141021,40677.47
141020,60377.93
141019,47018.17
141018,22314.21
141017,56668.33
141016,49058.15
141015,53508.35
141014,62205.41
141013,71435.71
141012,57127.53
141011,35376.01
141010,40140.64
141009,44937.33
141008,48072.52
141007,58624.78
141006,57239.99
141005,39977.12
141004,21668.78
141003,25717.85
141002,26665.28
141001,33693.2
141000,39911.5
140999,40334.17
140998,46097.63
140997,18906.12
140996,19436.17
140995,22902.62
140994,31536.3
140993,34922.51
140992,34280.09
140991,25396.47
140990,19487.4
