11297,40616.49
11296,65507.14
11295,52646.11
11294,19723.38
11293,15355.52
11292,14133.51
11291,18398.41
11290,1966.92
11289,52056.0
11288,25484.34
11287,15564.02
11286,16289.39
11285,19077.67
11284,27988.03
11283,35188.43
11282,56240.75
11281,34545.17
11280,37763.33
11279,23447.03
11278,18136.71
11277,24234.64
11276,24490.53
11275,57067.23
11274,45440.79
11273,15769.01
11272,15792.87
11271,16232.3
11270,18661.58
11269,37322.86
11268,55341.21
11267,37123.66
11266,16917.47
11265,16379.98
11264,22461.33
11263,24795.96
11262,29652.99
11261,58372.49
11260,28212.17
11259,17178.92
11258,19189.24
11257,24286.24
11256,58114.97
11255,61631.53
11254,107756.5
11253,49993.56
11252,43527.37
11251,32602.88
11250,38106.77
11249,27655.94
11248,45283.12
11247,69874.53
11246,51202.23
11245,23280.4
11244,23208.96
11243,12667.2
11242,17030.62
11241,35268.79
11240,75732.36
11239,34079.82
11238,31958.05
11237,17361.47
11236,23448.95
11235,44066.19
11234,61904.76
11233,98310.63
11232,78283.69
11231,37705.38
11230,44747.48
11229,59702.3
11228,30961.19
11227,45479.78
11226,69008.91
11225,61418.51
11224,23464.87
11223,22974.68
11222,45794.41
11221,35685.54
11220,50522.85
11219,79419.76
11218,62373.59
11217,38650.49
11216,40101.08
11215,49134.64
11214,35525.05
11213,62668.12
11212,94214.16
11211,-38.49
11210,29832.82
11209,26033.94
11208,38956.59
11207,35850.13
11206,40938.32
11205,27778.41
11204,38738.43
11203,119.37
11202,16502.34
11201,28670.98
11200,29860.0
11199,39068.05
11198,64113.48
11197,50936.77
11196,15124.89
11195,47.99
11194,33416.15
11193,51278.62
11192,45659.13
11191,64.72
11190,27333.83
11189,25031.28
11188,50024.56
11187,54918.51
11186,81485.89
11185,57207.53
11184,32321.31
11183,37721.52
11182,33921.98
11181,41246.92
11180,47581.0
11179,98414.97
11178,45477.3
11177,22350.74
11176,30973.31
11175,29080.75
11174,43344.24
11173,57116.08
11172,73277.63
11171,59912.82
11170,16881.49
11169,27058.83
11168,27451.66
11167,23790.03
11166,49170.29
11165,68122.14
11164,58385.13
11163,33756.14
11162,34475.52
11161,38105.32
11160,33915.45
11159,47361.59
11158,72853.23
11157,63348.87
11156,23215.35
11155,26306.55
11154,34451.58
11153,47466.3
11152,59534.76
11151,74630.33
11150,40303.9
11149,62820.14
11148,29682.13
11147,30087.13
11146,40896.65
11145,41684.19
11144,63836.4
11143,48750.77
11142,23264.85
11141,51689.55
11140,41747.36
11139,44096.69
11138,56874.21
11137,69870.65
11136,58159.42
11135,37905.49
11134,37375.73
11133,40559.86
11132,53231.9
11131,55150.49
11130,66813.17
11129,56277.25
11128,19634.97
11127,27048.11
11126,29133.62
11125,33469.9
11124,44887.49
11123,50105.95
11122,56877.31
11121,25119.96
11120,17425.86
11119,24010.54
11118,31387.77
11117,35331.63
11116,43253.66
11115,37755.91
11114,31736.15
