105335,25890.18
105334,34760.45
105333,32864.75
105332,12618.88
105331,14283.16
105330,10716.47
105329,12826.05
105328,445.11
105327,30428.09
105326,24071.34
105325,11554.84
105324,11848.38
105323,14071.27
105322,20046.04
105321,19757.76
105320,31628.59
105319,27441.86
105318,24224.55
105317,12478.14
105316,16442.97
105315,14921.76
105314,16184.16
105313,29707.48
105312,27130.24
105311,13564.28
105310,11512.47
105309,14834.02
105308,13325.96
105307,19350.01
105306,40715.9
105305,27279.3
105304,15124.11
105303,18605.09
105302,16959.14
105301,20062.48
105300,24093.38
105299,35646.58
105298,21091.03
105297,15216.82
105296,16982.37
105295,21052.35
105294,34174.83
105293,38211.45
105292,69722.2
105291,45894.59
105290,32355.57
105289,19797.11
105288,28780.6
105287,19285.15
105286,29916.92
105285,45006.21
105284,42743.51
105283,16350.37
105282,16102.85
105281,18023.83
105280,16858.05
105279,27018.02
105278,43564.44
105277,33711.81
105276,28375.12
105275,19493.64
105274,19458.09
105273,32841.14
105272,38081.49
105271,58459.45
105270,51455.63
105269,30210.41
105268,31589.16
105267,41374.12
105266,28059.83
105265,32325.06
105264,48528.97
105263,37903.57
105262,19063.85
105261,18606.53
105260,30559.14
105259,28427.8
105258,32542.76
105257,53420.85
105256,45930.82
105255,27269.02
105254,25322.19
105253,32064.62
105252,29381.32
105251,42456.9
105250,59337.2
105249,16675.19
105248,17432.2
105247,18460.7
105246,17346.37
105245,25542.54
105244,41756.66
105243,35809.68
105242,11.01
105241,16551.52
105240,22625.63
105239,25846.19
105238,36611.49
105237,50601.98
105236,46039.44
105235,15553.34
105234,17246.67
105233,15021.96
105232,18185.52
105231,22734.77
105230,34540.54
105229,35612.16
105228,12849.15
105227,16333.1
105226,17238.61
105225,28967.81
105224,33584.36
105223,48667.95
105222,40381.56
105221,21203.26
105220,21661.6
105219,23000.85
105218,23065.39
105217,13.59
105216,54214.71
105215,34765.35
105214,22417.74
105213,21923.34
105212,20711.9
105211,27346.24
105210,40150.63
105209,72181.37
105208,45619.2
105207,19945.03
105206,17679.61
105205,17918.87
105204,19003.93
105203,39273.53
105202,52872.62
105201,46779.85
105200,25308.83
105199,22428.34
105198,23593.28
105197,22696.36
105196,33708.64
105195,52988.75
105194,52521.79
105193,18992.94
105192,19652.25
105191,23168.34
105190,30637.57
105189,44272.57
105188,39093.25
105187,45105.65
105186,16180.68
105185,14580.35
105184,20279.81
105183,22062.87
105182,37300.26
105181,35026.12
105180,20309.84
105179,22328.97
105178,25018.96
105177,24597.41
105176,33923.66
105175,53639.68
105174,40064.98
105173,25245.17
105172,21338.27
105171,23846.05
105170,22477.13
105169,33891.56
105168,47256.36
105167,39800.28
105166,12085.75
105165,14263.19
105164,15623.47
105163,19205.05
105162,29422.73
105161,37602.43
105160,40833.11
105159,14306.23
105158,12519.76
105157,18181.73
105156,22476.3
105155,23324.69
105154,31029.33
105153,25351.05
105152,21872.99
