132947,27252.81
132946,41913.6
132945,20124.58
132944,11398.39
132943,11126.16
132942,10714.62
132941,16130.17
132940,541.38
132939,26018.78
132938,13661.5
132937,9279.47
132936,8840.22
132935,10087.51
132934,15928.95
132933,19331.39
132932,34367.96
132931,18114.33
132930,18780.39
132929,12381.0
132928,10373.27
132927,9527.89
132926,2604.87
132925,27047.5
132924,15265.86
132923,7309.49
132922,10142.7
132921,10371.34
132920,12056.97
132919,19173.55
132918,38668.82
132917,14653.07
132916,13629.35
132915,7398.61
132914,11526.04
132913,18415.01
132912,20528.45
132911,35369.36
132910,14076.84
132909,9553.63
132908,10184.8
132907,14445.49
132906,25873.75
132905,34859.93
132904,62604.24
132903,21882.17
132902,23056.4
132901,16266.52
132900,18929.76
132899,15324.45
132898,25067.75
132897,47756.68
132896,24222.86
132895,10932.33
132894,11536.08
132893,9934.39
132892,15481.21
132891,24712.8
132890,44389.1
132889,20160.92
132888,15049.22
132887,13125.34
132886,13438.47
132885,28471.15
132884,35500.18
132883,59370.86
132882,28914.49
132881,21075.6
132880,27649.6
132879,29260.68
132878,14670.02
132877,30551.22
132876,50929.44
132875,27418.92
132874,16257.38
132873,18805.73
132872,26009.85
132871,27401.73
132870,32459.82
132869,59416.93
132868,28326.31
132867,24976.26
132866,28990.54
132865,30487.77
132864,31307.29
132863,57896.85
132862,62358.3
132861,15571.13
132860,15126.23
132859,13500.9
132858,14860.62
132857,26309.39
132856,38603.96
132855,17044.2
132854,10877.63
132853,12047.52
132852,20821.37
132851,25392.51
132850,33479.52
132849,49302.19
132848,28564.81
132847,916.26
132846,13364.18
132845,12639.85
132844,17631.01
132843,24574.97
132842,34982.47
132841,22302.03
132840,11743.09
132839,13536.33
132838,15413.99
132837,22785.62
132836,35369.67
132835,49745.41
132834,23517.3
132833,17678.05
132832,17309.88
132831,23963.11
132830,24890.31
132829,1392.81
132828,61464.52
132827,26010.38
132826,15597.52
132825,19487.85
132824,24542.16
132823,23738.89
132822,31920.91
132821,57088.5
132820,23131.46
132819,17165.93
132818,18365.14
132817,18166.32
132816,18965.21
132815,36993.02
132814,51841.01
132813,29411.93
132812,21592.21
132811,22300.24
132810,19567.61
132809,25034.6
132808,31896.35
132807,45267.16
132806,30797.54
132805,17834.68
132804,19573.44
132803,19726.25
132802,226.16
132801,30177.06
132800,43110.59
132799,22561.6
132798,28936.55
132797,14377.98
132796,16507.72
132795,19682.27
132794,24530.72
132793,41907.62
132792,23492.32
132791,13244.15
132790,29438.18
132789,23402.22
132788,25010.19
132787,32926.65
132786,42229.92
132785,23563.69
132784,20891.24
132783,25230.28
132782,20990.2
132781,27918.42
132780,37253.06
132779,51291.12
132778,24637.09
132777,13114.54
132776,17076.06
132775,18056.3
132774,17551.51
132773,26410.25
132772,30921.22
132771,23057.04
132770,13057.61
132769,14419.99
132768,13133.3
132767,19192.92
132766,21660.62
132765,30293.65
132764,18160.71
132763,16977.24
