157667,35868.72
157666,51250.91
157665,51035.81
157664,19338.17
157663,14735.89
157662,17918.07
157661,25661.58
157660,1111.13
157659,35429.58
157658,33422.2
157657,15663.51
157656,15136.39
157655,14505.19
157654,25027.03
157653,31454.92
157652,39063.23
157651,33595.44
157650,33602.68
157649,18598.13
157648,22802.53
157647,21736.88
157646,24379.42
157645,43545.18
157644,32514.9
157643,12490.08
157642,16072.35
157641,15293.19
157640,18685.09
157639,33313.67
157638,49166.13
157637,29734.17
157636,19524.93
157635,18074.63
157634,23371.45
157633,22873.36
157632,34269.22
157631,43199.5
157630,27713.33
157629,24534.01
157628,20615.29
157627,27037.78
157626,48546.12
157625,52256.3
157624,77884.98
157623,46670.34
157622,45398.25
157621,34220.35
157620,30455.19
157619,26703.29
157618,37216.15
157617,55441.96
157616,47835.84
157615,21349.03
157614,23557.06
157613,22212.72
157612,20901.43
157611,33435.73
157610,55099.58
157609,35506.85
157608,33825.8
157607,23439.94
157606,21860.02
157605,45007.02
157604,42930.5
157603,65711.68
157602,57391.14
157601,33816.92
157600,42704.97
157599,54150.02
157598,30494.39
157597,37936.0
157596,60643.17
157595,44895.51
157594,21261.98
157593,20851.73
157592,43705.14
157591,37787.15
157590,52282.43
157589,64979.5
157588,58194.31
157587,34873.42
157586,41606.84
157585,45569.89
157584,46343.88
157583,67904.4
157582,83561.64
157581,26376.63
157580,24561.1
157579,23869.37
157578,31926.53
157577,43985.95
157576,48787.47
157575,45518.12
157574,23065.59
157573,27782.48
157572,46636.31
157571,40571.55
157570,54730.13
157569,66315.94
157568,63004.58
157567,1197.18
157566,27168.97
157565,25811.18
157564,34130.93
157563,35224.84
157562,51608.44
157561,42094.64
157560,26894.81
157559,21783.29
157558,23551.13
157557,47757.2
157556,52705.99
157555,65530.46
157554,52178.12
157553,30324.31
157552,34680.62
157551,30504.71
157550,32475.43
157549,961.49
157548,67208.29
157547,44760.91
157546,27231.36
157545,33013.03
157544,31267.52
157543,51991.66
157542,63625.11
157541,94453.47
157540,58620.65
157539,25838.7
157538,28696.92
157537,27548.09
157536,29748.03
157535,60708.92
157534,67681.09
157533,54686.81
157532,37688.99
157531,35624.99
157530,42536.71
157529,37972.94
157528,52503.35
157527,61798.67
157526,66841.77
157525,29164.22
157524,37267.84
157523,37338.77
157522,290.68
157521,50228.49
157520,63326.51
157519,52942.03
157518,61831.07
157517,27146.52
157516,31537.16
157515,39156.11
157514,43021.45
157513,51790.9
157512,46685.1
157511,26011.6
157510,42069.91
157509,41807.0
157508,38396.94
157507,47157.83
157506,62786.16
157505,47157.61
157504,31728.83
157503,33110.79
157502,33743.34
157501,42064.7
157500,55125.65
157499,69312.97
157498,55203.39
157497,25686.93
157496,23227.53
157495,28736.91
157494,31445.08
157493,40888.89
157492,45587.49
157491,48700.81
157490,23293.5
157489,18498.42
157488,24262.09
157487,33563.35
157486,38930.99
157485,47804.03
157484,39579.84
157483,26240.55
