109553,36430.74
109552,66701.53
109551,51910.22
109550,19082.27
109549,19108.61
109548,23314.74
109547,22098.72
109546,1757.34
109545,43899.77
109544,27544.41
109543,14783.82
109542,13679.22
109541,14896.48
109540,31987.93
109539,37305.85
109538,59121.81
109537,49618.41
109536,43459.02
109535,24165.59
109534,27567.35
109533,29350.49
109532,24219.04
109531,32243.74
109530,43346.01
109529,15264.65
109528,16117.91
109527,14599.43
109526,17429.98
109525,28949.07
109524,66930.98
109523,41425.55
109522,18338.9
109521,22012.1
109520,17190.22
109519,21369.84
109518,13599.54
109517,51962.67
109516,34064.24
109515,9034.89
109514,16126.47
109513,19349.25
109512,39080.4
109511,44758.96
109510,80186.3
109509,42476.68
109508,39607.29
109507,17542.78
109506,27679.82
109505,25672.33
109504,37631.53
109503,64380.09
109502,50245.94
109501,20785.57
109500,13253.58
109499,16057.34
109498,21421.19
109497,28688.69
109496,63890.02
109495,38530.4
109494,22773.59
109493,20431.03
109492,20975.98
109491,43210.58
109490,49144.87
109489,102781.43
109488,88002.78
109487,37750.59
109486,55015.01
109485,60021.22
109484,34984.32
109483,46110.32
109482,74771.11
109481,60550.09
109480,22399.53
109479,23033.72
109478,37267.06
109477,35984.8
109476,45659.44
109475,92456.72
109474,71417.66
109473,29314.04
109472,41263.32
109471,41333.37
109470,37246.63
109469,73284.88
109468,89425.81
109467,18946.77
109466,22618.74
109465,21804.61
109464,23466.94
109463,35447.67
109462,76651.98
109461,52523.89
109460,1009.32
109459,22951.13
109458,36504.27
109457,29639.71
109456,42411.59
109455,72856.47
109454,64309.9
109453,22422.49
109452,1090.49
109451,806.46
109450,131.91
109449,38221.06
109448,52710.76
109447,45022.91
109446,799.1
109445,23901.46
109444,28954.62
109443,44900.34
109442,52969.78
109441,92595.83
109440,74327.18
109439,35429.13
109438,35183.29
109437,44512.06
109436,38420.83
109435,53499.95
109434,84862.03
109433,62877.65
109432,27536.61
109431,27798.29
109430,26953.82
109429,42922.34
109428,47286.78
109427,84714.79
109426,58627.28
109425,20642.98
109424,26265.26
109423,29277.47
109422,28984.9
109421,56539.48
109420,85699.17
109419,75034.29
109418,36604.55
109417,43650.67
109416,44707.44
109415,38338.91
109414,51212.34
109413,77137.41
109412,74514.03
109411,31515.21
109410,36856.73
109409,32631.86
109408,46730.34
109407,58215.27
109406,77643.21
109405,66123.73
109404,80607.19
109403,33308.53
109402,34031.82
109401,38846.4
109400,45398.03
109399,58828.29
109398,63834.17
109397,32505.44
109396,36646.74
109395,44567.91
109394,45312.57
109393,49196.8
109392,75690.02
109391,66315.61
109390,41317.6
109389,38043.5
109388,40770.24
109387,49479.44
109386,59449.98
109385,71745.61
109384,51275.75
109383,26619.33
109382,31759.61
109381,29845.99
109380,36634.1
109379,45328.66
109378,50319.84
109377,51364.38
109376,24833.06
109375,27123.79
109374,30150.99
109373,31821.32
109372,33155.7
109371,49041.62
109370,35352.05
109369,25586.42
