147310,19862.39
147309,30618.74
147308,31022.11
147307,11788.97
147306,15114.3
147305,14087.78
147304,16163.57
147303,307.17
147302,22918.59
147301,23756.45
147300,13442.25
147299,14336.5
147298,11394.87
147297,20305.59
147296,28029.04
147295,32742.41
147294,22351.19
147293,25933.77
147292,13502.83
147291,17045.36
147290,19363.81
147289,18473.43
147288,31750.6
147287,26795.22
147286,10464.8
147285,11444.86
147284,14788.8
147283,13947.47
147282,21803.18
147281,39651.71
147280,18324.92
147279,15206.27
147278,18880.1
147277,20058.6
147276,22054.85
147275,24038.41
147274,30927.48
147273,18859.4
147272,14991.64
147271,17881.24
147270,20093.84
147269,35577.59
147268,46082.05
147267,60908.75
147266,35200.4
147265,34106.08
147264,16390.19
147263,24316.79
147262,18986.26
147261,30525.41
147260,39813.74
147259,34025.66
147258,17151.02
147257,15389.69
147256,18229.01
147255,17668.63
147254,26656.45
147253,37309.88
147252,24981.29
147251,26740.13
147250,18921.62
147249,15981.63
147248,39861.61
147247,38776.71
147246,41528.46
147245,40940.4
147244,28344.51
147243,32478.26
147242,40601.93
147241,21963.43
147240,29781.51
147239,41321.82
147238,30823.77
147237,16768.56
147236,15114.53
147235,35479.78
147234,27115.32
147233,40831.13
147232,46003.25
147231,37649.42
147230,24046.45
147229,27850.3
147228,33723.52
147227,34283.33
147226,49618.77
147225,54422.54
147224,21310.78
147223,16724.25
147222,21580.77
147221,25854.35
147220,30518.59
147219,34971.99
147218,33143.98
147217,0.0
147216,24990.65
147215,33573.03
147214,31668.98
147213,43543.05
147212,51297.19
147211,50841.92
147210,17387.79
147209,15519.99
147208,21320.23
147207,26356.79
147206,27432.46
147205,34520.96
147204,35703.49
147203,19431.43
147202,20638.35
147201,20749.06
147200,38368.26
147199,38819.97
147198,45785.84
147197,33430.22
147196,23530.29
147195,24036.99
147194,26890.32
147193,28115.52
147192,56003.61
147191,35020.87
147190,21472.16
147189,25646.13
147188,22645.58
147187,36795.5
147186,43130.16
147185,71045.85
147184,47339.17
147183,18764.75
147182,22078.97
147181,24293.81
147180,26071.74
147179,47055.06
147178,47188.6
147177,40227.02
147176,26446.03
147175,29834.95
147174,33958.69
147173,33233.49
147172,34753.32
147171,46709.8
147170,47441.05
147169,18581.16
147168,18308.08
147167,24232.12
147166,38693.64
147165,45480.21
147164,41397.16
147163,45177.6
147162,28787.59
147161,28920.91
147160,31328.6
147159,34678.06
147158,41232.61
147157,33118.06
147156,21113.73
147155,36672.11
147154,33401.02
147153,32909.61
147152,37739.11
147151,44177.33
147150,36958.5
147149,25186.7
147148,25519.63
147147,28406.99
147146,34316.65
147145,42942.24
147144,52842.73
147143,39368.49
147142,18194.51
147141,20534.19
147140,18023.62
147139,24399.66
147138,34174.79
147137,32804.35
147136,37811.52
147135,11453.02
147134,10715.45
147133,19705.63
147132,23967.85
147131,32243.9
147130,34884.5
147129,29313.54
147128,19997.51
