174908,32306.98
174907,42783.53
174906,39983.86
174905,14725.98
174904,12753.67
174903,12461.2
174902,15318.03
174901,1257.05
174900,34260.71
174899,25153.78
174898,11671.62
174897,13469.46
174896,13255.67
174895,20964.24
174894,25378.88
174893,37384.93
174892,29543.57
174891,27190.28
174890,18405.56
174889,16714.66
174888,12643.77
174887,15820.27
174886,35116.8
174885,27301.43
174884,9860.96
174883,13471.57
174882,13817.68
174881,13504.33
174880,25381.76
174879,33616.71
174878,26312.86
174877,15484.11
174876,14776.98
174875,18666.04
174874,19323.8
174873,22848.98
174872,40782.11
174871,22766.18
174870,13902.6
174869,14142.38
174868,20532.38
174867,34544.34
174866,36616.09
174865,68072.45
174864,43452.53
174863,27185.44
174862,20554.11
174861,26120.14
174860,21175.12
174859,32293.64
174858,51461.1
174857,37753.11
174856,14457.91
174855,12138.56
174854,19897.5
174853,16750.76
174852,28571.2
174851,46684.67
174850,31292.96
174849,23183.81
174848,21391.09
174847,18806.11
174846,41432.79
174845,38738.59
174844,61083.11
174843,51446.05
174842,28920.53
174841,23858.49
174840,38905.97
174839,25570.91
174838,34184.07
174837,56343.09
174836,40234.55
174835,26841.53
174834,21941.96
174833,39599.46
174832,35044.93
174831,43844.92
174830,62496.53
174829,43964.61
174828,21153.21
174827,26422.83
174826,31307.72
174825,25792.03
174824,58586.22
174823,74629.8
174822,17617.96
174821,14974.78
174820,16818.52
174819,24236.0
174818,27100.56
174817,48593.26
174816,35281.62
174815,678.05
174814,15388.39
174813,27650.23
174812,29108.67
174811,35437.19
174810,61305.47
174809,48706.69
174808,16339.21
174807,745.15
174806,354.72
174805,90.94
174804,26760.72
174803,38987.64
174802,29470.58
174801,469.49
174800,17053.4
174799,17043.61
174798,37696.39
174797,37712.58
174796,56456.29
174795,46659.91
174794,21791.05
174793,23060.65
174792,29038.35
174791,28603.46
174790,32554.04
174789,71357.94
174788,49240.9
174787,22233.25
174786,25437.14
174785,27456.57
174784,32263.94
174783,38027.12
174782,80274.01
174781,46200.28
174780,24153.11
174779,22542.32
174778,25619.44
174777,19937.2
174776,48176.31
174775,68617.39
174774,42682.55
174773,23808.12
174772,27380.94
174771,29921.12
174770,26096.4
174769,38263.15
174768,60818.48
174767,50632.2
174766,20919.61
174765,19511.77
174764,18703.37
174763,30380.49
174762,39903.57
174761,57503.31
174760,41188.14
174759,61864.47
174758,17714.0
174757,21971.92
174756,28644.34
174755,40153.45
174754,57422.43
174753,41288.73
174752,21328.79
174751,32146.69
174750,37253.99
174749,27625.03
174748,39528.67
174747,59557.81
174746,41103.0
174745,24469.93
174744,32137.22
174743,29238.46
174742,38030.4
174741,47535.12
174740,67580.48
174739,47745.19
174738,21498.73
174737,22845.89
174736,20224.01
174735,26308.38
174734,37556.8
174733,42221.07
174732,46823.8
174731,21238.7
174730,15351.67
174729,24915.23
174728,30579.91
174727,34116.18
174726,39571.69
174725,30171.44
174724,26618.73
