25892,41859.12
25891,58757.04
25890,29550.84
25889,14684.84
25888,18133.43
25887,18838.65
25886,12715.31
25885,2237.1
25884,25208.87
25883,19777.04
25882,11641.3
25881,13173.57
25880,17619.66
25879,20587.89
25878,28737.41
25877,49627.16
25876,26668.94
25875,40343.78
25874,20139.23
25873,26326.49
25872,25055.39
25871,26075.45
25870,52920.86
25869,25671.7
25868,15040.38
25867,15053.83
25866,17593.63
25865,17657.87
25864,33757.37
25863,63463.8
25862,33805.43
25861,18471.97
25860,19250.7
25859,21417.36
25858,22867.67
25857,39313.73
25856,53512.22
25855,13374.33
25854,14974.1
25853,20662.7
25852,22051.65
25851,43597.2
25850,68996.28
25849,94586.23
25848,44566.28
25847,54798.86
25846,33511.56
25845,33288.3
25844,28599.51
25843,52813.26
25842,77659.73
25841,41169.41
25840,18748.49
25839,22556.91
25838,21044.18
25837,19343.68
25836,36685.41
25835,63977.13
25834,32381.38
25833,23431.45
25832,21828.17
25831,19330.31
25830,45796.46
25829,58022.54
25828,99477.75
25827,47106.58
25826,40753.44
25825,42470.14
25824,51668.89
25823,34799.44
25822,47374.31
25821,72165.55
25820,43724.37
25819,21476.31
25818,21656.51
25817,43012.69
25816,31541.31
25815,51034.44
25814,95145.2
25813,50838.56
25812,36537.74
25811,43162.85
25810,47613.07
25809,42896.46
25808,70821.23
25807,75832.04
25806,37188.9
25805,29353.68
25804,28362.79
25803,29068.94
25802,39703.29
25801,63308.96
25800,35255.91
25799,942.27
25798,17098.06
25797,34720.36
25796,29152.38
25795,52292.97
25794,80214.08
25793,51026.17
25792,22135.26
25791,24386.97
25790,25335.0
25789,25512.84
25788,38827.82
25787,73025.58
25786,35387.41
25785,24772.85
25784,24212.58
25783,28148.54
25782,49056.8
25781,54500.58
25780,84545.64
25779,47832.13
25778,36393.76
25777,37420.0
25776,38530.43
25775,37965.5
25774,1980.9
25773,91833.31
25772,35450.63
25771,33115.29
25770,33325.34
25769,40837.63
25768,52862.44
25767,69767.7
25766,96618.49
25765,48025.77
25764,31122.54
25763,29408.43
25762,22208.34
25761,29143.99
25760,58618.16
25759,85532.56
25758,47120.79
25757,39258.15
25756,38422.5
25755,50484.49
25754,41705.88
25753,59137.9
25752,86882.63
25751,59998.64
25750,32635.9
25749,35114.1
25748,36385.39
25747,946.28
25746,52934.75
25745,64974.2
25744,34847.06
25743,46425.8
25742,27949.73
25741,31149.06
25740,38678.43
25739,49439.66
25738,66015.18
25737,37541.91
25736,36050.17
25735,61630.06
25734,60306.88
25733,60663.36
25732,63484.71
25731,76047.2
25730,46047.54
25729,41605.55
25728,41605.72
25727,45000.25
25726,54243.32
25725,60556.17
25724,71548.45
25723,42580.03
25722,26669.04
25721,30660.19
25720,36847.4
25719,35285.13
25718,45935.1
25717,46378.71
25716,37086.85
25715,30953.95
25714,24338.77
25713,33904.77
25712,40080.78
25711,41384.63
25710,41283.01
25709,20282.4
25708,20953.44
