110514,36358.23
110513,58415.4
110512,54662.36
110511,16525.15
110510,25128.26
110509,19305.69
110508,20651.81
110507,820.95
110506,40571.98
110505,33295.56
110504,17620.94
110503,19605.8
110502,17890.3
110501,31065.75
110500,35076.4
110499,43940.34
110498,39350.63
110497,36436.92
110496,23634.04
110495,23372.24
110494,24506.44
110493,25037.82
110492,49259.84
110491,44581.65
110490,18274.97
110489,16761.19
110488,20473.29
110487,19460.84
110486,32700.0
110485,51723.8
110484,32642.44
110483,19724.87
110482,19008.97
110481,24719.46
110480,30710.96
110479,32842.71
110478,44443.12
110477,27317.56
110476,22364.18
110475,24737.71
110474,25065.82
110473,54177.47
110472,53048.64
110471,86659.41
110470,49448.34
110469,59598.76
110468,29295.66
110467,36283.94
110466,24967.07
110465,39969.76
110464,62607.16
110463,61258.48
110462,23860.15
110461,25635.1
110460,27239.56
110459,24095.32
110458,38295.81
110457,54567.94
110456,44307.88
110455,41600.8
110454,27189.46
110453,24957.73
110452,56926.07
110451,61159.55
110450,77267.23
110449,74575.07
110448,43630.34
110447,49836.7
110446,77280.26
110445,35963.0
110444,44073.76
110443,64483.23
110442,65859.64
110441,25304.96
110440,25196.68
110439,42725.66
110438,37460.35
110437,52588.41
110436,69302.46
110435,60103.53
110434,39319.34
110433,48627.79
110432,57519.03
110431,40802.34
110430,54044.5
110429,75201.84
110428,29538.05
110427,17438.86
110426,25383.51
110425,27477.56
110424,34119.57
110423,55149.93
110422,49076.15
110421,589.42
110420,26951.21
110419,48430.53
110418,38320.9
110417,47104.24
110416,65644.54
110415,63592.85
110414,25602.17
110413,25698.7
110412,29377.32
110411,32476.87
110410,36300.0
110409,54061.73
110408,47644.19
110407,23450.55
110406,26585.53
110405,29760.75
110404,60253.47
110403,51720.66
110402,75345.65
110401,59195.75
110400,40127.79
110399,46618.7
110398,41095.62
110397,37245.27
110396,1182.95
110395,78059.67
110394,50232.12
110393,36679.88
110392,33183.88
110391,39844.9
110390,51511.69
110389,53546.12
110388,84574.47
110387,66319.13
110386,31356.38
110385,26483.02
110384,23052.61
110383,31537.46
110382,66730.35
110381,82049.56
110380,71677.38
110379,48311.44
110378,40002.21
110377,43776.74
110376,44324.06
110375,46001.31
110374,77893.81
110373,75169.33
110372,26512.72
110371,26929.74
110370,27794.96
110369,600.94
110368,49838.9
110367,60934.76
110366,56306.01
110365,77044.29
110364,31315.64
110363,28824.62
110362,38701.01
110361,43912.14
110360,58531.15
110359,54775.44
110358,27474.2
110357,46046.9
110356,51127.04
110355,49501.15
110354,47713.71
110353,76187.15
110352,66599.41
110351,44330.29
110350,48739.38
110349,42179.91
110348,46830.32
110347,59363.58
110346,70712.72
110345,58483.06
110344,23349.19
110343,27815.95
110342,30952.18
110341,32145.82
110340,41249.5
110339,51292.38
110338,56186.51
110337,22497.99
110336,17020.04
110335,29924.79
110334,30313.43
110333,32135.23
110332,44432.58
110331,41470.29
110330,30317.2
