35291,25539.84
35290,53172.49
35289,47735.54
35288,16466.11
35287,16322.75
35286,18991.99
35285,19664.14
35284,701.94
35283,33801.72
35282,19002.84
35281,12878.8
35280,11303.37
35279,14232.06
35278,27511.29
35277,33758.09
35276,46556.39
35275,31055.56
35274,20807.18
35273,15595.84
35272,22851.89
35271,27002.84
35270,24677.84
35269,46680.72
35268,37615.03
35267,13934.21
35266,13307.85
35265,17778.05
35264,19242.19
35263,31530.59
35262,51214.88
35261,35343.21
35260,19940.82
35259,20497.99
35258,20647.01
35257,23619.68
35256,31523.52
35255,43185.83
35254,27689.07
35253,15215.27
35252,14143.43
35251,19608.27
35250,40726.62
35249,49854.3
35248,75356.99
35247,57582.37
35246,46166.55
35245,21697.65
35244,32000.8
35243,23978.13
35242,36253.33
35241,59686.91
35240,50039.56
35239,20269.99
35238,24454.83
35237,21817.89
35236,14558.87
35235,33665.63
35234,49771.0
35233,38298.34
35232,27878.27
35231,19866.78
35230,15303.35
35229,56757.21
35228,55034.42
35227,83256.14
35226,68465.7
35225,40728.46
35224,54784.77
35223,71745.02
35222,31319.73
35221,39890.8
35220,64959.12
35219,58456.89
35218,22491.72
35217,22757.62
35216,41781.3
35215,36798.99
35214,51221.14
35213,76731.53
35212,53756.6
35211,39523.75
35210,40714.35
35209,55223.69
35208,39826.7
35207,60581.92
35206,87986.3
35205,19139.6
35204,27172.37
35203,22488.32
35202,26762.09
35201,32827.43
35200,50055.09
35199,39073.38
35198,710.89
35197,19119.86
35196,30452.46
35195,35015.4
35194,40290.33
35193,56741.81
35192,48983.63
35191,17334.61
35190,244.05
35189,79.66
35188,35.94
35187,34314.67
35186,54878.17
35185,35758.63
35184,662.39
35183,21239.29
35182,25216.81
35181,60893.63
35180,56071.14
35179,74991.09
35178,60119.32
35177,37004.87
35176,42420.51
35175,45249.74
35174,41078.73
35173,50474.3
35172,86467.22
35171,48210.53
35170,25024.04
35169,28834.28
35168,32273.46
35167,55418.1
35166,59896.08
35165,83271.79
35164,46357.63
35163,24242.01
35162,25323.26
35161,30792.55
35160,34592.62
35159,59109.03
35158,70944.8
35157,63897.11
35156,38806.93
35155,39659.12
35154,49655.33
35153,37572.65
35152,53639.23
35151,71861.8
35150,65108.85
35149,22871.46
35148,34758.66
35147,36134.4
35146,51391.46
35145,60247.19
35144,75384.06
35143,62097.71
35142,61682.69
35141,32151.19
35140,36685.76
35139,42256.97
35138,48064.67
35137,56337.52
35136,49758.39
35135,26084.29
35134,51522.05
35133,51383.65
35132,47719.61
35131,49420.24
35130,70342.22
35129,60548.29
35128,42828.27
35127,40240.8
35126,44343.77
35125,53350.5
35124,64910.58
35123,76804.25
35122,52859.37
35121,30863.39
35120,48787.05
35119,33325.2
35118,40684.52
35117,51989.29
35116,51212.52
35115,55191.26
35114,30634.03
35113,23837.71
35112,22394.93
35111,35932.15
35110,43398.05
35109,44014.09
35108,35311.01
35107,27575.4
