8608,33048.81
8607,50824.61
8606,48021.5
8605,13813.09
8604,15479.83
8603,16243.96
8602,15113.95
8601,583.7
8600,30422.54
8599,23279.22
8598,11428.18
8597,11528.54
8596,10469.55
8595,31298.49
8594,31202.44
8593,44174.93
8592,24644.62
8591,26374.37
8590,21245.99
8589,20516.08
8588,22360.63
8587,25768.88
8586,40122.59
8585,34849.61
8584,15078.01
8583,11679.59
8582,18338.27
8581,14807.1
8580,32602.1
8579,45586.09
8578,31031.72
8577,17785.81
8576,14830.53
8575,22629.7
8574,21982.5
8573,32547.16
8572,44075.54
8571,26026.4
8570,17885.38
8569,13754.05
8568,17185.17
8567,51169.31
8566,59022.07
8565,75925.86
8564,34189.99
8563,37030.62
8562,27212.68
8561,33874.61
8560,24895.06
8559,36777.51
8558,59428.21
8557,44760.37
8556,16413.55
8555,16404.35
8554,3991.83
8553,14017.66
8552,33279.99
8551,57280.12
8550,39179.54
8549,31305.73
8548,18164.53
8547,20132.36
8546,46109.04
8545,64944.62
8544,78205.05
8543,64748.87
8542,42273.45
8541,48188.29
8540,62067.99
8539,34440.76
8538,43919.42
8537,65184.51
8536,54849.92
8535,20227.99
8534,21559.09
8533,40796.65
8532,41206.97
8531,53507.58
8530,81315.4
8529,53011.08
8528,37921.48
8527,44352.19
8526,52618.81
8525,36022.96
8524,57986.11
8523,71840.97
8522,22743.49
8521,22382.49
8520,18774.61
8519,25783.85
8518,33395.38
8517,47160.51
8516,36013.29
8515,638.74
8514,19343.12
8513,27325.69
8512,32649.01
8511,41589.92
8510,63029.61
8509,47742.01
8508,19543.94
8507,1312.91
8506,994.36
8505,489.29
8504,29153.34
8503,40603.85
8502,35189.04
8501,1331.09
8500,18680.49
8499,21100.66
8498,52172.29
8497,57453.76
8496,76895.94
8495,50492.35
8494,33388.41
8493,29365.92
8492,33623.36
8491,30678.58
8490,47627.78
8489,75727.64
8488,38804.87
8487,25758.36
8486,26919.51
8485,28028.19
8484,41420.34
8483,49215.15
8482,73524.32
8481,40096.09
8480,20187.29
8479,17693.22
8478,25051.5
8477,23943.3
8476,49389.5
8475,67443.44
8474,56406.73
8473,33186.23
8472,38028.54
8471,33307.39
8470,35458.31
8469,43079.95
8468,59109.14
8467,52418.36
8466,26548.06
8465,31073.57
8464,28703.65
8463,44386.41
8462,50752.57
8461,68941.9
8460,47561.51
8459,50284.2
8458,24042.49
8457,30426.04
8456,35926.23
8455,43284.41
8454,52704.68
8453,43284.29
8452,24360.44
8451,45870.14
8450,46547.3
8449,48712.32
8448,59226.43
8447,64548.29
8446,49101.9
8445,40629.24
8444,40344.38
8443,44849.32
8442,50567.95
8441,57807.41
8440,66566.61
8439,43805.35
8438,22825.16
8437,26476.45
8436,22588.61
8435,31904.7
8434,41773.28
8433,40160.55
8432,49417.33
8431,24591.25
8430,16930.79
8429,22687.57
8428,31603.7
8427,32379.2
8426,36720.81
8425,28955.88
8424,19886.75
