136581,38368.34
136580,54661.97
136579,39813.49
136578,17739.07
136577,19566.54
136576,15331.43
136575,16166.37
136574,1083.07
136573,37892.12
136572,30609.9
136571,16390.1
136570,17913.42
136569,16192.4
136568,30998.48
136567,27211.81
136566,49886.78
136565,32752.36
136564,32329.25
136563,22679.66
136562,18730.61
136561,24640.4
136560,25201.52
136559,53527.64
136558,33885.67
136557,14681.33
136556,19160.63
136555,15171.12
136554,15971.88
136553,35149.66
136552,51732.38
136551,31822.03
136550,22247.96
136549,19803.44
136548,24042.01
136547,25686.29
136546,40506.5
136545,50319.87
136544,32892.29
136543,21949.66
136542,22544.75
136541,35711.13
136540,48500.71
136539,63514.58
136538,92896.42
136537,51931.89
136536,41137.66
136535,30881.74
136534,31202.44
136533,25467.66
136532,42937.36
136531,68135.93
136530,43437.83
136529,24719.93
136528,21434.45
136527,26364.8
136526,25579.07
136525,40960.08
136524,56434.15
136523,38402.21
136522,28740.79
136521,20035.78
136520,25379.17
136519,50476.47
136518,52161.33
136517,82717.01
136516,57135.1
136515,34901.81
136514,44410.98
136513,51975.97
136512,32558.65
136511,40544.78
136510,59356.99
136509,52177.85
136508,21530.31
136507,28658.29
136506,42449.94
136505,40727.15
136504,53538.5
136503,77051.22
136502,57742.16
136501,39779.5
136500,44648.1
136499,44749.46
136498,36133.72
136497,64141.75
136496,86367.54
136495,25162.43
136494,21978.41
136493,29877.86
136492,30071.25
136491,40965.04
136490,53601.14
136489,44613.3
136488,137.94
136487,25696.09
136486,43023.17
136485,42827.37
136484,51465.71
136483,79186.18
136482,62671.94
136481,21402.02
136480,1024.21
136479,836.31
136478,184.35
136477,36591.66
136476,55698.33
136475,35417.11
136474,1824.66
136473,18541.49
136472,21722.73
136471,38070.52
136470,46449.53
136469,66971.77
136468,43204.05
136467,26909.83
136466,30676.24
136465,34369.0
136464,37509.97
136463,48748.21
136462,79248.65
136461,42758.55
136460,27044.4
136459,30273.97
136458,24231.42
136457,44240.34
136456,55579.09
136455,89905.55
136454,48075.72
136453,20949.2
136452,22510.55
136451,23122.4
136450,28305.38
136449,53842.22
136448,67580.8
136447,47806.96
136446,26852.74
136445,26461.11
136444,32920.36
136443,34005.64
136442,39896.94
136441,66414.52
136440,50267.55
136439,24337.12
136438,20856.94
136437,23987.98
136436,29431.19
136435,46514.34
136434,59596.83
136433,42452.23
136432,48474.96
136431,20940.6
136430,22229.66
136429,30158.46
136428,39155.71
136427,58189.1
136426,37012.51
136425,18165.56
136424,35685.02
136423,25129.24
136422,29414.72
136421,48220.47
136420,72273.81
136419,48430.98
136418,32575.57
136417,31952.88
136416,31716.21
136415,34060.31
136414,44702.33
136413,59641.04
136412,44534.57
136411,20628.45
136410,24219.89
136409,23627.18
136408,23817.9
136407,40600.13
136406,45041.84
136405,37732.19
136404,20269.32
136403,16943.72
136402,22616.77
136401,26646.46
136400,32153.81
136399,48972.74
136398,29530.77
136397,26774.1
