40666,50024.41
40665,88554.87
40664,89309.67
40663,32838.72
40662,35951.98
40661,37337.5
40660,39926.34
40659,3029.01
40658,61430.69
40657,53154.2
40656,27908.18
40655,29923.19
40654,29312.32
40653,57712.88
40652,57915.35
40651,81958.09
40650,61825.75
40649,68171.84
40648,47437.2
40647,57390.96
40646,67437.03
40645,60377.39
40644,196.34
40643,19385.05
40642,25342.56
40641,25678.8
40640,25916.45
40639,31899.92
40638,50274.05
40637,82700.21
40636,56384.94
40635,28223.25
40634,32181.16
40633,33295.39
40632,43231.06
40631,42910.31
40630,71588.73
40629,56094.13
40628,33581.86
40627,27221.22
40626,35927.0
40625,79754.66
40624,92464.78
40623,131978.6
40622,85283.01
40621,43698.07
40620,44732.93
40619,64374.06
40618,42219.53
40617,68790.25
40616,99012.45
40615,79708.92
40614,34806.59
40613,32245.86
40612,31918.53
40611,36080.55
40610,57644.48
40609,90882.72
40608,56315.86
40607,46109.5
40606,34453.57
40605,36261.98
40604,86053.11
40603,77565.43
40602,127858.1
40601,104145.71
40600,64183.59
40599,76009.03
40598,113258.75
40597,67966.15
40596,69263.6
40595,108101.37
40594,95809.5
40593,29920.67
40592,33456.42
40591,72650.81
40590,64548.25
40589,77384.72
40588,125787.34
40587,85442.81
40586,66864.27
40585,75185.83
40584,91290.64
40583,73861.68
40582,104935.95
40581,152969.3
40580,-82.79
40579,47578.07
40578,38960.58
40577,44495.07
40576,52224.29
40575,57666.11
40574,85887.1
40573,37393.02
40572,1289.23
40571,34243.62
40570,54869.86
40569,63547.58
40568,66976.99
40567,89751.07
40566,101805.52
40565,34677.36
40564,40813.46
40563,40166.2
40562,47155.01
40561,56863.94
40560,88437.89
40559,80389.85
40558,42925.52
40557,46500.66
40556,45291.36
40555,91571.72
40554,97190.72
40553,133676.81
40552,97447.97
40551,60847.65
40550,68941.49
40549,72858.63
40548,72138.95
40547,2240.35
40546,143448.69
40545,74472.43
40544,51588.69
40543,58467.94
40542,58288.6
40541,81558.3
40540,93200.38
40539,151857.16
40538,97427.09
40537,38073.05
40536,40009.21
40535,41958.79
40534,49268.04
40533,89253.38
40532,115458.83
40531,88240.7
40530,60111.38
40529,61600.61
40528,73547.83
40527,68908.5
40526,89616.6
40525,115265.31
40524,125487.2
40523,45520.17
40522,57728.62
40521,67782.64
40520,1030.61
40519,108463.07
40518,124425.2
40517,99978.99
40516,125491.08
40515,55072.46
40514,57797.37
40513,69428.05
40512,78337.14
40511,109438.05
40510,94820.05
40509,51454.37
40508,91311.45
40507,74917.64
40506,75656.93
40505,83368.01
40504,131922.38
40503,108826.23
40502,67148.24
40501,70050.47
40500,75048.67
40499,89002.69
40498,107858.77
40497,141136.81
40496,117131.34
40495,51219.53
40494,54419.17
40493,52657.22
40492,61900.44
40491,90086.95
40490,85126.13
40489,96653.47
40488,50516.44
40487,39539.15
40486,51097.09
40485,61938.91
40484,63536.62
40483,79361.3
40482,60411.01
40481,48873.24
