156899,28202.18
156898,36431.73
156897,24877.85
156896,6996.83
156895,8184.49
156894,8715.85
156893,10598.07
156892,417.57
156891,26956.0
156890,12370.37
156889,7404.11
156888,6730.09
156887,5956.25
156886,10992.47
156885,18145.64
156884,12725.04
156883,23918.36
156882,16642.85
156881,11712.51
156880,10219.7
156879,13215.16
156878,12006.26
156877,25703.09
156876,19196.53
156875,7732.61
156874,7326.59
156873,8152.69
156872,9301.2
156871,16697.73
156870,31972.02
156869,23204.1
156868,11700.59
156867,12074.5
156866,10253.1
156865,15086.96
156864,9113.69
156863,32603.32
156862,20614.12
156861,7997.58
156860,8604.93
156859,13222.38
156858,28879.97
156857,31211.12
156856,54338.16
156855,32920.74
156854,29855.76
156853,11480.78
156852,17878.47
156851,14271.82
156850,27809.9
156849,35429.2
156848,28043.8
156847,15161.45
156846,14415.03
156845,10132.06
156844,12486.04
156843,20685.21
156842,36156.78
156841,20443.39
156840,16213.97
156839,11659.25
156838,7919.2
156837,24291.62
156836,26169.82
156835,51198.32
156834,37639.33
156833,18363.11
156832,24643.83
156831,31255.53
156830,20310.14
156829,23977.19
156828,41126.72
156827,33707.64
156826,9085.06
156825,11306.0
156824,23295.61
156823,20069.01
156822,24609.79
156821,51079.3
156820,40839.81
156819,17120.33
156818,18157.14
156817,20482.45
156816,17837.45
156815,23370.4
156814,48772.03
156813,13660.72
156812,11870.24
156811,13836.45
156810,14831.28
156809,18418.5
156808,39475.09
156807,26903.43
156806,506.55
156805,11136.09
156804,18756.44
156803,19939.95
156802,23838.65
156801,45381.15
156800,38139.03
156799,10750.39
156798,10769.55
156797,11999.32
156796,14065.16
156795,20311.71
156794,40980.88
156793,30811.87
156792,15835.73
156791,18835.53
156790,16081.23
156789,24370.67
156788,35897.18
156787,54569.12
156786,31010.69
156785,21897.98
156784,15560.35
156783,24813.76
156782,24314.5
156781,333.72
156780,39304.48
156779,31911.51
156778,14408.78
156777,18376.81
156776,14899.92
156775,25011.0
156774,25982.78
156773,50622.43
156772,35811.08
156771,11177.92
156770,10280.14
156769,13195.69
156768,14129.08
156767,32498.78
156766,36739.1
156765,39608.72
156764,18965.89
156763,23076.33
156762,22230.8
156761,23257.34
156760,26604.78
156759,37288.62
156758,39470.81
156757,16237.81
156756,13180.25
156755,14178.12
156754,453.2
156753,34905.87
156752,37020.14
156751,32951.17
156750,39890.58
156749,16064.61
156748,17111.44
156747,20057.32
156746,27223.25
156745,29497.0
156744,33433.06
156743,16370.22
156742,25922.98
156741,27649.69
156740,25242.14
156739,26734.75
156738,36815.56
156737,29536.74
156736,18850.98
156735,17891.88
156734,21080.27
156733,21491.15
156732,22645.09
156731,28662.57
156730,21864.67
156729,16952.53
156728,17629.51
156727,17709.16
156726,20935.26
156725,22801.13
156724,25169.09
156723,28097.92
156722,12036.27
156721,12486.78
156720,15812.98
156719,16981.72
156718,18832.92
156717,26657.19
156716,20947.86
156715,14983.91
