150373,14504.77
150372,30305.73
150371,23184.84
150370,5969.67
150369,8618.33
150368,7355.19
150367,9982.9
150366,1160.51
150365,21441.97
150364,15724.68
150363,6223.3
150362,7484.86
150361,7968.67
150360,15431.04
150359,16098.37
150358,27676.34
150357,18179.86
150356,21709.68
150355,11646.2
150354,11074.56
150353,10167.38
150352,11563.49
150351,30136.53
150350,14819.74
150349,7161.12
150348,7948.32
150347,10370.15
150346,9331.01
150345,17492.31
150344,28880.27
150343,17916.71
150342,11497.87
150341,9384.12
150340,14909.67
150339,13137.11
150338,16316.34
150337,22180.33
150336,13126.49
150335,10607.07
150334,16290.91
150333,12601.74
150332,23586.28
150331,25711.56
150330,47643.87
150329,25881.95
150328,13362.27
150327,17476.87
150326,18751.86
150325,11904.04
150324,24533.06
150323,37511.7
150322,23991.8
150321,8058.13
150320,3902.07
150319,9424.14
150318,11839.19
150317,20365.36
150316,32715.83
150315,18926.37
150314,14879.97
150313,12786.59
150312,12642.47
150311,23108.89
150310,32724.37
150309,46400.14
150308,32178.38
150307,18788.39
150306,15428.76
150305,19634.11
150304,10487.49
150303,23275.89
150302,37360.72
150301,26957.42
150300,15030.52
150299,13540.87
150298,23827.85
150297,24908.31
150296,28063.96
150295,62851.3
150294,33128.15
150293,22745.87
150292,26684.41
150291,26391.32
150290,29002.43
150289,55810.87
150288,48422.58
150287,-28.74
150286,14161.88
150285,13925.75
150284,11676.48
150283,16138.75
150282,19206.57
150281,30309.72
150280,20013.83
150279,733.14
150278,12959.2
150277,24578.86
150276,26744.3
150275,40555.24
150274,46726.26
150273,31469.95
150272,11282.18
150271,786.93
150270,336.11
150269,251.95
150268,19650.56
150267,35835.29
150266,23476.43
150265,711.93
150264,16044.3
150263,12638.74
150262,26714.49
150261,30218.7
150260,45797.7
150259,20313.0
150258,14932.2
150257,18719.22
150256,18869.71
150255,19073.03
150254,27717.92
150253,41244.6
150252,20958.98
150251,13915.86
150250,21564.21
150249,21053.25
150248,27569.03
150247,38914.98
150246,52077.55
150245,24727.32
150244,16876.38
150243,16774.66
150242,18512.4
150241,20263.74
150240,35006.63
150239,46430.11
150238,32745.06
150237,22718.31
150236,22653.85
150235,21688.04
150234,20708.24
150233,29294.52
150232,47191.99
150231,34582.82
150230,15484.44
150229,16667.27
150228,19009.46
150227,21699.29
150226,32947.69
150225,42116.84
150224,30496.52
150223,32357.53
150222,14398.56
150221,12299.07
150220,18570.01
150219,19523.09
150218,30425.2
150217,26484.37
150216,14835.44
150215,21139.6
150214,19697.83
150213,20809.26
150212,24168.89
150211,41357.54
150210,26526.76
150209,18220.83
150208,19230.37
150207,21084.78
150206,27809.14
150205,35455.65
150204,46313.34
150203,23182.15
150202,12896.42
150201,12742.26
150200,14610.41
150199,17155.08
150198,23492.75
150197,26346.29
150196,27344.89
150195,9994.08
150194,7746.0
150193,12366.93
150192,17944.38
150191,19741.83
150190,34138.68
150189,23541.22
150188,16239.12
