73513,41329.41
73512,67225.83
73511,58505.96
73510,17198.6
73509,19484.39
73508,23989.75
73507,24520.69
73506,1237.54
73505,50775.33
73504,28675.54
73503,21479.74
73502,22754.29
73501,21170.91
73500,37699.1
73499,45276.86
73498,56481.22
73497,35051.54
73496,43313.13
73495,23394.57
73494,29740.22
73493,28802.76
73492,33690.41
73491,66453.24
73490,50374.92
73489,14907.34
73488,16913.48
73487,21106.53
73486,23069.37
73485,37934.5
73484,68183.15
73483,50745.37
73482,25576.7
73481,12796.22
73480,22272.67
73479,31146.54
73478,35400.13
73477,62927.3
73476,40466.61
73475,22497.06
73474,20279.01
73473,26242.93
73472,59308.36
73471,68093.92
73470,117601.62
73469,66549.39
73468,63937.77
73467,35262.7
73466,44893.05
73465,32341.12
73464,47280.44
73463,86093.8
73462,69832.15
73461,26765.98
73460,25512.35
73459,27803.72
73458,21910.85
73457,43477.44
73456,66688.92
73455,47728.59
73454,40981.44
73453,24993.87
73452,26107.09
73451,57822.5
73450,65954.27
73449,108442.47
73448,88005.69
73447,49741.33
73446,67250.79
73445,78014.6
73444,41858.93
73443,55783.33
73442,78157.98
73441,74384.41
73440,29428.62
73439,27562.87
73438,61644.73
73437,48955.21
73436,64864.32
73435,104840.61
73434,85622.84
73433,48044.78
73432,56180.48
73431,30984.3
73430,40682.6
73429,69846.67
73428,98057.52
73427,26795.06
73426,25368.14
73425,26216.98
73424,31920.66
73423,39319.12
73422,61683.56
73421,49866.38
73420,20246.62
73419,24415.76
73418,36606.91
73417,35187.19
73416,45168.45
73415,80840.55
73414,66498.65
73413,2351.05
73412,24334.77
73411,28550.51
73410,28722.27
73409,47246.31
73408,76572.58
73407,78363.96
73406,30090.61
73405,30073.47
73404,32151.85
73403,69948.1
73402,70178.17
73401,101075.15
73400,84443.48
73399,44040.28
73398,47807.33
73397,46493.27
73396,42743.79
73395,2009.92
73394,100690.43
73393,56891.14
73392,31757.26
73391,36623.7
73390,43669.87
73389,56066.56
73388,70215.55
73387,100101.79
73386,69735.76
73385,30038.12
73384,28230.57
73383,30276.26
73382,26954.51
73381,69298.72
73380,93302.81
73379,71486.28
73378,43251.84
73377,47141.75
73376,55623.27
73375,50071.05
73374,74940.47
73373,86584.68
73372,96520.02
73371,28011.29
73370,39016.27
73369,39547.32
73368,369.34
73367,65555.46
73366,76583.7
73365,59047.68
73364,75728.89
73363,32146.79
73362,33976.72
73361,39611.97
73360,49601.02
73359,78107.07
73358,57806.58
73357,34129.86
73356,64470.34
73355,68754.25
73354,71050.1
73353,79592.49
73352,96002.73
73351,84921.57
73350,54394.35
73349,44243.26
73348,57432.41
73347,65584.11
73346,78723.13
73345,93085.67
73344,72884.45
73343,36813.44
73342,32940.65
73341,36288.68
73340,42656.47
73339,52839.76
73338,55984.92
73337,70094.74
73336,27571.27
73335,24267.66
73334,31325.29
73333,42795.6
73332,44466.79
73331,51349.76
73330,40632.67
73329,28504.14
