50254,26204.32
50253,59385.27
50252,47630.08
50251,19077.0
50250,19390.52
50249,19882.48
50248,18181.42
50247,1766.62
50246,43817.95
50245,21530.63
50244,14479.03
50243,13187.94
50242,12918.35
50241,27905.32
50240,33298.11
50239,49229.04
50238,40208.44
50237,40514.19
50236,19070.83
50235,23711.81
50234,21342.22
50233,25258.37
50232,54033.88
50231,42804.67
50230,14828.08
50229,14425.39
50228,19045.43
50227,21290.45
50226,31075.56
50225,55333.7
50224,35924.86
50223,18140.12
50222,18226.86
50221,21669.63
50220,24895.0
50219,29625.41
50218,51522.27
50217,31610.63
50216,16764.65
50215,18200.97
50214,19383.83
50213,42430.24
50212,52971.65
50211,87320.25
50210,44583.59
50209,39980.45
50208,32705.38
50207,36347.61
50206,26557.24
50205,39884.07
50204,63004.99
50203,50767.26
50202,23577.56
50201,22057.84
50200,12082.34
50199,11274.36
50198,37169.41
50197,64378.8
50196,42273.08
50195,31931.42
50194,16009.3
50193,21030.51
50192,39352.38
50191,56461.77
50190,83179.38
50189,72425.72
50188,42490.67
50187,48953.56
50186,74581.88
50185,31312.71
50184,43886.13
50183,82736.72
50182,60283.76
50181,25959.28
50180,21417.3
50179,47223.13
50178,38718.39
50177,50799.82
50176,92992.81
50175,69041.42
50174,38519.29
50173,44110.61
50172,51811.96
50171,34106.88
50170,65504.28
50169,95778.62
50168,28273.36
50167,32634.73
50166,34021.6
50165,34478.72
50164,38807.46
50163,50152.6
50162,48473.3
50161,22306.55
50160,26273.28
50159,37269.21
50158,37064.81
50157,41730.79
50156,60548.1
50155,43265.13
50154,922.78
50153,23459.86
50152,21111.53
50151,25028.72
50150,35384.63
50149,55540.07
50148,47224.85
50147,29073.52
50146,25557.59
50145,27569.51
50144,52838.02
50143,59461.07
50142,87764.59
50141,61386.76
50140,38694.88
50139,40273.25
50138,47289.04
50137,39914.15
50136,1129.0
50135,87233.91
50134,53200.65
50133,32870.74
50132,35310.6
50131,34244.23
50130,44745.74
50129,47885.84
50128,82882.18
50127,51566.53
50126,22683.71
50125,27798.36
50124,26293.16
50123,27737.78
50122,58547.91
50121,76562.36
50120,62518.61
50119,36356.21
50118,39104.43
50117,43008.69
50116,43650.41
50115,51821.4
50114,73239.47
50113,67978.89
50112,28696.19
50111,36028.97
50110,36540.2
50109,1282.16
50108,62092.53
50107,76650.17
50106,66300.91
50105,59740.44
50104,34616.97
50103,34753.18
50102,42697.03
50101,44293.56
50100,61747.25
50099,63078.7
50098,29646.26
50097,53413.8
50096,49938.03
50095,38733.22
50094,57311.68
50093,77747.57
50092,65328.77
50091,42045.11
50090,47799.75
50089,42512.58
50088,55375.53
50087,64004.87
50086,71205.05
50085,59260.42
50084,28191.73
50083,30141.86
50082,31632.22
50081,36653.32
50080,52612.03
50079,44689.73
50078,57033.37
50077,29826.86
50076,22113.99
50075,35163.62
50074,38509.09
50073,39302.02
50072,46401.66
50071,33289.36
50070,27566.75
