206088,15898.92
206087,27041.28
206086,33851.09
206085,7193.09
206084,9581.32
206083,12575.36
206082,14189.46
206081,633.93
206080,20548.03
206079,18514.59
206078,9645.62
206077,11862.11
206076,13191.79
206075,17456.59
206074,24045.59
206073,26661.76
206072,20406.94
206071,22001.75
206070,16400.74
206069,13514.92
206068,15275.84
206067,18432.14
206066,26133.69
206065,22899.37
206064,9453.48
206063,9614.14
206062,12945.35
206061,11701.7
206060,18480.19
206059,25282.97
206058,19795.05
206057,12626.16
206056,18666.71
206055,16431.26
206054,18525.16
206053,25252.62
206052,27658.81
206051,17555.72
206050,14622.32
206049,14113.21
206048,21199.53
206047,28114.2
206046,39283.78
206045,50615.45
206044,30226.47
206043,29502.5
206042,20114.75
206041,19788.69
206040,13674.0
206039,26195.72
206038,40065.04
206037,29056.67
206036,15324.04
206035,14007.27
206034,16106.35
206033,13056.67
206032,19810.44
206031,31365.46
206030,20385.19
206029,20884.78
206028,18609.8
206027,18521.4
206026,31839.01
206025,34159.6
206024,46429.5
206023,34428.9
206022,25654.31
206021,29609.62
206020,41898.86
206019,22684.53
206018,24816.35
206017,37030.56
206016,30555.01
206015,15953.46
206014,11972.34
206013,36560.04
206012,25698.23
206011,28147.75
206010,45230.33
206009,34068.73
206008,23146.68
206007,27381.38
206006,27817.59
206005,27081.59
206004,41333.94
206003,51478.68
206002,-98.78
206001,14085.57
206000,14999.53
205999,19221.7
205998,23587.13
205997,23883.1
205996,36211.84
205995,24721.34
205994,14775.93
205993,13753.25
205992,24776.47
205991,21826.54
205990,27733.8
205989,42587.8
205988,38897.43
205987,67.97
205986,15579.64
205985,14522.48
205984,17697.84
205983,26608.08
205982,28360.97
205981,28863.04
205980,18431.96
205979,17336.84
205978,19179.55
205977,32309.89
205976,34189.84
205975,40709.96
205974,34500.58
205973,14086.87
205972,18052.37
205971,24586.43
205970,20949.41
205969,47975.54
205968,27423.24
205967,20657.34
205966,22172.33
205965,22800.72
205964,34144.33
205963,40218.7
205962,56952.63
205961,39646.43
205960,14098.14
205959,17641.46
205958,16436.26
205957,18596.18
205956,36968.8
205955,40380.91
205954,39401.65
205953,17079.74
205952,24512.8
205951,25107.91
205950,22131.09
205949,28725.92
205948,44045.78
205947,36313.88
205946,16132.32
205945,15853.05
205944,18999.96
205943,30807.31
205942,36533.04
205941,29182.59
205940,34863.48
205939,14973.47
205938,16539.23
205937,21539.67
205936,28151.71
205935,33368.13
205934,29581.12
205933,15484.38
205932,30978.51
205931,28644.97
205930,26297.32
205929,34141.95
205928,48792.38
205927,41084.67
205926,29272.06
205925,31126.9
205924,33059.01
205923,34982.12
205922,40990.09
205921,54769.41
205920,44514.18
205919,16518.65
205918,19677.35
205917,20835.33
205916,24090.38
205915,34112.91
205914,36543.71
205913,42517.69
205912,19453.01
205911,16330.75
205910,20424.35
205909,27736.57
205908,30069.33
205907,38091.93
205906,29148.93
205905,20936.31
