171839,22874.36
171838,37872.65
171837,28554.34
171836,16402.55
171835,14403.46
171834,13176.03
171833,13000.11
171832,435.25
171831,26720.51
171830,20343.3
171829,8553.01
171828,11942.04
171827,11753.76
171826,16025.82
171825,19148.8
171824,34387.11
171823,22156.76
171822,23150.54
171821,12415.33
171820,13356.75
171819,12409.6
171818,11645.8
171817,28729.44
171816,20050.11
171815,12061.04
171814,9143.07
171813,8468.31
171812,9757.16
171811,25834.04
171810,33598.41
171809,27919.41
171808,9599.58
171807,14371.16
171806,11688.7
171805,18778.17
171804,21906.58
171803,36035.31
171802,18622.37
171801,14929.66
171800,16927.99
171799,17536.01
171798,32526.03
171797,38435.18
171796,62805.93
171795,33586.29
171794,29325.16
171793,19555.77
171792,16997.54
171791,17935.85
171790,27212.23
171789,42620.1
171788,23492.07
171787,12654.8
171786,14938.91
171785,14994.21
171784,12499.79
171783,25336.91
171782,46641.48
171781,23306.28
171780,26460.5
171779,17760.19
171778,15219.41
171777,26836.45
171776,33973.63
171775,56564.23
171774,32496.17
171773,19111.39
171772,24865.92
171771,32922.73
171770,25016.98
171769,33656.57
171768,55821.63
171767,39173.85
171766,16002.1
171765,17075.56
171764,33306.08
171763,29185.41
171762,36409.71
171761,59848.5
171760,34552.24
171759,22094.1
171758,22189.85
171757,29575.49
171756,28766.3
171755,44751.59
171754,71384.91
171753,18607.21
171752,16231.53
171751,17568.68
171750,19203.45
171749,15062.37
171748,36112.78
171747,22482.75
171746,750.87
171745,12581.88
171744,23220.53
171743,28431.64
171742,33984.6
171741,49340.32
171740,30626.25
171739,12404.18
171738,698.13
171737,645.37
171736,56.2
171735,22581.01
171734,33213.93
171733,22899.23
171732,372.92
171731,13849.69
171730,11324.33
171729,26498.71
171728,31210.57
171727,44922.87
171726,25875.12
171725,18983.13
171724,20492.04
171723,22913.86
171722,26048.63
171721,31359.85
171720,49106.04
171719,31658.74
171718,16744.97
171717,20303.74
171716,22466.05
171715,31114.02
171714,37058.81
171713,61862.36
171712,32278.19
171711,16050.89
171710,15045.6
171709,15229.27
171708,22441.48
171707,37116.94
171706,47557.45
171705,26070.01
171704,19697.48
171703,19152.22
171702,20618.11
171701,20605.78
171700,29782.99
171699,45064.97
171698,32882.22
171697,18706.09
171696,18038.19
171695,19968.0
171694,23144.08
171693,35849.73
171692,37828.7
171691,28982.05
171690,29860.22
171689,16676.65
171688,16487.57
171687,19777.04
171686,24359.93
171685,33619.75
171684,26576.3
171683,13308.6
171682,24249.52
171681,27701.15
171680,21420.04
171679,27590.1
171678,39879.09
171677,26543.03
171676,16282.58
171675,20231.94
171674,19302.24
171673,25568.72
171672,33876.14
171671,48722.89
171670,27895.63
171669,15259.9
171668,12416.29
171667,17682.82
171666,16763.45
171665,25265.4
171664,30833.2
171663,25945.0
171662,16456.99
171661,9229.47
171660,15234.13
171659,21165.02
171658,24242.16
171657,31380.93
171656,19704.09
171655,22436.87
