39130,41982.84
39129,79784.75
39128,75961.6
39127,22138.69
39126,23492.55
39125,29467.0
39124,28936.54
39123,2103.28
39122,52618.85
39121,44147.16
39120,24716.38
39119,19995.2
39118,26092.76
39117,42265.41
39116,46616.44
39115,64662.82
39114,47133.69
39113,54460.08
39112,36029.13
39111,40177.66
39110,50785.13
39109,46901.83
39108,356.77
39107,12804.69
39106,21862.04
39105,17913.62
39104,26407.03
39103,28517.37
39102,47116.38
39101,79933.82
39100,50958.14
39099,28374.27
39098,29068.73
39097,26369.66
39096,29340.94
39095,38717.03
39094,65164.18
39093,50770.71
39092,27039.76
39091,19854.4
39090,32568.7
39089,65783.75
39088,78534.14
39087,121030.62
39086,78861.01
39085,47108.22
39084,35857.15
39083,48006.6
39082,39911.24
39081,63420.8
39080,89244.81
39079,71740.25
39078,35309.51
39077,26311.58
39076,30391.81
39075,34048.03
39074,46174.42
39073,86652.1
39072,53082.91
39071,50616.9
39070,37085.46
39069,31120.89
39068,62485.54
39067,63883.8
39066,123500.53
39065,90271.41
39064,59301.13
39063,73498.16
39062,101526.2
39061,52697.51
39060,63690.95
39059,85926.51
39058,71614.01
39057,25747.04
39056,35350.61
39055,78649.78
39054,53760.68
39053,72963.95
39052,117937.85
39051,75301.06
39050,61629.61
39049,64822.72
39048,78495.88
39047,60899.96
39046,95829.59
39045,127916.49
39044,-13.58
39043,36360.48
39042,39118.66
39041,40627.3
39040,44581.53
39039,55364.52
39038,79104.66
39037,54112.01
39036,2164.86
39035,25136.13
39034,46236.26
39033,45896.3
39032,64624.23
39031,81559.29
39030,87896.64
39029,28952.55
39028,35029.37
39027,41946.03
39026,39266.08
39025,51842.22
39024,74364.04
39023,57148.71
39022,37029.38
39021,34876.54
39020,33909.92
39019,78246.14
39018,74833.42
39017,114776.54
39016,86834.74
39015,49798.51
39014,66544.25
39013,58690.91
39012,54205.84
39011,2231.78
39010,112077.9
39009,64565.36
39008,37902.66
39007,47079.63
39006,49697.39
39005,66541.84
39004,74870.1
39003,131472.68
39002,70948.08
39001,27843.13
39000,30933.35
38999,33694.78
38998,37438.13
38997,82949.39
38996,99501.64
38995,81439.7
38994,56968.3
38993,55680.24
38992,62579.17
38991,58486.97
38990,72419.15
38989,101845.3
38988,93875.74
38987,38784.93
38986,43908.03
38985,42689.23
38984,453.28
38983,84181.43
38982,100943.42
38981,75180.84
38980,99856.42
38979,43461.34
38978,45180.5
38977,54853.95
38976,60649.18
38975,82153.07
38974,75124.23
38973,44085.66
38972,71871.97
38971,70194.93
38970,62157.56
38969,69532.28
38968,106648.33
38967,86689.04
38966,55317.54
38965,59682.29
38964,56710.64
38963,62144.36
38962,83905.64
38961,97213.74
38960,75365.45
38959,36260.48
38958,39229.19
38957,41048.39
38956,49329.04
38955,68363.8
38954,66238.23
38953,71204.62
38952,32386.29
38951,29493.91
38950,38484.53
38949,49919.86
38948,53387.96
38947,67819.54
38946,44113.44
38945,43506.13
