20899,38418.63
20898,57614.18
20897,34925.99
20896,12173.15
20895,12473.02
20894,13863.04
20893,16805.86
20892,493.9
20891,30949.13
20890,18035.18
20889,13302.67
20888,8135.8
20887,9081.58
20886,18889.68
20885,21735.73
20884,8727.78
20883,33570.34
20882,21954.78
20881,12749.22
20880,13799.9
20879,17475.74
20878,19990.42
20877,40243.38
20876,23481.08
20875,10221.7
20874,15622.91
20873,14435.05
20872,9269.5
20871,19602.51
20870,40048.13
20869,26811.81
20868,16904.23
20867,14483.01
20866,12092.2
20865,19095.92
20864,10559.6
20863,48621.3
20862,29520.53
20861,12437.97
20860,12864.51
20859,19486.53
20858,36231.37
20857,43376.11
20856,60567.43
20855,37609.72
20854,44653.75
20853,13882.3
20852,30107.73
20851,22633.68
20850,37419.06
20849,50264.95
20848,30909.78
20847,16787.73
20846,17443.51
20845,8587.83
20844,14989.9
20843,28837.37
20842,54978.68
20841,27511.49
20840,19537.6
20839,17768.7
20838,14455.59
20837,31838.32
20836,43361.68
20835,76676.04
20834,49852.77
20833,21396.9
20832,31175.17
20831,36145.34
20830,23581.78
20829,36117.63
20828,59627.19
20827,39716.19
20826,15613.41
20825,14301.53
20824,29961.43
20823,26212.43
20822,38141.83
20821,68357.78
20820,40390.71
20819,13249.43
20818,29139.45
20817,30796.28
20816,21701.6
20815,24382.66
20814,72207.49
20813,15461.43
20812,16720.24
20811,21315.61
20810,20079.35
20809,30790.97
20808,56559.92
20807,36202.19
20806,13118.47
20805,17399.69
20804,25897.3
20803,19212.85
20802,33398.56
20801,65920.84
20800,47669.22
20799,2270.65
20798,16764.14
20797,18352.56
20796,18350.69
20795,27887.6
20794,40699.8
20793,25546.21
20792,25247.22
20791,22750.45
20790,23427.83
20789,30034.43
20788,44897.47
20787,58010.67
20786,38057.34
20785,21652.51
20784,21294.46
20783,24135.74
20782,28036.82
20781,484.34
20780,57316.65
20779,38305.57
20778,18102.25
20777,19032.16
20776,24880.25
20775,28355.85
20774,36935.6
20773,64226.36
20772,36475.85
20771,14428.59
20770,17731.77
20769,21376.92
20768,22169.64
20767,42760.41
20766,53845.42
20765,55826.27
20764,23139.82
20763,27259.3
20762,27808.51
20761,27006.84
20760,37997.91
20759,50457.87
20758,52935.31
20757,28359.97
20756,20443.18
20755,24182.79
20754,289.94
20753,40501.91
20752,44486.58
20751,41537.47
20750,49663.09
20749,22004.98
20748,23998.44
20747,24064.93
20746,36398.0
20745,48193.35
20744,38409.08
20743,23261.6
20742,31154.17
20741,35066.63
20740,32371.13
20739,37680.58
20738,52843.14
20737,36895.54
20736,28045.04
20735,25172.89
20734,24137.81
20733,31653.12
20732,38960.25
20731,42692.5
20730,33149.66
20729,22117.03
20728,21405.4
20727,25352.29
20726,24347.42
20725,32614.41
20724,30234.77
20723,29018.5
20722,23067.74
20721,16441.38
20720,26410.83
20719,26368.6
20718,34595.23
20717,37522.2
20716,25730.28
20715,13220.56
