122621,35300.44
122620,61124.84
122619,50412.36
122618,13445.42
122617,14736.78
122616,19822.84
122615,18148.59
122614,2148.85
122613,44511.6
122612,29159.24
122611,12597.02
122610,10188.17
122609,5851.6
122608,27092.75
122607,38725.51
122606,66098.87
122605,51738.21
122604,14643.61
122603,14335.67
122602,24828.7
122601,22401.44
122600,26703.84
122599,66040.1
122598,43496.01
122597,12193.36
122596,13100.75
122595,16736.4
122594,15343.07
122593,29472.0
122592,67176.89
122591,44197.63
122590,19060.01
122589,19329.63
122588,23138.99
122587,26014.87
122586,38807.9
122585,63637.67
122584,38128.73
122583,21808.05
122582,20987.49
122581,18864.58
122580,26983.68
122579,65073.89
122578,68141.96
122577,53883.15
122576,55352.96
122575,20752.92
122574,36061.1
122573,32700.47
122572,48597.93
122571,83452.6
122570,54903.6
122569,19008.85
122568,21654.75
122567,17883.7
122566,19816.32
122565,33449.21
122564,69891.58
122563,43966.98
122562,29671.68
122561,16434.09
122560,12533.41
122559,61558.52
122558,71113.87
122557,116344.47
122556,91300.87
122555,47526.11
122554,57616.97
122553,69985.27
122552,34875.8
122551,52909.71
122550,84784.13
122549,63521.41
122548,21392.18
122547,21514.9
122546,55350.91
122545,42650.18
122544,60117.8
122543,115356.06
122542,71316.23
122541,45292.89
122540,42961.27
122539,51399.98
122538,43648.14
122537,78782.57
122536,96995.11
122535,18118.28
122534,20648.83
122533,24978.92
122532,32773.1
122531,40522.94
122530,68147.79
122529,30233.41
122528,1180.16
122527,23551.37
122526,37908.55
122525,43649.86
122524,53877.86
122523,103921.16
122522,85158.53
122521,19110.09
122520,1659.77
122519,725.91
122518,222.55
122517,41924.26
122516,79392.36
122515,67196.06
122514,911.78
122513,30536.11
122512,38676.14
122511,72786.08
122510,83586.1
122509,116169.96
122508,77084.06
122507,49754.53
122506,43641.43
122505,51701.82
122504,46162.18
122503,64018.29
122502,88039.62
122501,58351.85
122500,31528.76
122499,35775.06
122498,34518.65
122497,58695.05
122496,66249.67
122495,104031.06
122494,63567.92
122493,27270.66
122492,25774.45
122491,22820.24
122490,27719.2
122489,86185.96
122488,100369.13
122487,77395.64
122486,50330.22
122485,51111.7
122484,47580.5
122483,48045.24
122482,59715.31
122481,90397.54
122480,91989.19
122479,33230.69
122478,33242.44
122477,34720.13
122476,62967.84
122475,88541.52
122474,84885.18
122473,82871.35
122472,88009.58
122471,32839.36
122470,37824.2
122469,40299.88
122468,54876.49
122467,61524.21
122466,82818.56
122465,29947.99
122464,63702.48
122463,60359.71
122462,47605.18
122461,56115.21
122460,91735.22
122459,70734.97
122458,39975.35
122457,43158.71
122456,45814.83
122455,59596.55
122454,71365.6
122453,86470.54
122452,56849.32
122451,28925.83
122450,30591.45
122449,35443.12
122448,45804.31
122447,69697.17
122446,62253.19
122445,66936.8
122444,31222.01
122443,23632.83
122442,33882.42
122441,42233.22
122440,45122.05
122439,56356.55
122438,38064.53
122437,33993.5
