12259,31921.47
12258,50230.41
12257,41932.38
12256,14324.46
12255,15071.19
12254,13772.48
12253,16998.29
12252,1490.5
12251,30912.26
12250,19226.04
12249,13777.25
12248,12533.68
12247,13255.59
12246,25750.47
12245,29823.01
12244,47983.11
12243,29909.64
12242,30293.68
12241,23435.47
12240,26345.08
12239,23912.58
12238,28566.93
12237,46647.12
12236,41434.56
12235,14637.8
12234,9735.34
12233,14760.64
12232,14283.98
12231,33101.87
12230,43506.02
12229,28644.66
12228,19364.65
12227,8900.64
12226,13738.7
12225,20664.04
12224,32213.13
12223,45252.75
12222,29435.68
12221,13017.77
12220,20143.43
12219,18996.31
12218,52493.24
12217,58114.98
12216,77371.37
12215,53509.04
12214,33052.87
12213,34069.89
12212,37499.83
12211,24543.42
12210,40263.57
12209,63547.25
12208,43149.87
12207,18794.84
12206,18238.61
12205,20867.38
12204,20873.85
12203,29451.18
12202,44986.11
12201,31836.89
12200,25651.57
12199,14489.33
12198,21665.13
12197,54254.27
12196,60845.65
12195,81567.15
12194,70863.34
12193,47462.83
12192,54037.83
12191,70919.73
12190,23950.64
12189,36380.37
12188,53092.6
12187,46461.5
12186,20615.29
12185,21086.13
12184,39348.43
12183,41138.23
12182,44726.72
12181,75322.44
12180,57225.64
12179,35341.04
12178,39622.96
12177,31495.22
12176,16512.45
12175,52391.32
12174,71506.73
12173,20503.38
12172,19751.95
12171,22478.09
12170,22164.09
12169,30575.83
12168,44302.17
12167,26745.41
12166,1038.34
12165,16873.31
12164,33076.32
12163,28839.79
12162,36598.98
12161,64597.56
12160,43790.36
12159,15682.03
12158,1125.54
12157,958.93
12156,291.4
12155,35904.68
12154,39487.25
12153,41449.01
12152,1202.92
12151,17965.77
12150,20887.01
12149,62352.58
12148,66744.87
12147,66033.43
12146,64332.27
12145,35804.9
12144,34745.9
12143,40700.45
12142,32802.35
12141,44912.99
12140,79472.49
12139,38454.57
12138,22798.19
12137,27708.55
12136,28497.91
12135,46204.65
12134,47932.69
12133,65600.21
12132,46225.17
12131,17897.26
12130,19387.72
12129,18308.99
12128,17768.55
12127,61373.77
12126,64656.69
12125,47284.92
12124,37881.55
12123,36593.26
12122,41575.59
12121,37368.25
12120,53606.42
12119,68346.98
12118,56783.17
12117,23370.5
12116,27021.64
12115,25019.0
12114,44093.37
12113,51629.53
12112,56888.38
12111,45914.33
12110,43368.0
12109,22864.68
12108,23522.6
12107,31090.0
12106,36494.06
12105,48063.44
12104,40745.64
12103,19843.45
12102,54563.54
12101,45985.86
12100,45188.7
12099,56876.35
12098,67882.59
12097,50450.87
12096,38340.74
12095,36776.21
12094,40005.98
12093,48585.22
12092,61342.17
12091,56779.22
12090,48147.58
12089,19875.41
12088,23007.21
12087,23301.54
12086,35398.17
12085,41800.23
12084,41050.28
12083,45447.97
12082,24148.3
12081,18224.24
12080,24493.46
12079,29826.09
12078,32235.19
12077,38807.45
12076,22946.39
12075,17890.58
