189448,22299.49
189447,36455.26
189446,24708.12
189445,11488.2
189444,13082.2
189443,12077.61
189442,13141.8
189441,1187.73
189440,20958.66
189439,17605.37
189438,9230.06
189437,11013.45
189436,10454.57
189435,17678.47
189434,21111.95
189433,28982.47
189432,20605.13
189431,21668.37
189430,11072.12
189429,13503.35
189428,12054.39
189427,17047.1
189426,30543.12
189425,19714.31
189424,10486.25
189423,12689.12
189422,12995.34
189421,9854.24
189420,20329.2
189419,32135.16
189418,21920.41
189417,12568.34
189416,15908.94
189415,13220.46
189414,20280.16
189413,21391.17
189412,29173.16
189411,18775.31
189410,16025.95
189409,14883.41
189408,21050.28
189407,36948.56
189406,40097.61
189405,58671.01
189404,32038.18
189403,30947.19
189402,19683.73
189401,27819.12
189400,18983.27
189399,26594.58
189398,35743.33
189397,25597.82
189396,15650.04
189395,13804.87
189394,17455.54
189393,14786.74
189392,25564.8
189391,37346.67
189390,22032.25
189389,22347.96
189388,18408.35
189387,21022.51
189386,27816.23
189385,35783.79
189384,44065.09
189383,36273.01
189382,27668.95
189381,25936.24
189380,35933.4
189379,26202.79
189378,29556.88
189377,46367.12
189376,31977.14
189375,18219.69
189374,21093.68
189373,31103.38
189372,28956.06
189371,31302.75
189370,46644.7
189369,34199.7
189368,26857.15
189367,29076.26
189366,33151.34
189365,25821.16
189364,38507.72
189363,43455.88
189362,13954.31
189361,19321.99
189360,19960.78
189359,20001.36
189358,18125.45
189357,41266.99
189356,21902.83
189355,15317.1
189354,18525.0
189353,28609.15
189352,26152.32
189351,36239.44
189350,45424.09
189349,35357.74
189348,1195.53
189347,14738.78
189346,12908.03
189345,20156.72
189344,28808.55
189343,32007.3
189342,25934.3
189341,13102.3
189340,13739.03
189339,16736.02
189338,26012.58
189337,29908.66
189336,40136.48
189335,31832.49
189334,24847.11
189333,22967.97
189332,25738.58
189331,22876.65
189330,455.23
189329,44427.78
189328,28042.15
189327,17728.65
189326,19434.15
189325,28887.04
189324,30704.52
189323,36036.94
189322,45298.59
189321,32883.97
189320,15872.48
189319,18091.67
189318,20932.19
189317,14310.45
189316,36123.81
189315,43321.33
189314,30313.5
189313,25488.22
189312,25228.25
189311,26403.07
189310,26194.71
189309,24897.83
189308,44394.83
189307,33183.6
189306,18666.03
189305,16476.24
189304,19442.65
189303,232.73
189302,32128.13
189301,36739.33
189300,29407.47
189299,34972.17
189298,18930.91
189297,20402.14
189296,23383.9
189295,30107.13
189294,27910.65
189293,25444.56
189292,18205.22
189291,26434.71
189290,25778.54
189289,24810.31
189288,28081.33
189287,39759.23
189286,29413.26
189285,21301.97
189284,24579.27
189283,22893.38
189282,24517.58
189281,33863.2
189280,43865.64
189279,26117.25
189278,17490.25
189277,19426.04
189276,18586.55
189275,20217.82
189274,27341.95
189273,29641.92
189272,28156.81
189271,16254.16
189270,15196.06
189269,20822.59
189268,22858.86
189267,26933.48
189266,30300.33
189265,25761.97
189264,21615.77
