198079,15911.34
198078,22545.65
198077,15430.95
198076,10016.32
198075,7294.1
198074,8563.95
198073,10895.73
198072,524.54
198071,15255.76
198070,13261.13
198069,8176.23
198068,9287.24
198067,9103.46
198066,10530.99
198065,11431.77
198064,22152.61
198063,13716.91
198062,15635.12
198061,9620.58
198060,10683.95
198059,11500.71
198058,10492.47
198057,25239.63
198056,14964.56
198055,8280.05
198054,8575.37
198053,7012.96
198052,7188.66
198051,13969.17
198050,23221.82
198049,16234.02
198048,9476.67
198047,11372.51
198046,9303.99
198045,11218.78
198044,12694.32
198043,20554.67
198042,12827.64
198041,10139.06
198040,12406.16
198039,13169.48
198038,18435.89
198037,22740.5
198036,38735.09
198035,26219.48
198034,21412.89
198033,13070.81
198032,14664.19
198031,9910.91
198030,18962.72
198029,29189.13
198028,21357.67
198027,8109.44
198026,10201.89
198025,12440.58
198024,10434.78
198023,15108.21
198022,29742.69
198021,16316.79
198020,13939.51
198019,9236.96
198018,11207.61
198017,19301.3
198016,25203.32
198015,32652.94
198014,27612.41
198013,15560.64
198012,15037.71
198011,18805.02
198010,16965.78
198009,17533.89
198008,31943.75
198007,21828.31
198006,12734.15
198005,10805.73
198004,22589.22
198003,17794.81
198002,20967.61
198001,33706.14
198000,23759.05
197999,18491.31
197998,19679.5
197997,22531.62
197996,22464.68
197995,25768.14
197994,28146.0
197993,10070.89
197992,8353.96
197991,9484.1
197990,14718.83
197989,18886.63
197988,27144.53
197987,20634.57
197986,13599.97
197985,21583.6
197984,20759.62
197983,33417.22
197982,40788.22
197981,35103.71
197980,15529.35
197979,0.0
197978,17359.07
197977,24420.16
197976,21455.16
197975,6.8
197974,13734.08
197973,13278.91
197972,22153.19
197971,25872.4
197970,34825.21
197969,25214.89
197968,13877.7
197967,14724.91
197966,13788.09
197965,13882.13
197964,22320.21
197963,28695.96
197962,22856.36
197961,15347.22
197960,15709.11
197959,14139.38
197958,16711.56
197957,21368.69
197956,35650.82
197955,24661.62
197954,14764.36
197953,13228.27
197952,12822.11
197951,14915.9
197950,23964.98
197949,33963.84
197948,23765.53
197947,16231.32
197946,13625.45
197945,17839.17
197944,12562.63
197943,18689.94
197942,31998.96
197941,23059.73
197940,11285.31
197939,11333.84
197938,11785.5
197937,14245.07
197936,20123.12
197935,26657.63
197934,20566.69
197933,25497.56
197932,11811.66
197931,11770.93
197930,13300.49
197929,21764.95
197928,30518.61
197927,25233.35
197926,15578.07
197925,22821.67
197924,24635.38
197923,21133.97
197922,26772.97
197921,31089.32
197920,24759.61
197919,19210.82
197918,18243.95
197917,16811.62
197916,21779.27
197915,24089.69
197914,29175.49
197913,20325.72
197912,17463.85
197911,14537.35
197910,14405.07
197909,16421.84
197908,20219.92
197907,16957.65
197906,20391.47
197905,11545.77
197904,11155.76
197903,15594.49
197902,15292.1
197901,16537.63
197900,22667.58
197899,19902.32
197898,11256.39
