183908,28709.71
183907,40952.72
183906,31886.05
183905,11952.29
183904,12749.24
183903,17633.53
183902,16008.11
183901,743.67
183900,30906.04
183899,28997.16
183898,12087.67
183897,11489.22
183896,13802.87
183895,18908.6
183894,21269.12
183893,34684.22
183892,30264.02
183891,25086.55
183890,15008.89
183889,16073.25
183888,14990.54
183887,17998.66
183886,36725.41
183885,30114.58
183884,11741.46
183883,12594.79
183882,13096.79
183881,12585.25
183880,24790.73
183879,35616.88
183878,31266.47
183877,12609.52
183876,15139.56
183875,19782.12
183874,20606.17
183873,25859.93
183872,42760.5
183871,23693.05
183870,14481.15
183869,16646.08
183868,21284.58
183867,34216.59
183866,42645.24
183865,67327.06
183864,44816.61
183863,32063.62
183862,22053.44
183861,25085.53
183860,18754.1
183859,31590.22
183858,55720.93
183857,39918.89
183856,17844.96
183855,15640.41
183854,20047.88
183853,16203.24
183852,26681.65
183851,48067.39
183850,31262.34
183849,24642.18
183848,19551.42
183847,20852.29
183846,35112.68
183845,39736.51
183844,67424.78
183843,53362.26
183842,24839.65
183841,27837.85
183840,45449.53
183839,29493.03
183838,36458.05
183837,59195.03
183836,46041.42
183835,20318.8
183834,19059.5
183833,36704.37
183832,30192.02
183831,37842.7
183830,60253.35
183829,48495.92
183828,22833.37
183827,26176.96
183826,37090.93
183825,28538.28
183824,42984.25
183823,70526.0
183822,-18.49
183821,20813.98
183820,18823.2
183819,20843.67
183818,23767.26
183817,29782.28
183816,49888.45
183815,39757.96
183814,763.8
183813,20593.09
183812,31809.19
183811,29327.03
183810,37067.73
183809,61741.53
183808,52061.73
183807,19216.57
183806,19047.43
183805,22303.84
183804,19900.84
183803,28300.77
183802,45650.47
183801,32763.41
183800,17624.61
183799,16967.39
183798,15292.81
183797,36666.01
183796,40986.97
183795,62181.02
183794,45064.15
183793,22040.44
183792,21316.1
183791,26315.06
183790,26608.99
183789,766.34
183788,71118.38
183787,44390.0
183786,19658.45
183785,25335.27
183784,27469.43
183783,36027.69
183782,51176.13
183781,79554.79
183780,57004.78
183779,20117.71
183778,19234.27
183777,27513.77
183776,29110.11
183775,48087.66
183774,73482.96
183773,49386.06
183772,24490.94
183771,24142.47
183770,26556.32
183769,26188.09
183768,43043.22
183767,63228.23
183766,51837.22
183765,24111.45
183764,26567.06
183763,26724.67
183762,190.14
183761,43516.3
183760,56812.48
183759,48847.33
183758,55744.13
183757,19352.13
183756,20588.12
183755,20041.49
183754,34590.24
183753,49084.19
183752,43656.08
183751,20605.01
183750,32265.86
183749,30550.77
183748,31598.34
183747,40111.58
183746,58942.53
183745,42834.76
183744,18339.49
183743,28574.47
183742,29581.25
183741,39615.79
183740,50679.13
183739,62396.16
183738,57769.73
183737,19465.22
183736,22272.24
183735,22687.34
183734,22462.1
183733,34234.95
183732,45336.44
183731,47417.32
183730,20738.33
183729,18025.77
183728,25435.44
183727,25131.1
183726,36018.48
183725,42108.67
183724,33727.79
183723,32528.93
