215252,16246.41
215251,21734.62
215250,17137.83
215249,9101.16
215248,7189.42
215247,8411.57
215246,7566.22
215245,1157.48
215244,14418.6
215243,13171.21
215242,5469.01
215241,6944.74
215240,8144.38
215239,11107.56
215238,11435.63
215237,17601.3
215236,13765.3
215235,16191.02
215234,6915.69
215233,5611.96
215232,8935.8
215231,9407.24
215230,10035.17
215229,16540.28
215228,7713.5
215227,6277.11
215226,9982.5
215225,9769.46
215224,12447.55
215223,26235.97
215222,13076.94
215221,9289.59
215220,11197.11
215219,11975.5
215218,13037.04
215217,18259.72
215216,23459.39
215215,17141.49
215214,8428.45
215213,8334.82
215212,12416.8
215211,22864.69
215210,27141.1
215209,36826.2
215208,24837.29
215207,11038.72
215206,14418.45
215205,12510.04
215204,11127.35
215203,19681.29
215202,23441.28
215201,16404.58
215200,7785.86
215199,6650.18
215198,8217.94
215197,10474.62
215196,14976.39
215195,25411.76
215194,16296.69
215193,13399.62
215192,9949.11
215191,11803.05
215190,16108.7
215189,26238.97
215188,32934.79
215187,22802.14
215186,18337.67
215185,18588.34
215184,24695.26
215183,18122.55
215182,27529.6
215181,34515.98
215180,28065.23
215179,13069.4
215178,15476.14
215177,22571.34
215176,22819.29
215175,26809.87
215174,38525.47
215173,26563.87
215172,13376.61
215171,15024.29
215170,21997.8
215169,18809.82
215168,38763.5
215167,46588.87
215166,10185.45
215165,10521.11
215164,10619.91
215163,15056.94
215162,21740.55
215161,29100.75
215160,18206.42
215159,11266.23
215158,11410.58
215157,18077.47
215156,18556.2
215155,27699.95
215154,34473.42
215153,19598.73
215152,916.01
215151,11433.49
215150,10936.88
215149,14339.36
215148,18107.75
215147,21858.57
215146,15640.7
215145,10948.87
215144,10547.55
215143,13226.12
215142,19226.38
215141,18879.82
215140,29900.52
215139,22319.19
215138,11890.47
215137,16130.55
215136,13288.84
215135,19211.06
215134,429.33
215133,34397.42
215132,24442.16
215131,11881.05
215130,15111.34
215129,14961.28
215128,24850.0
215127,32152.17
215126,44374.43
215125,27715.4
215124,12962.43
215123,12892.54
215122,14208.27
215121,14406.98
215120,25462.33
215119,25603.0
215118,26544.48
215117,11995.86
215116,15572.56
215115,15299.01
215114,17144.03
215113,18452.04
215112,32662.17
215111,24323.73
215110,11127.79
215109,13513.39
215108,15614.72
215107,20238.92
215106,27949.86
215105,26904.97
215104,20997.78
215103,13259.42
215102,15220.86
215101,11662.96
215100,15401.15
215099,20220.67
215098,24460.34
215097,19538.31
215096,11100.91
215095,18978.9
215094,17660.43
215093,16475.34
215092,22672.38
215091,27884.78
215090,22514.79
215089,13510.0
215088,15240.45
215087,13151.83
215086,22933.6
215085,29995.09
215084,30766.99
215083,26153.57
215082,9462.53
215081,10161.25
215080,13332.81
215079,14237.32
215078,20063.22
215077,22227.46
215076,22341.37
215075,9610.73
215074,8401.69
215073,14094.19
215072,15809.15
215071,19420.47
215070,19829.21
215069,16646.85
215068,13204.72
