175288,18794.71
175287,32828.74
175286,15897.19
175285,9530.01
175284,7470.94
175283,7028.35
175282,8146.74
175281,648.62
175280,18131.07
175279,11214.83
175278,5209.18
175277,7672.48
175276,6906.21
175275,13905.63
175274,14452.27
175273,23676.14
175272,10729.32
175271,15282.89
175270,8864.23
175269,10537.1
175268,8286.17
175267,5323.47
175266,24800.28
175265,12995.99
175264,6943.11
175263,5745.26
175262,7535.39
175261,7528.69
175260,14824.52
175259,23174.35
175258,10083.79
175257,5768.13
175256,4991.07
175255,9912.51
175254,9892.8
175253,18374.06
175252,29865.5
175251,11113.03
175250,7767.46
175249,8590.86
175248,10979.45
175247,23513.84
175246,25813.94
175245,48203.36
175244,20633.79
175243,14643.72
175242,14424.81
175241,16093.74
175240,12178.67
175239,22351.28
175238,39337.02
175237,19384.69
175236,7959.68
175235,8116.84
175234,9411.58
175233,10768.77
175232,21797.7
175231,34296.44
175230,17569.03
175229,12931.09
175228,6300.57
175227,9099.98
175226,17271.94
175225,30426.58
175224,52733.05
175223,26518.3
175222,18312.71
175221,19749.15
175220,20434.94
175219,14954.92
175218,24170.19
175217,45705.81
175216,22905.13
175215,15405.1
175214,19426.45
175213,26307.88
175212,26038.83
175211,32630.17
175210,48993.28
175209,23100.75
175208,15267.03
175207,17957.18
175206,19164.11
175205,19862.79
175204,50959.32
175203,52197.13
175202,12516.86
175201,6988.59
175200,11111.19
175199,9060.1
175198,18601.96
175197,29149.82
175196,15910.47
175195,9428.89
175194,15470.08
175193,17120.93
175192,26984.93
175191,36231.48
175190,20244.83
175189,4920.95
175188,17597.66
175187,28515.47
175186,14091.19
175185,7587.08
175184,8752.57
175183,16713.66
175182,20171.93
175181,30105.2
175180,17221.99
175179,14746.51
175178,13134.08
175177,11529.98
175176,15951.81
175175,19187.8
175174,41968.82
175173,16996.57
175172,10225.8
175171,14099.18
175170,14898.19
175169,21370.45
175168,29168.13
175167,42014.93
175166,21386.95
175165,10110.79
175164,10225.17
175163,11687.94
175162,13508.56
175161,30278.47
175160,33391.11
175159,22759.43
175158,12467.03
175157,16031.39
175156,17309.58
175155,17161.39
175154,25411.59
175153,31134.81
175152,23825.67
175151,9290.49
175150,10911.16
175149,10527.41
175148,15843.6
175147,22251.85
175146,26336.6
175145,17750.12
175144,20612.56
175143,9914.65
175142,12690.23
175141,12656.17
175140,18486.09
175139,31855.44
175138,16135.01
175137,8188.92
175136,18838.63
175135,14496.31
175134,17727.29
175133,20981.15
175132,30213.25
175131,19805.43
175130,13002.55
175129,15859.78
175128,14360.61
175127,18079.53
175126,26124.95
175125,34571.36
175124,18185.15
175123,8696.78
175122,12209.77
175121,12981.07
175120,14591.51
175119,22610.66
175118,24850.15
175117,19028.88
175116,9013.31
175115,9268.42
175114,12466.69
175113,13791.67
175112,21102.19
175111,26390.67
175110,13777.01
175109,9485.32
