180280,28993.84
180279,46615.64
180278,39603.18
180277,15839.81
180276,15082.21
180275,18298.68
180274,16369.12
180273,878.39
180272,30856.06
180271,22171.11
180270,11898.59
180269,14721.55
180268,13531.93
180267,20745.86
180266,20500.92
180265,44768.75
180264,27946.09
180263,29422.83
180262,15563.87
180261,10575.6
180260,16151.39
180259,8991.07
180258,19907.27
180257,34523.1
180256,12348.81
180255,13286.75
180254,13840.81
180253,11584.28
180252,24117.16
180251,40400.01
180250,27677.93
180249,12526.23
180248,18213.05
180247,11907.41
180246,25742.51
180245,24774.67
180244,42570.59
180243,25286.34
180242,15290.87
180241,11259.51
180240,20110.14
180239,35545.28
180238,39608.13
180237,74439.37
180236,37788.6
180235,20463.22
180234,21630.85
180233,23127.84
180232,18585.18
180231,35244.77
180230,45459.12
180229,31398.2
180228,14181.92
180227,12762.58
180226,14850.11
180225,14126.43
180224,25306.16
180223,47900.4
180222,23099.32
180221,16927.37
180220,14906.1
180219,18965.04
180218,30565.66
180217,44688.23
180216,66670.84
180215,43165.64
180214,29988.78
180213,33248.6
180212,45449.64
180211,28667.49
180210,36387.83
180209,61678.15
180208,52724.83
180207,17552.0
180206,26818.23
180205,38415.84
180204,38333.91
180203,48606.44
180202,72120.48
180201,49787.26
180200,27881.24
180199,29433.39
180198,39516.11
180197,33034.02
180196,58909.01
180195,85826.6
180194,18626.39
180193,24839.9
180192,22873.13
180191,27791.73
180190,35479.43
180189,44262.49
180188,34055.45
180187,19011.7
180186,20049.17
180185,28523.33
180184,26703.22
180183,37689.89
180182,51913.3
180181,38809.74
180180,38.7
180179,16244.84
180178,14871.48
180177,21524.11
180176,22649.58
180175,41924.8
180174,29499.87
180173,15187.12
180172,17668.92
180171,18562.09
180170,33861.32
180169,39663.71
180168,53464.43
180167,42032.42
180166,24774.73
180165,32267.89
180164,25477.11
180163,31243.1
180162,58853.45
180161,41617.29
180160,21711.98
180159,26467.86
180158,27617.75
180157,39113.73
180156,46216.69
180155,71701.46
180154,42482.57
180153,17777.72
180152,17293.16
180151,20098.57
180150,25081.81
180149,44522.9
180148,55224.5
180147,44906.33
180146,22568.31
180145,24763.36
180144,30249.19
180143,30462.01
180142,38286.12
180141,57562.73
180140,47532.4
180139,22620.06
180138,27302.24
180137,30175.57
180136,44995.17
180135,43054.85
180134,37369.11
180133,43401.18
180132,21425.16
180131,21319.02
180130,26085.23
180129,34778.01
180128,44109.71
180127,38228.73
180126,20729.62
180125,31795.32
180124,33749.16
180123,30491.9
180122,37331.64
180121,50281.38
180120,38790.15
180119,24325.58
180118,26747.53
180117,30681.43
180116,30776.17
180115,39291.62
180114,56583.19
180113,38249.83
180112,15002.55
180111,19782.47
180110,22799.8
180109,23022.97
180108,32251.39
180107,37876.64
180106,36179.57
180105,18151.34
180104,15116.99
180103,17680.9
180102,26525.01
180101,29224.81
180100,33047.93
180099,26623.79
180098,22545.09
