189832,20805.6
189831,31336.14
189830,24997.42
189829,9313.99
189828,11249.66
189827,8155.36
189826,9460.15
189825,186.59
189824,20489.86
189823,11420.19
189822,5712.15
189821,6320.51
189820,10486.57
189819,12724.08
189818,18155.35
189817,25779.65
189816,19474.01
189815,17104.9
189814,13095.2
189813,6032.33
189812,12821.42
189811,2280.07
189810,20534.09
189809,18146.02
189808,8005.31
189807,8890.11
189806,12133.07
189805,9645.8
189804,20235.34
189803,25736.04
189802,18047.02
189801,9623.83
189800,10961.41
189799,12424.84
189798,14206.3
189797,16905.41
189796,28692.17
189795,18651.66
189794,8290.63
189793,9017.42
189792,12856.11
189791,29191.31
189790,35401.52
189789,63990.18
189788,19741.46
189787,16493.04
189786,16058.43
189785,19023.34
189784,18070.84
189783,22788.36
189782,37255.92
189781,26806.58
189780,12895.19
189779,10657.85
189778,11904.72
189777,9868.0
189776,17379.92
189775,31689.27
189774,17617.65
189773,18114.89
189772,11189.68
189771,11298.61
189770,23677.46
189769,29274.33
189768,46089.19
189767,32545.28
189766,16331.52
189765,25029.8
189764,30209.15
189763,14297.79
189762,22590.84
189761,40076.0
189760,32875.81
189759,12208.78
189758,12808.3
189757,30764.12
189756,24701.7
189755,25900.42
189754,42212.68
189753,31686.22
189752,18964.51
189751,21422.74
189750,29544.9
189749,24652.71
189748,38714.5
189747,54456.11
189746,14751.48
189745,12174.9
189744,13609.76
189743,14071.11
189742,23725.26
189741,29636.13
189740,21504.99
189739,9326.9
189738,10821.21
189737,23840.2
189736,24170.39
189735,26325.19
189734,43254.38
189733,29720.67
189732,1368.16
189731,10919.4
189730,13639.54
189729,14806.19
189728,20450.66
189727,27927.34
189726,23118.97
189725,17882.76
189724,16128.7
189723,14068.39
189722,27641.92
189721,33446.51
189720,36510.44
189719,26082.17
189718,19293.99
189717,21187.38
189716,21626.35
189715,22409.06
189714,1221.57
189713,47343.01
189712,29341.4
189711,16935.35
189710,20502.77
189709,21455.65
189708,30458.8
189707,34074.11
189706,45366.81
189705,35762.55
189704,16541.97
189703,11867.89
189702,15125.84
189701,13577.13
189700,30760.46
189699,39526.43
189698,28055.33
189697,17131.18
189696,17222.2
189695,19068.06
189694,15334.79
189693,22719.84
189692,41692.7
189691,29643.28
189690,10979.53
189689,16777.44
189688,17996.04
189687,97.11
189686,29836.08
189685,31329.49
189684,26033.11
189683,33126.51
189682,16236.24
189681,16778.44
189680,16157.74
189679,22899.17
189678,34685.37
189677,23916.32
189676,12608.53
189675,24794.7
189674,23804.6
189673,24314.39
189672,34926.18
189671,41599.45
189670,27789.3
189669,21145.63
189668,16860.56
189667,20647.89
189666,26399.11
189665,29955.07
189664,38777.22
189663,25289.04
189662,9667.09
189661,11440.05
189660,13647.88
189659,14696.64
189658,26842.75
189657,25941.97
189656,28025.25
189655,13608.65
189654,9718.55
189653,14698.2
189652,16999.49
189651,25737.45
189650,25938.03
189649,18841.94
189648,17132.55
