148461,34733.28
148460,56673.66
148459,44480.87
148458,15251.72
148457,19034.76
148456,15160.66
148455,14852.78
148454,942.3
148453,36980.89
148452,37692.07
148451,17497.01
148450,18023.67
148449,17330.69
148448,31688.5
148447,27446.23
148446,47996.6
148445,42796.48
148444,47736.91
148443,27257.79
148442,26372.0
148441,19992.01
148440,26155.73
148439,52005.02
148438,44483.68
148437,15323.72
148436,16748.45
148435,14681.44
148434,18234.96
148433,35241.45
148432,57498.44
148431,31369.69
148430,18945.59
148429,19466.76
148428,23587.55
148427,21229.65
148426,34561.84
148425,51306.1
148424,35483.42
148423,24304.86
148422,27978.5
148421,28811.25
148420,48787.64
148419,53550.15
148418,89520.0
148417,55233.15
148416,41429.2
148415,28792.36
148414,30250.57
148413,21579.71
148412,39793.07
148411,69192.63
148410,49318.83
148409,21839.93
148408,23193.63
148407,23685.57
148406,26109.73
148405,38072.0
148404,58878.44
148403,40146.3
148402,27427.45
148401,25917.33
148400,22245.58
148399,50686.13
148398,54457.58
148397,86651.67
148396,71330.86
148395,43500.54
148394,40108.06
148393,53833.3
148392,41539.64
148391,50329.0
148390,76874.62
148389,63355.06
148388,30842.39
148387,32489.23
148386,46955.3
148385,44213.68
148384,49931.36
148383,77213.81
148382,60624.28
148381,37417.98
148380,36637.96
148379,47966.83
148378,38337.34
148377,69108.3
148376,98129.69
148375,22715.49
148374,19111.3
148373,24039.66
148372,30463.66
148371,36932.41
148370,56418.08
148369,55100.99
148368,632.53
148367,24132.13
148366,39780.39
148365,38705.25
148364,52638.25
148363,78333.19
148362,65544.72
148361,20133.41
148360,2146.07
148359,1063.74
148358,347.93
148357,32915.9
148356,55646.09
148355,45265.91
148354,1083.98
148353,21359.52
148352,24103.62
148351,44692.12
148350,51086.79
148349,75562.26
148348,57950.57
148347,29815.16
148346,32261.81
148345,35562.95
148344,33001.22
148343,46016.98
148342,72951.82
148341,50820.0
148340,26677.47
148339,32363.95
148338,31051.15
148337,50763.77
148336,62479.84
148335,99750.66
148334,55748.79
148333,22375.33
148332,22633.83
148331,23677.64
148330,30525.46
148329,56388.69
148328,77258.93
148327,57960.83
148326,33455.01
148325,32561.25
148324,39158.23
148323,36245.52
148322,45485.84
148321,80965.37
148320,67614.29
148319,24710.98
148318,23730.81
148317,25148.31
148316,42906.95
148315,47957.51
148314,71749.23
148313,53644.29
148312,53129.52
148311,23988.01
148310,23076.27
148309,28260.19
148308,38347.68
148307,61717.46
148306,48161.5
148305,16146.1
148304,30684.48
148303,37848.6
148302,42057.73
148301,40058.76
148300,80342.14
148299,61579.69
148298,35099.79
148297,37343.66
148296,34030.67
148295,40128.31
148294,54346.7
148293,75494.48
148292,53385.3
148291,22654.63
148290,22795.99
148289,23460.92
148288,29238.47
148287,44290.93
148286,49356.58
148285,51582.02
148284,22985.25
148283,19535.97
148282,26611.56
148281,28714.81
148280,42290.45
148279,46915.46
148278,39150.11
148277,27380.53
