74860,26037.92
74859,44130.69
74858,36053.39
74857,15260.47
74856,15491.83
74855,12289.94
74854,15016.09
74853,1876.12
74852,32747.3
74851,20320.62
74850,10083.34
74849,11646.93
74848,10136.04
74847,22691.15
74846,19814.53
74845,39652.09
74844,27070.47
74843,30723.2
74842,18226.54
74841,17373.2
74840,16918.78
74839,1161.81
74838,5370.57
74837,17875.38
74836,13438.36
74835,13197.2
74834,11837.27
74833,12220.44
74832,21830.6
74831,41912.12
74830,28150.37
74829,17186.15
74828,16989.52
74827,16581.2
74826,20573.13
74825,22521.91
74824,45660.37
74823,25192.32
74822,11181.98
74821,13423.12
74820,21651.9
74819,36471.98
74818,29732.49
74817,67435.19
74816,39382.34
74815,9870.87
74814,21453.49
74813,26625.99
74812,18141.9
74811,27344.71
74810,46279.72
74809,33086.6
74808,12423.38
74807,14744.65
74806,6679.13
74805,15015.93
74804,23825.5
74803,43492.4
74802,26945.77
74801,23535.81
74800,17035.74
74799,15763.4
74798,24828.78
74797,37398.62
74796,66270.36
74795,48076.64
74794,31973.46
74793,31947.5
74792,45159.78
74791,30929.19
74790,32900.3
74789,64763.06
74788,49568.92
74787,16455.9
74786,19358.89
74785,35339.7
74784,32164.55
74783,39588.63
74782,66996.85
74781,44908.14
74780,29293.42
74779,28263.48
74778,37258.07
74777,30739.75
74776,53507.05
74775,56100.08
74774,-38.78
74773,20519.2
74772,15680.08
74771,19609.32
74770,19904.4
74769,22954.79
74768,40206.67
74767,27598.22
74766,13316.23
74765,14289.8
74764,23299.91
74763,18972.32
74762,34089.06
74761,52468.16
74760,36152.64
74759,941.63
74758,14838.83
74757,15919.26
74756,18636.89
74755,22193.93
74754,34742.9
74753,30161.88
74752,19724.48
74751,15158.69
74750,16729.6
74749,33762.55
74748,30900.19
74747,55487.44
74746,41367.77
74745,25171.02
74744,28058.76
74743,27646.37
74742,26470.13
74741,1033.09
74740,67737.49
74739,39404.56
74738,22363.18
74737,22298.12
74736,26262.08
74735,26471.49
74734,38593.21
74733,55915.99
74732,45285.12
74731,16648.35
74730,20253.13
74729,19075.07
74728,17522.82
74727,40848.46
74726,49875.84
74725,49110.93
74724,25965.76
74723,25091.76
74722,28484.69
74721,26961.94
74720,32763.25
74719,56037.43
74718,47123.49
74717,15231.55
74716,16586.36
74715,19138.13
74714,174.5
74713,30440.82
74712,44180.08
74711,41323.79
74710,51251.94
74709,17974.58
74708,17845.07
74707,21992.9
74706,29383.67
74705,47915.53
74704,38446.97
74703,20242.69
74702,32199.23
74701,33453.74
74700,28972.22
74699,36964.24
74698,53042.8
74697,45951.0
74696,24209.68
74695,25172.79
74694,27692.07
74693,34175.09
74692,43105.03
74691,51265.98
74690,37490.55
74689,17387.55
74688,18560.3
74687,20578.08
74686,20371.29
74685,27864.58
74684,35812.03
74683,39763.53
74682,16416.15
74681,10312.64
74680,18994.74
74679,22785.74
74678,24657.0
74677,35901.76
74676,25432.0
74675,25326.43
