190979,39604.24
190978,56504.18
190977,49137.06
190976,15272.39
190975,15113.66
190974,17075.91
190973,15466.77
190972,1036.35
190971,36729.51
190970,33014.29
190969,13885.02
190968,12767.9
190967,10695.31
190966,18433.13
190965,28597.79
190964,45611.7
190963,28075.26
190962,31033.67
190961,12897.75
190960,14725.68
190959,15605.97
190958,16737.1
190957,46904.52
190956,38999.17
190955,5798.79
190954,15652.44
190953,15789.72
190952,15418.91
190951,26576.3
190950,52298.13
190949,40067.55
190948,15008.58
190947,1208.05
190946,13000.94
190945,20441.24
190944,21531.37
190943,48475.12
190942,29270.38
190941,15751.19
190940,17910.18
190939,21090.56
190938,34447.62
190937,47118.8
190936,83372.19
190935,58049.91
190934,41663.59
190933,25994.17
190932,25786.76
190931,21390.54
190930,40309.07
190929,68190.81
190928,48340.44
190927,19132.07
190926,16586.82
190925,21719.85
190924,17397.25
190923,27262.53
190922,54822.1
190921,40190.0
190920,25867.64
190919,16687.14
190918,20921.86
190917,46774.06
190916,57568.94
190915,92407.65
190914,69094.47
190913,38138.87
190912,39006.95
190911,54779.95
190910,37830.05
190909,43357.49
190908,72218.66
190907,53070.79
190906,18744.29
190905,18932.68
190904,39868.09
190903,33809.03
190902,41100.79
190901,81748.7
190900,65156.21
190899,29361.47
190898,29454.95
190897,29890.63
190896,32237.16
190895,63074.63
190894,80103.39
190893,27587.04
190892,15038.68
190891,19951.16
190890,22909.58
190889,27266.42
190888,52710.75
190887,37882.04
190886,544.97
190885,16107.9
190884,33975.16
190883,26659.77
190882,36808.27
190881,66181.93
190880,55020.9
190879,18773.78
190878,14899.86
190877,17317.12
190876,21698.49
190875,29429.39
190874,50659.79
190873,47990.47
190872,16070.1
190871,19723.34
190870,20590.75
190869,37965.1
190868,40937.16
190867,70606.99
190866,60920.5
190865,27101.92
190864,25844.17
190863,28559.1
190862,30869.31
190861,703.26
190860,84914.69
190859,45428.93
190858,20242.35
190857,21453.92
190856,21554.04
190855,35937.65
190854,37456.99
190853,63289.52
190852,52125.98
190851,13404.3
190850,26420.81
190849,23561.02
190848,28324.62
190847,50209.31
190846,72670.92
190845,57424.2
190844,25510.29
190843,26892.47
190842,33868.29
190841,32699.75
190840,46957.58
190839,62611.27
190838,63444.95
190837,25714.27
190836,26149.02
190835,32959.17
190834,182.61
190833,48920.25
190832,57438.06
190831,50086.75
190830,59732.07
190829,26976.59
190828,28494.6
190827,33887.2
190826,36899.09
190825,54550.25
190824,43920.82
190823,29898.78
190822,34571.74
190821,38020.12
190820,41242.81
190819,49989.6
190818,79883.67
190817,64159.64
190816,31434.74
190815,32943.73
190814,29426.04
190813,40074.33
190812,55555.86
190811,67994.29
190810,51095.26
190809,21121.14
190808,22954.12
190807,26010.65
190806,27922.68
190805,41796.01
190804,44593.78
190803,52650.52
190802,19088.64
190801,17109.81
190800,22463.99
190799,28357.08
190798,32464.41
190797,40941.62
190796,28358.11
190795,18446.0
