131408,59506.72
131407,108473.27
131406,93962.66
131405,39472.5
131404,40457.39
131403,30867.1
131402,40420.84
131401,1788.6
131400,69923.97
131399,68307.33
131398,30414.87
131397,35381.32
131396,29622.84
131395,60870.04
131394,61129.17
131393,92614.3
131392,84283.42
131391,65745.94
131390,37881.41
131389,46786.31
131388,48560.88
131387,47107.16
131386,3808.82
131385,27438.32
131384,25688.77
131383,27389.26
131382,27096.18
131381,33649.11
131380,44877.28
131379,93142.55
131378,78358.75
131377,38323.4
131376,40898.18
131375,32318.6
131374,43110.96
131373,40857.96
131372,82955.19
131371,78526.71
131370,36964.0
131369,32372.67
131368,40212.34
131367,60177.62
131366,77937.38
131365,116451.1
131364,82996.92
131363,72098.74
131362,47848.22
131361,67724.66
131360,46031.45
131359,70283.16
131358,106096.68
131357,84294.74
131356,38417.03
131355,27888.62
131354,34757.79
131353,34396.53
131352,55031.49
131351,97495.18
131350,75088.42
131349,45889.74
131348,42430.53
131347,40848.06
131346,77726.66
131345,71984.53
131344,142038.63
131343,124558.14
131342,80055.26
131341,83003.94
131340,102800.86
131339,63529.68
131338,73673.71
131337,122851.01
131336,105886.32
131335,34633.72
131334,41845.71
131333,85690.03
131332,68258.09
131331,82730.31
131330,145168.74
131329,107070.32
131328,62975.37
131327,67537.28
131326,83477.27
131325,65902.22
131324,110959.79
131323,146429.38
131322,-10.88
131321,38572.44
131320,43747.43
131319,49767.39
131318,52109.19
131317,65818.26
131316,107978.94
131315,82816.81
131314,64.76
131313,39557.14
131312,72663.32
131311,63600.87
131310,90196.75
131309,127993.1
131308,119563.76
131307,41951.46
131306,15.99
131305,64782.61
131304,118440.2
131303,107666.07
131302,366.02
131301,50406.66
131300,55722.36
131299,97126.96
131298,109808.2
131297,154435.24
131296,135649.34
131295,86408.99
131294,86533.95
131293,88481.56
131292,77137.54
131291,95858.31
131290,137202.46
131289,83129.25
131288,56024.73
131287,44471.9
131286,59908.41
131285,86651.04
131284,95449.55
131283,161164.21
131282,109887.68
131281,40469.28
131280,47802.92
131279,54041.32
131278,50443.71
131277,106317.56
131276,147589.03
131275,131350.48
131274,60092.25
131273,58045.97
131272,68512.43
131271,75034.04
131270,91906.97
131269,128775.37
131268,132519.13
131267,53799.34
131266,57556.32
131265,64110.82
131264,87042.38
131263,112694.95
131262,165697.37
131261,129569.44
131260,157595.59
131259,62874.49
131258,71935.88
131257,71150.09
131256,72717.26
131255,119688.49
131254,111272.43
131253,54489.27
131252,97548.03
131251,74901.21
131250,92138.64
131249,88048.94
131248,160266.99
131247,143292.81
131246,78817.31
131245,87956.97
131244,89055.68
131243,96346.14
131242,117248.8
131241,151793.75
131240,154024.32
131239,73563.3
131238,70741.34
131237,73728.91
131236,65867.48
131235,97202.64
131234,109886.56
131233,128734.07
131232,63378.68
131231,48072.3
131230,70085.94
131229,81744.92
131228,85934.11
131227,127820.69
131226,106899.24
131225,104000.76
