99984,25406.96
99983,50816.13
99982,53447.07
99981,20718.84
99980,16790.66
99979,22961.77
99978,21181.19
99977,1188.11
99976,35215.16
99975,33291.58
99974,20256.33
99973,18750.27
99972,15966.54
99971,31046.26
99970,31572.86
99969,39371.88
99968,31885.22
99967,31396.8
99966,26840.91
99965,21356.24
99964,20845.38
99963,24149.98
99962,35147.84
99961,35188.18
99960,13230.89
99959,17817.0
99958,17858.41
99957,20458.65
99956,33729.35
99955,38804.41
99954,23404.6
99953,21705.34
99952,22246.43
99951,27147.72
99950,24113.36
99949,33290.53
99948,38999.64
99947,28445.42
99946,20962.75
99945,20990.01
99944,25636.24
99943,44622.02
99942,50008.8
99941,62673.44
99940,44671.34
99939,44237.05
99938,28366.86
99937,28831.38
99936,24633.85
99935,36472.63
99934,51074.24
99933,40215.16
99932,23119.45
99931,21833.67
99930,24886.0
99929,23559.99
99928,36671.35
99927,44600.21
99926,32962.34
99925,30577.39
99924,24783.43
99923,23951.37
99922,43793.9
99921,52510.78
99920,58994.72
99919,57075.92
99918,33235.42
99917,41742.92
99916,52953.45
99915,32820.09
99914,34652.5
99913,57076.17
99912,49802.63
99911,22266.58
99910,23545.62
99909,49981.83
99908,38639.25
99907,46896.2
99906,62654.22
99905,47351.24
99904,36896.04
99903,40617.38
99902,43630.95
99901,35443.02
99900,52406.12
99899,73170.34
99898,25947.94
99897,25562.57
99896,23582.87
99895,29783.77
99894,33270.07
99893,41831.52
99892,35185.42
99891,24023.46
99890,24018.41
99889,32991.65
99888,32154.73
99887,39511.63
99886,50732.86
99885,52777.24
99884,1253.93
99883,19613.23
99882,27552.82
99881,23850.68
99880,31109.64
99879,37092.36
99878,34606.83
99877,19620.62
99876,19935.49
99875,28349.13
99874,44309.65
99873,52753.8
99872,63548.72
99871,45924.29
99870,29441.86
99869,32716.64
99868,33973.79
99867,36927.93
99866,1273.9
99865,64542.22
99864,44905.79
99863,26962.34
99862,32077.62
99861,32325.04
99860,40410.74
99859,52060.1
99858,83865.24
99857,50734.49
99856,24647.52
99855,26267.29
99854,26934.26
99853,25695.74
99852,58338.27
99851,55224.08
99850,45653.9
99849,30168.54
99848,37018.45
99847,40921.6
99846,33258.68
99845,48560.32
99844,59783.63
99843,57138.37
99842,26903.99
99841,23152.49
99840,26161.39
99839,482.52
99838,40820.4
99837,51301.59
99836,43683.52
99835,59903.4
99834,29426.19
99833,41962.89
99832,50368.08
99831,41922.5
99830,47987.42
99829,48953.48
99828,26846.51
99827,43521.41
99826,42139.54
99825,42639.84
99824,46278.99
99823,56668.97
99822,49419.59
99821,36528.94
99820,37350.88
99819,38582.98
99818,43936.96
99817,50804.15
99816,64308.58
99815,46647.08
99814,22306.61
99813,26763.56
99812,28774.28
99811,31352.48
99810,42620.83
99809,40309.43
99808,50160.66
99807,23702.59
99806,17994.11
99805,27466.9
99804,32587.89
99803,39100.83
99802,41238.61
99801,43790.61
99800,29549.25
