24930,28120.21
24929,34439.62
24928,22617.74
24927,11249.16
24926,9304.84
24925,8298.22
24924,9542.81
24923,1006.63
24922,18190.56
24921,15271.57
24920,7629.12
24919,7818.28
24918,9983.36
24917,16485.91
24916,17339.73
24915,23670.64
24914,12444.02
24913,17748.56
24912,5902.02
24911,7003.84
24910,10197.49
24909,13432.52
24908,28781.17
24907,16384.79
24906,6955.19
24905,8110.11
24904,7025.19
24903,8535.42
24902,21871.63
24901,34522.38
24900,21446.31
24899,10122.87
24898,9215.52
24897,10564.59
24896,12928.79
24895,17959.81
24894,33734.57
24893,16600.41
24892,7880.19
24891,12220.61
24890,11862.41
24889,25884.69
24888,34956.22
24887,52037.0
24886,32454.04
24885,28688.7
24884,15164.0
24883,19145.56
24882,13655.15
24881,23982.31
24880,42160.8
24879,25904.17
24878,10751.05
24877,14231.18
24876,10714.65
24875,9725.42
24874,17004.13
24873,32198.79
24872,20578.3
24871,15470.31
24870,9799.8
24869,11439.56
24868,28763.22
24867,31712.66
24866,61216.72
24865,36479.88
24864,21283.22
24863,26176.6
24862,36991.2
24861,17795.27
24860,28661.11
24859,46602.53
24858,27310.08
24857,11387.56
24856,11906.12
24855,22971.0
24854,19976.27
24853,29223.41
24852,50003.82
24851,38459.87
24850,22667.7
24849,25079.21
24848,23553.61
24847,23678.47
24846,38941.22
24845,45404.86
24844,16590.44
24843,10393.38
24842,9071.25
24841,13482.15
24840,16758.58
24839,32991.36
24838,21101.83
24837,10170.1
24836,12402.42
24835,22561.46
24834,15703.78
24833,27523.13
24832,39480.42
24831,26931.7
24830,1048.48
24829,11062.49
24828,9709.93
24827,16570.52
24826,21845.64
24825,34309.15
24824,23755.29
24823,11304.8
24822,11678.93
24821,12286.71
24820,27655.08
24819,33082.33
24818,44518.12
24817,29417.55
24816,21911.39
24815,18032.81
24814,18851.25
24813,18804.65
24812,324.4
24811,47707.28
24810,24555.44
24809,14914.65
24808,15189.16
24807,16856.95
24806,21940.17
24805,30466.26
24804,43118.79
24803,30373.9
24802,15466.81
24801,16531.64
24800,19055.19
24799,21214.24
24798,33113.03
24797,43331.79
24796,28110.05
24795,19150.1
24794,22952.92
24793,22592.91
24792,22192.35
24791,28943.48
24790,36625.63
24789,27550.3
24788,12262.8
24787,15861.7
24786,14715.86
24785,113.07
24784,29847.11
24783,35467.55
24782,25506.11
24781,33268.79
24780,13937.98
24779,14265.44
24778,13985.94
24777,21368.98
24776,32741.88
24775,23305.69
24774,14506.5
24773,29929.84
24772,24538.31
24771,26308.36
24770,30866.55
24769,44848.74
24768,32006.29
24767,24516.22
24766,25102.34
24765,27040.57
24764,27530.31
24763,35612.57
24762,43802.46
24761,23913.48
24760,13894.77
24759,14065.25
24758,12973.94
24757,16877.14
24756,22642.1
24755,27656.28
24754,25000.01
24753,11095.23
24752,10325.78
24751,11185.63
24750,16118.12
24749,19498.78
24748,25758.66
24747,16834.73
24746,12644.18
