3459,33555.54
3458,53957.49
3457,53262.66
3456,15860.3
3455,20018.6
3454,20293.36
3453,18612.86
3452,1552.62
3451,38880.52
3450,27864.22
3449,13675.46
3448,12119.75
3447,13369.44
3446,34506.84
3445,43345.91
3444,56439.27
3443,30985.31
3442,33578.45
3441,23593.05
3440,24559.95
3439,30146.65
3438,30461.08
3437,54557.39
3436,44180.32
3435,12216.54
3434,19674.89
3433,17122.19
3432,15490.94
3431,33833.24
3430,48854.28
3429,33064.92
3428,20408.3
3427,14592.2
3426,19932.06
3425,26587.06
3424,30878.62
3423,45702.0
3422,33301.17
3421,13159.78
3420,17901.29
3419,18795.49
3418,54235.31
3417,56585.88
3416,94477.23
3415,55934.96
3414,38543.08
3413,35056.31
3412,43809.37
3411,28281.1
3410,42190.59
3409,69532.46
3408,55871.55
3407,20709.44
3406,18612.53
3405,20581.76
3404,20671.54
3403,34862.63
3402,52927.34
3401,38589.33
3400,31999.27
3399,10482.06
3398,17660.69
3397,52670.19
3396,64671.99
3395,91306.98
3394,84295.19
3393,52937.85
3392,54780.08
3391,76439.9
3390,31479.62
3389,43814.2
3388,60360.72
3387,51753.46
3386,21993.94
3385,21798.54
3384,37293.37
3383,43361.53
3382,50431.19
3381,84532.43
3380,66348.59
3379,40601.51
3378,43500.65
3377,44727.06
3376,25420.91
3375,62446.67
3374,90901.35
3373,23125.96
3372,20639.04
3371,23325.08
3370,22172.63
3369,29936.35
3368,39554.16
3367,40972.83
3366,1665.92
3365,19055.33
3364,38463.29
3363,36705.44
3362,40832.91
3361,76601.78
3360,66221.04
3359,14805.07
3358,21587.84
3357,20364.74
3356,25473.98
3355,31824.65
3354,45707.26
3353,40499.94
3352,24785.65
3351,17712.09
3350,23375.13
3349,56047.12
3348,57351.52
3347,86013.06
3346,63609.16
3345,38466.15
3344,37606.32
3343,39787.24
3342,38037.86
3341,1133.01
3340,88455.82
3339,46509.59
3338,25306.91
3337,29916.45
3336,32456.91
3335,52887.54
3334,57897.19
3333,98419.28
3332,66836.72
3331,19648.99
3330,17594.18
3329,22700.46
3328,24859.75
3327,58319.03
3326,70542.95
3325,56535.26
3324,36080.31
3323,39459.41
3322,39657.31
3321,38096.74
3320,53106.01
3319,71573.42
3318,81025.46
3317,27429.16
3316,26360.66
3315,29083.42
3314,801.28
3313,54678.89
3312,63085.56
3311,52272.87
3310,53329.32
3309,22795.5
3308,24010.07
3307,34083.47
3306,44335.65
3305,52784.05
3304,44438.88
3303,23222.28
3302,55668.98
3301,54260.88
3300,54327.52
3299,64653.71
3298,86800.37
3297,66261.37
3296,42021.78
3295,43806.19
3294,43325.85
3293,44583.8
3292,63822.19
3291,73692.12
3290,57191.67
3289,24816.82
3288,22666.07
3287,23539.74
3286,30138.83
3285,41205.87
3284,47518.36
3283,57194.66
3282,23611.15
3281,14662.44
3280,26515.35
3279,32230.66
3278,35253.02
3277,41569.59
3276,35664.1
3275,21309.52
