46021,35813.35
46020,52938.95
46019,41910.57
46018,16710.41
46017,16150.12
46016,19126.69
46015,18306.46
46014,1732.4
46013,37572.5
46012,23428.03
46011,16486.63
46010,14763.15
46009,11431.89
46008,22070.72
46007,30766.56
46006,50000.84
46005,27653.31
46004,43868.93
46003,24948.11
46002,26234.51
46001,29922.34
46000,5321.05
45999,427.96
45998,280.62
45997,8950.95
45996,12327.92
45995,17979.61
45994,17317.67
45993,23584.0
45992,48236.57
45991,32358.09
45990,12694.86
45989,16996.66
45988,14623.84
45987,19940.92
45986,25075.98
45985,46257.46
45984,28714.27
45983,17085.4
45982,18612.1
45981,20273.03
45980,51759.59
45979,52808.89
45978,80713.89
45977,54046.91
45976,13828.42
45975,24057.01
45974,29727.2
45973,23337.02
45972,43834.34
45971,63472.29
45970,40565.03
45969,17943.22
45968,16843.13
45967,13041.57
45966,17464.11
45965,29170.91
45964,58462.24
45963,37919.29
45962,28578.13
45961,20032.87
45960,18466.19
45959,39716.27
45958,44452.31
45957,84081.07
45956,65814.61
45955,40179.56
45954,43890.44
45953,62001.66
45952,33106.98
45951,49041.21
45950,72493.45
45949,53063.54
45948,22087.81
45947,19680.69
45946,41572.79
45945,38999.08
45944,51046.41
45943,77719.09
45942,52905.47
45941,33884.75
45940,40893.4
45939,47571.15
45938,40740.87
45937,63730.52
45936,88011.43
45935,-13.99
45934,26137.94
45933,25870.08
45932,26456.61
45931,32769.89
45930,31404.87
45929,54007.78
45928,35725.53
45927,1206.39
45926,20691.41
45925,33594.79
45924,27926.66
45923,37837.99
45922,64173.48
45921,55145.82
45920,22087.68
45919,1635.73
45918,758.44
45917,351.73
45916,30298.86
45915,46963.29
45914,38287.35
45913,1244.86
45912,22701.96
45911,21044.03
45910,41363.85
45909,50880.53
45908,79864.94
45907,53028.21
45906,32197.5
45905,39127.69
45904,35602.49
45903,33499.56
45902,48421.5
45901,76884.9
45900,47795.0
45899,25460.67
45898,28307.11
45897,28686.92
45896,39578.79
45895,48457.83
45894,78406.1
45893,43690.66
45892,24194.31
45891,24964.69
45890,27112.34
45889,27046.96
45888,59083.61
45887,74182.56
45886,57712.4
45885,36874.94
45884,29582.91
45883,33898.79
45882,37237.97
45881,51224.75
45880,75735.25
45879,51861.7
45878,22153.51
45877,26547.89
45876,29856.01
45875,39334.41
45874,50127.19
45873,59980.57
45872,52400.33
45871,70079.66
45870,21747.35
45869,26116.44
45868,28821.26
45867,37885.61
45866,51086.38
45865,48865.6
45864,24150.39
45863,44826.82
45862,42534.72
45861,40378.21
45860,48556.02
45859,79204.43
45858,57864.45
45857,34965.51
45856,36292.0
45855,36921.34
45854,42562.56
45853,49547.49
45852,68009.23
45851,47857.51
45850,22013.14
45849,21993.07
45848,31208.46
45847,26047.62
45846,44878.69
45845,46664.98
45844,47627.98
45843,22104.87
45842,16853.25
45841,23207.47
45840,32634.25
45839,34704.18
45838,39149.24
45837,36818.41
45836,37255.46
