7286,38800.65
7285,53355.85
7284,38242.76
7283,14032.99
7282,14673.27
7281,11211.6
7280,16597.21
7279,881.1
7278,22278.74
7277,20565.85
7276,11936.6
7275,9521.17
7274,14248.4
7273,33166.64
7272,28096.88
7271,45999.88
7270,28040.12
7269,35387.21
7268,21605.97
7267,15438.87
7266,21332.34
7265,22535.63
7264,47584.17
7263,33920.73
7262,14049.79
7261,11923.55
7260,18100.0
7259,15624.47
7258,31772.81
7257,49470.15
7256,25720.27
7255,19311.74
7254,16984.92
7253,21283.54
7252,21398.53
7251,28645.53
7250,48791.6
7249,24904.92
7248,13400.08
7247,17937.26
7246,21539.28
7245,56709.98
7244,63637.37
7243,90513.02
7242,24403.18
7241,39593.02
7240,29493.68
7239,36649.98
7238,29928.15
7237,47035.11
7236,64789.01
7235,48715.78
7234,20692.24
7233,20044.48
7232,19737.43
7231,19795.04
7230,32415.08
7229,58773.6
7228,35315.93
7227,29141.02
7226,16912.85
7225,18847.49
7224,39627.01
7223,60754.98
7222,95284.74
7221,62121.7
7220,43956.45
7219,45269.59
7218,57094.11
7217,33768.09
7216,42926.29
7215,68720.89
7214,42336.64
7213,21896.96
7212,19721.61
7211,41796.15
7210,35143.12
7209,45491.56
7208,80797.25
7207,57361.75
7206,39316.47
7205,44866.78
7204,41508.74
7203,38731.31
7202,65733.37
7201,71458.84
7200,31041.08
7199,30933.16
7198,24816.83
7197,28771.22
7196,33772.82
7195,47882.27
7194,31476.62
7193,1115.95
7192,19586.57
7191,35148.07
7190,33314.15
7189,39562.74
7188,71389.0
7187,44974.86
7186,20143.38
7185,2545.8
7184,1022.89
7183,347.8
7182,32944.52
7181,48171.92
7180,39621.22
7179,1405.3
7178,27370.61
7177,34892.51
7176,50979.82
7175,61811.74
7174,79568.28
7173,52240.25
7172,40660.97
7171,38682.36
7170,35211.63
7169,37179.1
7168,49855.11
7167,78849.34
7166,43192.15
7165,27997.3
7164,25556.32
7163,29587.5
7162,37769.37
7161,48278.69
7160,73031.19
7159,46300.91
7158,21058.12
7157,27760.83
7156,21536.06
7155,22784.98
7154,58004.01
7153,80573.44
7152,51742.95
7151,35253.66
7150,37901.95
7149,41503.59
7148,35695.9
7147,48914.64
7146,65522.64
7145,48157.04
7144,27060.44
7143,27084.13
7142,36123.96
7141,47577.88
7140,49391.96
7139,61282.98
7138,48204.12
7137,47879.14
7136,33240.44
7135,28778.29
7134,39654.02
7133,40185.88
7132,50107.12
7131,38216.87
7130,33150.73
7129,58694.13
7128,48127.36
7127,48711.32
7126,55786.12
7125,73217.05
7124,53952.8
7123,42639.72
7122,37946.02
7121,44920.88
7120,53726.0
7119,56188.68
7118,64796.88
7117,41669.62
7116,25287.47
7115,24301.82
7114,27509.82
7113,30464.6
7112,41966.06
7111,39775.29
7110,41999.09
7109,24268.18
7108,16771.95
7107,22225.37
7106,25723.68
7105,29075.83
7104,41000.53
7103,34315.43
7102,21580.52
