150949,31988.44
150948,59239.76
150947,49425.4
150946,17670.91
150945,18602.88
150944,19904.1
150943,22169.72
150942,2236.27
150941,38710.94
150940,17325.13
150939,13023.63
150938,10657.0
150937,15362.31
150936,29884.41
150935,35315.55
150934,47957.75
150933,33664.19
150932,30745.75
150931,22445.27
150930,20071.42
150929,22517.9
150928,28124.97
150927,50744.99
150926,39515.4
150925,12183.64
150924,13065.0
150923,17776.43
150922,17912.9
150921,34744.71
150920,47189.37
150919,31228.4
150918,21598.32
150917,19268.34
150916,28125.56
150915,26282.65
150914,34385.72
150913,43567.9
150912,32066.17
150911,17816.26
150910,10994.62
150909,23274.39
150908,50037.89
150907,55410.05
150906,85254.1
150905,52952.4
150904,42592.84
150903,32604.32
150902,36878.83
150901,30321.09
150900,53667.11
150899,64825.7
150898,51509.01
150897,17896.38
150896,23869.72
150895,7804.54
150894,10803.15
150893,37639.93
150892,49616.03
150891,29522.6
150890,32990.69
150889,12774.76
150888,19273.27
150887,52257.36
150886,63799.87
150885,81284.27
150884,60458.98
150883,43109.13
150882,49127.28
150881,66459.38
150880,35818.34
150879,43137.14
150878,63819.25
150877,50097.42
150876,18504.05
150875,22420.92
150874,40048.36
150873,44171.57
150872,47628.83
150871,73669.57
150870,48349.61
150869,38437.78
150868,40694.56
150867,42368.5
150866,38753.7
150865,69128.75
150864,80277.68
150863,24805.8
150862,26755.16
150861,26638.42
150860,26481.46
150859,39220.16
150858,41680.86
150857,29944.61
150856,719.41
150855,21541.49
150854,30776.43
150853,39413.42
150852,47747.08
150851,56087.7
150850,31455.65
150849,19136.42
150848,794.77
150847,705.37
150846,88.62
150845,32826.37
150844,42554.12
150843,41605.77
150842,697.98
150841,20224.35
150840,23607.2
150839,51684.46
150838,60415.57
150837,67421.94
150836,47033.08
150835,29569.89
150834,34563.19
150833,41337.6
150832,36034.17
150831,52247.23
150830,72737.43
150829,41572.79
150828,25849.23
150827,30944.58
150826,32579.98
150825,49166.91
150824,55170.15
150823,76615.73
150822,47346.3
150821,21118.86
150820,23873.03
150819,27607.86
150818,24142.25
150817,58871.72
150816,70427.25
150815,52956.36
150814,33151.94
150813,34613.48
150812,39270.76
150811,39507.75
150810,48922.61
150809,58013.35
150808,54314.02
150807,26806.8
150806,27430.32
150805,32043.81
150804,45351.13
150803,60203.74
150802,63092.95
150801,47206.79
150800,47265.71
150799,32136.95
150798,28031.67
150797,40748.06
150796,44980.54
150795,54657.64
150794,51615.64
150793,24856.96
150792,52263.23
150791,44079.01
150790,43161.15
150789,55174.32
150788,68292.75
150787,47555.63
150786,35015.67
150785,37472.5
150784,42713.25
150783,50704.09
150782,58269.52
150781,57175.41
150780,43859.02
150779,28327.92
150778,23834.12
150777,28486.03
150776,37225.95
150775,51492.69
150774,42364.07
150773,44509.84
150772,28829.72
150771,12740.44
150770,30036.7
150769,38211.37
150768,40763.07
150767,36623.03
150766,26611.47
150765,23585.9
