169534,18102.2
169533,24050.77
169532,16725.93
169531,7788.58
169530,6419.12
169529,8899.56
169528,9405.35
169527,834.67
169526,19149.66
169525,10441.03
169524,4867.82
169523,6028.81
169522,7109.28
169521,11414.64
169520,13812.41
169519,21133.94
169518,12736.41
169517,17154.36
169516,8469.2
169515,10673.71
169514,6904.42
169513,11220.8
169512,25302.39
169511,12494.06
169510,8322.97
169509,7100.43
169508,8098.59
169507,9666.24
169506,15368.11
169505,23021.84
169504,11979.36
169503,8927.12
169502,9596.15
169501,8250.54
169500,15067.95
169499,15494.14
169498,23734.88
169497,12858.37
169496,8371.8
169495,10333.43
169494,10889.16
169493,22725.03
169492,29093.71
169491,46943.34
169490,21627.37
169489,18962.01
169488,10168.24
169487,15691.53
169486,10700.63
169485,21703.41
169484,33694.33
169483,16834.7
169482,8590.58
169481,7192.82
169480,10620.11
169479,10823.33
169478,21082.56
169477,32236.58
169476,14605.88
169475,12275.85
169474,12862.25
169473,12724.34
169472,23049.98
169471,26580.2
169470,43580.49
169469,23703.03
169468,16089.69
169467,13331.65
169466,19383.94
169465,16604.1
169464,23282.11
169463,42209.78
169462,21908.49
169461,15133.65
169460,14909.18
169459,23680.74
169458,13670.96
169457,22672.95
169456,49747.43
169455,24880.78
169454,19246.73
169453,21263.37
169452,22941.92
169451,27755.62
169450,44740.33
169449,49242.47
169448,12440.29
169447,9427.8
169446,7511.88
169445,15142.19
169444,18690.79
169443,29290.51
169442,14661.28
169441,698.39
169440,12278.67
169439,20673.72
169438,20430.64
169437,25440.78
169436,39623.1
169435,24278.45
169434,8291.5
169433,9896.66
169432,11963.19
169431,14881.71
169430,17836.44
169429,24268.46
169428,15496.44
169427,7777.89
169426,8196.09
169425,9121.8
169424,19717.21
169423,23460.64
169422,34302.08
169421,17841.91
169420,12898.69
169419,14582.43
169418,17347.79
169417,19822.75
169416,1028.24
169415,44068.33
169414,21517.44
169413,12728.41
169412,14138.23
169411,18247.69
169410,23056.31
169409,31911.57
169408,46774.01
169407,19198.52
169406,10372.15
169405,234.66
169404,16396.44
169403,15895.21
169402,32594.88
169401,41072.55
169400,21755.56
169399,16355.43
169398,17393.65
169397,19968.4
169396,13755.03
169395,22566.96
169394,33745.76
169393,24532.69
169392,12808.09
169391,12659.52
169390,15657.81
169389,202.69
169388,25387.4
169387,33675.69
169386,16478.33
169385,27093.67
169384,12504.49
169383,13094.48
169382,16411.75
169381,22431.56
169380,27002.52
169379,15469.72
169378,13365.72
169377,19662.66
169376,20446.34
169375,20933.29
169374,26385.97
169373,34636.55
169372,18866.12
169371,13884.08
169370,17865.13
169369,19889.44
169368,21593.34
169367,28339.11
169366,31970.15
169365,16170.18
169364,11928.31
169363,11124.95
169362,11054.52
169361,16207.25
169360,22177.34
169359,24530.31
169358,16717.04
169357,11024.34
169356,11154.31
169355,13542.15
169354,18142.9
169353,21144.84
169352,29304.73
169351,13548.17
169350,15720.4
