102670,30464.73
102669,46677.21
102668,38600.08
102667,8868.9
102666,13608.94
102665,16043.95
102664,13509.63
102663,808.55
102662,35624.47
102661,21592.46
102660,13821.06
102659,14456.79
102658,13895.9
102657,21091.12
102656,25765.25
102655,35678.17
102654,28606.95
102653,34140.01
102652,17523.78
102651,16792.54
102650,16618.35
102649,19299.82
102648,38192.81
102647,24939.61
102646,13950.15
102645,16709.82
102644,15932.46
102643,18161.65
102642,25672.11
102641,43339.92
102640,30401.06
102639,13161.26
102638,17883.42
102637,18464.27
102636,21081.96
102635,26584.65
102634,33464.16
102633,21538.85
102632,14316.51
102631,21561.66
102630,22099.18
102629,39472.11
102628,46720.67
102627,67633.79
102626,45455.81
102625,51044.55
102624,28877.4
102623,28145.28
102622,20200.83
102621,38403.06
102620,58582.23
102619,47662.62
102618,17491.6
102617,21525.62
102616,22038.02
102615,18498.84
102614,34096.75
102613,50724.99
102612,38365.2
102611,30751.28
102610,21721.49
102609,22275.08
102608,46110.79
102607,52015.08
102606,75609.98
102605,57976.35
102604,39300.34
102603,41710.99
102602,55350.9
102601,32484.62
102600,38437.66
102599,53748.71
102598,43644.05
102597,20138.03
102596,20817.45
102595,36631.79
102594,34509.58
102593,37735.78
102592,57618.47
102591,52244.13
102590,30026.07
102589,31438.86
102588,45213.43
102587,37329.15
102586,55046.82
102585,79398.22
102584,-20.88
102583,20782.18
102582,19071.12
102581,16988.87
102580,25223.59
102579,27985.0
102578,45146.32
102577,40268.86
102576,550.52
102575,23607.42
102574,28976.71
102573,29594.24
102572,39420.5
102571,55017.4
102570,47493.11
102569,16281.76
102568,900.43
102567,326.86
102566,167.55
102565,28464.03
102564,42911.45
102563,34331.84
102562,730.45
102561,19854.18
102560,20290.77
102559,36344.64
102558,41594.89
102557,60109.21
102556,47951.22
102555,25550.98
102554,28826.03
102553,23727.73
102552,25881.79
102551,35403.57
102550,66325.49
102549,38975.62
102548,24196.48
102547,26825.18
102546,28324.03
102545,37964.27
102544,45446.18
102543,73150.35
102542,47554.18
102541,22494.58
102540,21976.15
102539,21761.26
102538,22300.38
102537,40739.34
102536,63622.81
102535,54271.97
102534,28399.5
102533,33976.81
102532,36379.8
102531,33749.3
102530,41300.25
102529,66932.44
102528,56587.16
102527,25719.77
102526,25607.13
102525,24697.81
102524,35909.74
102523,44030.39
102522,52209.06
102521,41138.78
102520,55080.33
102519,22701.99
102518,23305.4
102517,30521.54
102516,34602.65
102515,48606.8
102514,48563.97
102513,23368.79
102512,34596.35
102511,33030.29
102510,32471.04
102509,38074.14
102508,62718.37
102507,47143.29
102506,25602.26
102505,31692.29
102504,29958.44
102503,36631.13
102502,48718.75
102501,67153.92
102500,40364.46
102499,16946.51
102498,21035.01
102497,20907.11
102496,26324.36
102495,37474.31
102494,42231.17
102493,45663.69
102492,17953.44
102491,15122.54
102490,24149.14
102489,24918.55
102488,31070.26
102487,39327.2
102486,30501.43
102485,30134.38
