70661,33978.18
70660,59729.86
70659,57464.58
70658,16041.25
70657,20662.86
70656,21373.33
70655,16393.54
70654,1169.19
70653,48748.96
70652,38268.14
70651,15742.76
70650,17593.77
70649,19111.53
70648,27986.27
70647,21055.11
70646,54509.38
70645,38187.5
70644,41443.47
70643,22177.09
70642,17564.59
70641,25808.79
70640,16807.74
70639,32474.76
70638,51521.93
70637,18550.73
70636,16614.12
70635,18561.71
70634,18589.93
70633,31947.0
70632,59081.3
70631,37362.57
70630,16575.26
70629,19498.23
70628,23005.73
70627,25514.53
70626,28273.85
70625,58854.69
70624,41369.68
70623,22829.06
70622,18930.71
70621,28917.04
70620,50492.22
70619,62177.97
70618,97421.06
70617,55890.25
70616,36785.32
70615,31854.04
70614,34054.91
70613,23730.26
70612,46278.23
70611,55565.41
70610,44808.37
70609,20314.23
70608,22010.05
70607,21927.2
70606,21445.43
70605,37584.81
70604,63536.04
70603,41971.77
70602,32069.49
70601,23190.04
70600,24698.19
70599,40977.4
70598,50022.74
70597,86033.31
70596,67596.44
70595,43141.28
70594,49435.65
70593,59921.21
70592,36956.29
70591,45910.87
70590,85121.11
70589,72868.65
70588,29204.3
70587,30236.3
70586,55661.38
70585,41437.25
70584,57322.07
70583,96564.45
70582,74696.16
70581,33554.19
70580,41893.17
70579,54227.78
70578,35034.37
70577,75352.21
70576,113984.99
70575,-8.93
70574,33118.78
70573,33787.7
70572,30883.29
70571,37904.22
70570,43732.58
70569,67853.29
70568,44212.67
70567,961.26
70566,23595.06
70565,38784.01
70564,36863.03
70563,42579.18
70562,66985.95
70561,54787.34
70560,20408.8
70559,20123.01
70558,22921.83
70557,31285.8
70556,35193.69
70555,57962.86
70554,48360.08
70553,23618.58
70552,25406.65
70551,23330.99
70550,48536.21
70549,52942.68
70548,83577.91
70547,59955.5
70546,37626.06
70545,47249.68
70544,43797.49
70543,36041.56
70542,84.44
70541,93880.88
70540,55096.85
70539,33874.89
70538,34838.25
70537,37827.23
70536,41404.93
70535,61771.3
70534,99390.65
70533,63983.87
70532,26448.81
70531,29422.13
70530,28949.64
70529,31337.76
70528,54743.36
70527,83119.14
70526,63376.73
70525,36795.27
70524,37247.56
70523,44193.63
70522,44942.24
70521,43118.58
70520,86059.48
70519,80484.03
70518,32606.9
70517,38721.84
70516,36054.38
70515,709.24
70514,59559.01
70513,68050.95
70512,53786.5
70511,67490.33
70510,30538.48
70509,24941.17
70508,38320.26
70507,45074.36
70506,60442.44
70505,52267.68
70504,27434.99
70503,46098.41
70502,45111.19
70501,46842.0
70500,52951.5
70499,75259.11
70498,52182.24
70497,32691.58
70496,41115.61
70495,40885.95
70494,46802.6
70493,55631.06
70492,77600.65
70491,61260.82
70490,22332.18
70489,27674.73
70488,31025.89
70487,32655.08
70486,44386.51
70485,53869.96
70484,59914.84
70483,27322.56
70482,20215.27
70481,30978.58
70480,39411.02
70479,43983.91
70478,54969.81
70477,41656.94
70476,32073.4
