1153,36022.54
1152,61725.53
1151,42095.79
1150,15397.27
1149,15639.47
1148,20834.75
1147,24704.55
1146,1890.06
1145,39720.03
1144,18231.48
1143,7768.61
1142,11859.79
1141,10751.45
1140,28084.21
1139,35195.47
1138,57343.62
1137,34670.1
1136,25970.59
1135,24261.92
1134,22240.11
1133,23840.78
1132,24864.82
1131,58652.73
1130,35262.03
1129,16648.9
1128,15110.69
1127,20435.15
1126,18961.2
1125,33709.33
1124,56994.48
1123,32258.86
1122,22371.22
1121,19808.5
1120,23273.81
1119,19940.05
1118,32275.22
1117,55398.8
1116,27661.15
1115,17587.87
1114,18752.09
1113,23014.15
1112,53052.36
1111,50330.16
1110,89306.84
1109,48503.22
1108,45493.31
1107,30533.95
1106,39342.34
1105,24779.33
1104,45489.5
1103,76017.35
1102,46423.29
1101,23660.99
1100,23447.79
1099,13248.63
1098,12702.9
1097,30290.04
1096,60361.53
1095,31661.81
1094,26140.63
1093,7410.55
1092,20732.69
1091,47471.72
1090,61774.57
1089,85382.55
1088,63610.17
1087,45917.96
1086,49579.17
1085,58095.77
1084,36466.38
1083,44764.84
1082,80147.73
1081,53800.77
1080,20486.74
1079,18896.61
1078,38581.87
1077,39219.85
1076,52608.21
1075,87557.13
1074,60176.49
1073,47145.34
1072,36025.32
1071,47920.96
1070,31201.68
1069,66386.2
1068,88690.67
1067,-13.99
1066,32454.99
1065,36084.55
1064,31368.6
1063,34232.54
1062,41017.94
1061,52870.51
1060,35429.22
1059,907.01
1058,25199.7
1057,35685.78
1056,35592.17
1055,44401.36
1054,65480.2
1053,37019.35
1052,20331.01
1051,1687.99
1050,942.79
1049,320.55
1048,26691.72
1047,46200.57
1046,41947.39
1045,1411.97
1044,21627.99
1043,23638.78
1042,53783.47
1041,63027.61
1040,84435.91
1039,53607.77
1038,36704.18
1037,42600.02
1036,47458.17
1035,35433.29
1034,52620.4
1033,82194.55
1032,38992.49
1031,27816.92
1030,27675.46
1029,31044.68
1028,43564.56
1027,51381.36
1026,77478.43
1025,36143.81
1024,20971.79
1023,21924.57
1022,23137.35
1021,20366.1
1020,54932.92
1019,80579.33
1018,56603.75
1017,42627.4
1016,44455.71
1015,47061.04
1014,37993.61
1013,51040.21
1012,66157.08
1011,54188.6
1010,28854.74
1009,28274.11
1008,37771.13
1007,47264.69
1006,60165.36
1005,61199.22
1004,48185.32
1003,47437.87
1002,28694.81
1001,32859.57
1000,33092.39
999,41775.17
998,55916.02
997,46123.05
996,23192.07
995,52316.39
994,46720.75
993,50067.16
992,47578.43
991,71490.83
990,48411.22
989,42743.64
988,46675.06
987,47205.97
986,51498.55
985,60299.81
984,63576.74
983,39994.32
982,25925.33
981,30950.61
980,31712.5
979,31954.07
978,45692.76
977,44534.43
976,43189.55
975,26119.2
974,20519.48
973,27733.15
972,34613.66
971,35880.21
970,37288.32
969,25133.56
968,20088.46
