211412,11823.4
211411,20108.54
211410,20334.77
211409,8201.05
211408,7772.16
211407,10079.77
211406,8930.51
211405,354.87
211404,19768.68
211403,12938.04
211402,6734.68
211401,8928.94
211400,12264.36
211399,10209.25
211398,16794.6
211397,22531.37
211396,14138.12
211395,14222.18
211394,11209.45
211393,11972.32
211392,10709.17
211391,12161.61
211390,15869.02
211389,15765.23
211388,7960.34
211387,9133.24
211386,10688.75
211385,10585.24
211384,11336.92
211383,16486.34
211382,11215.47
211381,15191.81
211380,12184.5
211379,13955.53
211378,16113.49
211377,14676.96
211376,19464.09
211375,11473.83
211374,10516.08
211373,11423.11
211372,10364.76
211371,22023.92
211370,26625.31
211369,30054.45
211368,17162.72
211367,17257.36
211366,14000.07
211365,16394.17
211364,9460.31
211363,18460.83
211362,21510.53
211361,21148.16
211360,10667.5
211359,13248.54
211358,11009.64
211357,10862.84
211356,13726.67
211355,18984.37
211354,13756.12
211353,15990.14
211352,11055.16
211351,9996.22
211350,19040.1
211349,21790.68
211348,26424.7
211347,25732.78
211346,13925.49
211345,18560.17
211344,25535.42
211343,13342.78
211342,14671.35
211341,23653.31
211340,16136.94
211339,8648.3
211338,13948.73
211337,21319.86
211336,14647.52
211335,15958.74
211334,28195.77
211333,21054.83
211332,16901.8
211331,18022.45
211330,22319.51
211329,18221.64
211328,23143.52
211327,31496.97
211326,11760.75
211325,11040.26
211324,14317.36
211323,13733.98
211322,15119.63
211321,23175.31
211320,15608.67
211319,8879.78
211318,12405.7
211317,16323.85
211316,14159.69
211315,19352.21
211314,27592.35
211313,20063.68
211312,1306.2
211311,10737.8
211310,10967.05
211309,12467.0
211308,12800.51
211307,17356.76
211306,14542.76
211305,11217.21
211304,13027.59
211303,11073.86
211302,20165.66
211301,19723.15
211300,28514.86
211299,23833.43
211298,15817.5
211297,16411.12
211296,15517.02
211295,14702.04
211294,595.62
211293,26203.77
211292,21031.21
211291,12956.77
211290,17048.67
211289,14801.41
211288,16039.35
211287,21168.82
211286,33606.44
211285,21148.27
211284,11554.54
211283,11822.15
211282,11761.32
211281,13647.63
211280,28204.67
211279,21689.76
211278,22397.65
211277,17793.32
211276,18230.41
211275,18002.91
211274,16688.53
211273,22854.77
211272,27057.63
211271,20845.68
211270,11684.6
211269,10748.68
211268,13740.58
211267,17629.52
211266,20275.43
211265,25518.58
211264,22751.47
211263,25524.08
211262,10338.7
211261,12323.42
211260,16024.71
211259,16862.87
211258,24287.54
211257,18071.53
211256,13710.64
211255,16493.52
211254,20398.43
211253,21345.39
211252,20905.39
211251,22503.2
211250,27630.74
211249,23802.07
211248,19622.56
211247,18491.54
211246,21741.28
211245,20586.31
211244,25976.67
211243,20601.83
211242,17193.6
211241,14690.21
211240,16813.39
211239,14848.37
211238,17052.28
211237,19005.43
211236,20991.49
211235,14896.79
211234,8922.34
211233,13132.08
211232,14467.85
211231,16617.7
211230,19380.61
211229,17259.59
211228,12085.92
