191172,35394.96
191171,49151.45
191170,59993.44
191169,19740.41
191168,17207.91
191167,19744.31
191166,22107.07
191165,718.43
191164,39178.67
191163,37109.66
191162,19787.85
191161,17626.82
191160,15602.41
191159,29591.38
191158,35186.09
191157,39023.91
191156,34675.47
191155,32081.92
191154,24229.07
191153,24475.83
191152,23507.8
191151,22834.34
191150,44637.89
191149,36653.19
191148,16871.79
191147,21493.01
191146,23208.38
191145,23137.46
191144,35091.1
191143,45730.89
191142,24240.32
191141,19644.42
191140,23827.02
191139,30236.04
191138,29217.31
191137,36314.2
191136,51206.44
191135,29436.57
191134,35627.46
191133,25158.33
191132,34412.21
191131,53460.28
191130,71796.88
191129,80099.18
191128,53670.57
191127,40934.43
191126,33153.35
191125,39541.54
191124,24056.08
191123,50508.53
191122,58302.21
191121,53344.08
191120,23827.95
191119,26138.29
191118,24019.2
191117,24995.27
191116,35073.24
191115,51610.92
191114,40260.99
191113,37015.27
191112,23987.39
191111,21821.03
191110,47176.64
191109,56497.65
191108,74838.79
191107,68271.6
191106,33848.1
191105,46378.43
191104,61248.18
191103,37760.28
191102,40481.29
191101,61195.57
191100,56382.98
191099,23686.37
191098,28780.45
191097,50366.71
191096,39024.34
191095,56469.43
191094,65780.29
191093,54335.45
191092,41520.45
191091,47569.18
191090,54760.39
191089,43891.9
191088,66013.61
191087,90718.52
191086,-6.8
191085,29385.56
191084,27245.56
191083,28549.1
191082,34856.17
191081,41951.87
191080,50037.74
191079,43029.19
191078,831.83
191077,26030.73
191076,38378.7
191075,37444.1
191074,44942.06
191073,67372.33
191072,62717.14
191071,23930.95
191070,22837.79
191069,25473.61
191068,32286.5
191067,37999.07
191066,43085.44
191065,41084.76
191064,23148.31
191063,25680.3
191062,30538.55
191061,48343.57
191060,53149.95
191059,66661.41
191058,55816.41
191057,30556.35
191056,31953.22
191055,37480.79
191054,37039.11
191053,1786.51
191052,77739.86
191051,47362.61
191050,29646.64
191049,35518.9
191048,43534.66
191047,55496.37
191046,63585.82
191045,95088.13
191044,64376.68
191043,25965.31
191042,25636.89
191041,26413.19
191040,33115.68
191039,62509.8
191038,67346.86
191037,54437.22
191036,32533.13
191035,35625.16
191034,42666.22
191033,39227.86
191032,59061.53
191031,64973.68
191030,61275.09
191029,26059.59
191028,23134.97
191027,26698.89
191026,864.92
191025,55068.13
191024,58999.15
191023,54090.28
191022,63538.41
191021,26824.12
191020,28497.34
191019,40503.36
191018,48361.72
191017,64490.49
191016,60499.4
191015,37040.8
191014,52972.14
191013,47795.94
191012,52034.45
191011,55666.46
191010,61215.07
191009,54246.28
191008,37382.72
191007,49805.94
191006,41401.74
191005,50393.85
191004,66241.67
191003,74075.84
191002,57754.57
191001,24100.87
191000,27853.32
190999,29801.82
190998,36846.12
190997,52888.25
190996,52260.24
190995,57766.67
190994,25816.88
190993,21888.23
190992,28044.93
190991,36413.36
190990,44284.14
190989,49863.13
190988,38182.45
190987,32037.7
