208343,14709.79
208342,33473.37
208341,23619.73
208340,8999.24
208339,9815.18
208338,9877.25
208337,11736.0
208336,1066.72
208335,22493.76
208334,16572.44
208333,10724.84
208332,8137.9
208331,9919.98
208330,17759.95
208329,16164.75
208328,30147.03
208327,21058.98
208326,23109.12
208325,13092.46
208324,14034.83
208323,14165.83
208322,21202.05
208321,392.79
208320,6289.59
208319,8788.98
208318,13299.84
208317,8356.01
208316,10077.17
208315,16698.29
208314,30410.4
208313,22369.77
208312,11363.48
208311,12265.62
208310,13097.08
208309,15406.3
208308,13689.63
208307,27926.15
208306,18924.38
208305,9582.38
208304,12536.56
208303,13548.12
208302,23887.96
208301,26635.91
208300,48079.6
208299,23185.94
208298,24662.36
208297,17276.74
208296,18454.5
208295,8268.5
208294,22882.97
208293,31842.19
208292,22743.63
208291,10635.58
208290,6886.86
208289,10947.91
208288,11425.21
208287,16986.1
208286,31671.67
208285,17523.58
208284,17003.15
208283,12148.28
208282,11699.18
208281,27386.38
208280,23590.88
208279,48935.12
208278,35511.58
208277,19657.26
208276,30067.77
208275,33685.86
208274,21317.52
208273,25930.0
208272,45509.62
208271,35302.1
208270,11827.88
208269,17498.6
208268,27406.09
208267,23664.66
208266,28852.68
208265,48531.83
208264,37654.7
208263,22186.46
208262,25533.96
208261,30227.22
208260,22793.41
208259,37715.7
208258,52297.47
208257,14932.86
208256,12552.95
208255,13456.13
208254,16780.35
208253,16084.23
208252,31255.82
208251,26039.25
208250,9540.27
208249,11231.06
208248,27960.75
208247,20790.22
208246,29995.69
208245,54578.81
208244,44480.05
208243,1423.12
208242,14593.17
208241,17654.09
208240,17747.53
208239,24091.65
208238,38352.52
208237,33271.5
208236,15505.59
208235,16917.92
208234,21555.19
208233,31800.65
208232,31732.69
208231,45606.75
208230,37670.95
208229,23031.85
208228,22968.26
208227,29871.71
208226,31450.6
208225,1789.32
208224,50252.29
208223,30196.37
208222,20677.01
208221,17438.71
208220,19028.3
208219,28244.26
208218,33782.23
208217,69643.79
208216,30848.75
208215,14907.74
208214,17160.55
208213,16018.83
208212,16125.54
208211,26914.65
208210,48260.23
208209,34326.78
208208,23187.02
208207,17359.23
208206,25078.48
208205,23313.67
208204,30287.42
208203,47928.78
208202,44998.08
208201,15593.99
208200,19471.13
208199,22802.4
208198,915.09
208197,36642.6
208196,52725.48
208195,39460.54
208194,49494.18
208193,21650.24
208192,24666.35
208191,17451.07
208190,25566.74
208189,43321.57
208188,32284.63
208187,22300.37
208186,32368.39
208185,28380.34
208184,31734.59
208183,30042.11
208182,56115.17
208181,38334.6
208180,22000.43
208179,24979.66
208178,28862.07
208177,35104.35
208176,41853.56
208175,66774.03
208174,49773.27
208173,21059.59
208172,25366.48
208171,20510.88
208170,20285.73
208169,30294.05
208168,36358.31
208167,42883.39
208166,21589.5
208165,11810.33
208164,24323.81
208163,28612.22
208162,26825.21
208161,45678.69
208160,32856.16
208159,34389.46
