48136,45375.9
48135,80617.22
48134,67795.1
48133,18422.69
48132,22514.91
48131,22613.18
48130,20707.84
48129,2216.18
48128,41824.63
48127,37941.23
48126,17098.15
48125,15686.16
48124,16881.7
48123,34187.17
48122,46129.8
48121,67914.87
48120,39774.73
48119,37521.79
48118,27266.84
48117,25416.66
48116,30564.22
48115,28948.86
48114,69147.45
48113,52434.49
48112,19795.95
48111,19667.29
48110,24315.92
48109,19512.33
48108,42150.45
48107,62729.67
48106,44615.66
48105,24649.18
48104,22015.63
48103,30108.16
48102,32684.68
48101,41270.51
48100,64597.3
48099,40862.18
48098,21131.78
48097,21606.23
48096,29935.94
48095,58147.27
48094,68794.8
48093,115296.77
48092,50973.28
48091,50425.31
48090,35618.74
48089,49698.82
48088,36936.83
48087,53452.54
48086,81827.66
48085,70609.66
48084,25262.24
48083,25591.53
48082,22312.16
48081,22085.05
48080,47168.7
48079,82748.59
48078,51613.06
48077,39328.66
48076,21925.22
48075,26279.93
48074,59268.36
48073,72600.17
48072,118965.25
48071,95234.37
48070,59342.92
48069,61947.29
48068,90531.26
48067,43502.18
48066,55756.22
48065,87863.35
48064,73428.82
48063,27383.03
48062,31417.73
48061,66692.55
48060,49560.88
48059,66788.66
48058,114385.77
48057,96920.31
48056,50889.57
48055,54743.94
48054,67202.36
48053,51190.81
48052,94275.22
48051,111760.66
48050,34155.21
48049,27414.45
48048,33181.21
48047,34133.44
48046,47510.41
48045,65835.89
48044,50179.37
48043,1392.59
48042,24173.41
48041,42004.38
48040,45727.98
48039,59021.05
48038,96990.65
48037,77339.17
48036,28817.24
48035,25928.17
48034,30195.71
48033,35012.74
48032,46540.74
48031,75664.13
48030,71485.5
48029,37884.1
48028,31623.35
48027,32008.98
48026,82798.96
48025,86808.3
48024,107692.58
48023,81210.09
48022,51066.89
48021,49444.7
48020,49140.25
48019,45948.32
48018,2565.42
48017,108072.45
48016,65409.93
48015,33229.09
48014,34923.95
48013,42139.47
48012,60609.79
48011,76562.29
48010,111476.38
48009,68465.81
48008,26465.04
48007,31828.12
48006,36905.74
48005,39142.27
48004,71421.98
48003,106911.94
48002,84494.1
48001,50771.53
48000,47042.67
47999,56660.57
47998,60517.06
47997,60938.16
47996,94105.98
47995,97124.67
47994,42364.98
47993,48346.62
47992,47204.26
47991,1172.09
47990,78626.18
47989,100729.93
47988,77169.88
47987,84602.69
47986,45684.53
47985,46197.05
47984,51895.88
47983,63792.7
47982,77906.16
47981,69143.73
47980,36231.01
47979,65320.34
47978,58792.66
47977,68258.26
47976,79087.24
47975,103139.88
47974,87223.78
47973,62221.67
47972,60296.72
47971,66519.36
47970,73574.62
47969,94182.95
47968,104048.98
47967,75167.6
47966,34067.4
47965,37952.83
47964,33896.44
47963,40624.2
47962,66272.99
47961,64934.2
47960,71665.82
47959,36171.43
47958,24246.88
47957,30818.12
47956,39024.35
47955,46799.49
47954,60580.83
47953,45673.44
47952,32411.44
