153446,21106.07
153445,27876.07
153444,14646.43
153443,8791.65
153442,13063.66
153441,12559.52
153440,11926.97
153439,912.77
153438,22716.12
153437,17162.49
153436,9153.83
153435,10849.11
153434,9364.85
153433,16015.52
153432,18756.65
153431,26676.86
153430,21224.0
153429,19235.88
153428,12945.5
153427,14988.63
153426,14412.12
153425,15251.74
153424,25447.75
153423,17492.51
153422,11962.13
153421,10288.54
153420,9381.23
153419,9672.83
153418,20084.38
153417,25584.92
153416,17066.78
153415,13746.21
153414,13665.64
153413,14484.62
153412,16291.01
153411,20136.15
153410,30724.26
153409,15879.87
153408,10974.14
153407,13770.27
153406,17140.25
153405,30507.78
153404,32748.4
153403,49254.19
153402,32360.36
153401,27488.81
153400,18002.51
153399,18027.27
153398,10771.69
153397,25200.81
153396,37455.74
153395,30161.78
153394,15357.53
153393,14395.66
153392,11908.65
153391,13891.81
153390,19164.42
153389,34171.52
153388,20866.55
153387,20152.68
153386,8453.92
153385,13987.59
153384,29501.36
153383,36840.38
153382,54557.24
153381,36190.41
153380,23317.2
153379,21856.94
153378,28129.48
153377,17651.86
153376,27331.52
153375,35993.58
153374,31556.87
153373,15372.66
153372,14670.76
153371,23642.44
153370,22462.26
153369,28113.08
153368,38110.33
153367,29559.18
153366,22021.82
153365,26381.56
153364,27736.84
153363,27201.25
153362,30333.22
153361,46741.64
153360,16232.64
153359,14992.65
153358,14641.87
153357,16967.43
153356,23598.59
153355,38218.92
153354,26033.23
153353,15493.2
153352,18260.52
153351,29483.88
153350,30052.57
153349,39049.58
153348,51065.57
153347,39615.49
153346,863.29
153345,15147.8
153344,14551.43
153343,18453.72
153342,24176.24
153341,32599.91
153340,25252.85
153339,16925.88
153338,18248.05
153337,18673.85
153336,30823.35
153335,33695.15
153334,48720.64
153333,33877.94
153332,16977.35
153331,21724.75
153330,19878.38
153329,20031.99
153328,303.94
153327,45966.99
153326,30931.9
153325,13887.04
153324,20852.8
153323,20098.96
153322,26503.28
153321,38453.3
153320,47673.59
153319,31093.43
153318,12880.42
153317,20533.46
153316,21046.26
153315,18164.14
153314,36914.12
153313,44142.36
153312,33144.23
153311,17000.48
153310,20965.91
153309,23006.02
153308,19230.04
153307,28150.27
153306,37910.29
153305,30483.78
153304,15831.42
153303,13461.57
153302,18644.58
153301,336.6
153300,24601.06
153299,32472.2
153298,28752.95
153297,31302.95
153296,18191.53
153295,17673.12
153294,20356.81
153293,29394.64
153292,35600.04
153291,33728.97
153290,21657.43
153289,36076.79
153288,28438.64
153287,31609.97
153286,31501.55
153285,44059.19
153284,33968.4
153283,20876.94
153282,24775.94
153281,24876.38
153280,25080.44
153279,30953.46
153278,32621.9
153277,28852.01
153276,19287.93
153275,19310.43
153274,21438.5
153273,19626.15
153272,24932.62
153271,21679.18
153270,29120.83
153269,14596.77
153268,16055.26
153267,18093.31
153266,19301.4
153265,22696.71
153264,26977.12
153263,21909.13
153262,14618.82
