87924,32261.5
87923,57703.19
87922,51543.39
87921,13951.77
87920,20874.45
87919,22718.93
87918,27030.12
87917,1686.75
87916,40247.11
87915,26723.37
87914,19264.62
87913,23451.33
87912,19415.68
87911,34424.72
87910,34185.69
87909,40533.86
87908,37261.46
87907,30885.01
87906,21115.31
87905,26545.5
87904,29588.8
87903,24005.48
87902,36350.64
87901,22922.27
87900,16021.31
87899,21303.31
87898,21537.95
87897,17413.52
87896,36427.19
87895,51959.78
87894,39909.83
87893,18389.09
87892,18247.75
87891,21445.53
87890,22128.21
87889,7830.14
87888,40566.81
87887,35514.72
87886,4342.09
87885,17986.59
87884,24906.38
87883,38648.81
87882,47218.12
87881,71922.19
87880,37963.72
87879,39105.4
87878,26989.8
87877,35555.81
87876,26453.46
87875,38311.7
87874,54889.87
87873,45539.79
87872,22594.37
87871,22537.9
87870,22176.85
87869,20172.08
87868,36151.23
87867,51586.77
87866,37906.7
87865,28596.7
87864,24141.9
87863,23912.08
87862,50941.12
87861,47932.43
87860,80008.69
87859,66330.43
87858,43480.4
87857,43078.03
87856,59775.97
87855,33883.03
87854,39629.15
87853,60948.51
87852,50575.16
87851,23422.44
87850,21274.94
87849,45588.46
87848,38687.1
87847,47922.24
87846,67796.82
87845,56184.21
87844,27602.27
87843,35323.27
87842,48534.36
87841,40155.44
87840,60341.01
87839,98095.6
87838,-26.25
87837,20802.08
87836,22026.01
87835,24030.82
87834,32278.0
87833,34817.17
87832,48755.09
87831,39328.31
87830,959.36
87829,20759.74
87828,36331.75
87827,33340.99
87826,46973.36
87825,66716.64
87824,63273.14
87823,26643.0
87822,29655.17
87821,30553.84
87820,30864.13
87819,35451.97
87818,51458.76
87817,37939.52
87816,27710.03
87815,23418.15
87814,27988.97
87813,44742.4
87812,54791.35
87811,80672.56
87810,58734.24
87809,35819.18
87808,38916.57
87807,40315.57
87806,40930.78
87805,962.14
87804,74733.21
87803,45021.91
87802,26228.39
87801,32986.68
87800,32612.74
87799,44074.71
87798,55177.49
87797,84437.81
87796,51679.4
87795,24013.84
87794,26347.8
87793,28607.22
87792,29798.34
87791,59716.62
87790,66103.02
87789,60380.28
87788,40496.69
87787,39987.82
87786,45093.15
87785,40993.99
87784,50544.49
87783,66915.78
87782,72037.73
87781,30560.44
87780,29358.27
87779,32810.96
87778,732.94
87777,57567.74
87776,69538.16
87775,55306.98
87774,70905.71
87773,34522.13
87772,38305.51
87771,39650.84
87770,48879.01
87769,55134.61
87768,53319.18
87767,33699.12
87766,48629.52
87765,47847.8
87764,49502.51
87763,51591.26
87762,73411.34
87761,56692.13
87760,40933.99
87759,46619.55
87758,37553.66
87757,50624.51
87756,60004.0
87755,70296.8
87754,55190.32
87753,32008.55
87752,37203.3
87751,37387.13
87750,35755.47
87749,48513.41
87748,54011.08
87747,48898.57
87746,28762.97
87745,23372.36
87744,33916.48
87743,38522.53
87742,47323.24
87741,53374.27
87740,35042.08
87739,21323.88
