137540,29924.33
137539,61368.48
137538,55842.14
137537,13413.55
137536,19584.46
137535,18951.48
137534,18154.35
137533,1736.82
137532,39687.12
137531,31376.27
137530,8675.02
137529,11680.15
137528,12994.95
137527,29573.83
137526,48378.52
137525,66267.8
137524,41886.39
137523,41489.18
137522,26216.84
137521,28698.36
137520,27475.83
137519,32723.48
137518,53570.97
137517,44857.46
137516,18886.6
137515,12968.29
137514,15115.51
137513,16372.63
137512,35823.27
137511,46504.16
137510,32543.66
137509,25186.87
137508,18551.92
137507,19834.54
137506,22687.12
137505,30615.44
137504,43403.5
137503,35260.08
137502,24029.92
137501,18521.94
137500,19290.43
137499,65580.04
137498,47443.38
137497,80251.35
137496,61130.15
137495,59390.48
137494,20610.82
137493,39683.86
137492,35058.52
137491,53684.66
137490,77429.1
137489,58862.04
137488,23339.15
137487,23916.29
137486,16007.56
137485,19815.97
137484,39584.62
137483,57147.68
137482,43464.33
137481,32405.74
137480,25191.73
137479,21947.32
137478,69148.83
137477,69729.21
137476,110211.33
137475,85189.29
137474,52017.35
137473,62155.32
137472,82815.58
137471,38397.56
137470,50185.35
137469,70280.41
137468,67635.96
137467,25452.18
137466,20028.36
137465,56396.12
137464,53302.12
137463,56446.68
137462,88388.54
137461,64727.04
137460,44980.6
137459,42728.86
137458,56238.76
137457,46114.08
137456,58319.27
137455,80453.98
137454,16788.62
137453,22335.92
137452,25155.0
137451,31380.35
137450,37652.48
137449,57587.19
137448,36854.1
137447,36.05
137446,19228.58
137445,48394.51
137444,42393.54
137443,55482.35
137442,84343.32
137441,68709.25
137440,19133.54
137439,23275.03
137438,24297.06
137437,29309.13
137436,38031.4
137435,64160.34
137434,53054.46
137433,27983.08
137432,26492.7
137431,19524.44
137430,75322.33
137429,82608.21
137428,100262.41
137427,76840.26
137426,45733.94
137425,41682.51
137424,47206.01
137423,47476.64
137422,96369.48
137421,52467.29
137420,30117.38
137419,31779.56
137418,40975.5
137417,63421.51
137416,71949.41
137415,97437.21
137414,57745.08
137413,21864.56
137412,23256.74
137411,25975.91
137410,30564.8
137409,81581.75
137408,101359.24
137407,76812.33
137406,45263.77
137405,50282.97
137404,51598.66
137403,51331.48
137402,62840.5
137401,76311.83
137400,82738.68
137399,27249.43
137398,35502.27
137397,34124.85
137396,52.97
137395,82596.44
137394,79606.34
137393,62760.04
137392,74492.96
137391,35379.81
137390,28759.22
137389,48756.75
137388,52318.48
137387,57274.34
137386,56873.43
137385,23199.87
137384,67033.09
137383,61490.59
137382,52597.41
137381,58859.48
137380,81993.85
137379,70027.57
137378,41107.44
137377,40626.05
137376,52906.94
137375,64310.49
137374,74206.1
137373,86354.15
137372,61970.12
137371,27913.51
137370,37399.24
137369,33031.49
137368,41148.0
137367,59831.35
137366,58217.1
137365,65180.94
137364,28445.37
137363,21971.19
137362,26890.58
137361,37602.54
137360,44082.16
137359,52182.74
137358,35505.28
137357,24202.78
