59663,37893.1
59662,74173.36
59661,76811.71
59660,25907.51
59659,24213.18
59658,25237.71
59657,27376.09
59656,1385.43
59655,49311.25
59654,44615.32
59653,19102.84
59652,21174.67
59651,23186.96
59650,45743.17
59649,45641.06
59648,78388.57
59647,63286.35
59646,48030.77
59645,34980.71
59644,45145.71
59643,38604.31
59642,47451.27
59641,410.29
59640,30604.0
59639,25693.46
59638,25920.12
59637,20772.77
59636,20670.39
59635,42659.92
59634,76944.33
59633,54386.62
59632,25866.91
59631,33114.48
59630,21720.86
59629,35774.27
59628,31231.19
59627,68147.11
59626,55305.3
59625,22789.35
59624,23429.08
59623,33056.49
59622,60838.36
59621,75383.05
59620,108516.61
59619,71832.96
59618,60244.34
59617,34414.28
59616,49943.01
59615,38343.79
59614,58546.96
59613,92110.95
59612,81015.1
59611,27900.27
59610,22562.0
59609,24145.32
59608,26912.95
59607,40521.42
59606,76472.91
59605,57680.35
59604,35473.22
59603,32006.3
59602,26294.98
59601,72521.69
59600,68150.92
59599,128281.21
59598,104703.89
59597,64108.54
59596,64981.16
59595,94017.57
59594,49422.52
59593,60571.92
59592,100423.74
59591,86266.69
59590,29975.56
59589,23469.53
59588,69914.66
59587,56607.2
59586,72718.62
59585,113439.35
59584,84368.45
59583,55267.8
59582,58738.69
59581,80919.47
59580,55116.23
59579,89304.34
59578,123336.59
59577,-62.99
59576,36883.66
59575,30667.22
59574,33434.33
59573,40479.18
59572,47344.02
59571,76865.77
59570,58297.45
59569,28608.64
59568,30183.55
59567,53142.69
59566,49802.4
59565,62439.2
59564,95227.7
59563,91172.22
59562,1982.32
59561,28635.43
59560,40972.87
59559,42590.59
59558,46814.34
59557,72272.26
59556,78531.51
59555,29689.41
59554,36142.59
59553,37543.12
59552,73429.69
59551,84588.32
59550,127586.41
59549,102014.45
59548,48032.85
59547,57451.68
59546,60770.64
59545,53113.33
59544,2178.97
59543,122975.69
59542,75963.92
59541,35406.39
59540,47146.55
59539,39962.33
59538,77875.37
59537,76904.98
59536,136680.83
59535,86175.69
59534,28145.12
59533,33346.13
59532,39699.3
59531,36899.76
59530,79681.92
59529,108798.63
59528,100221.81
59527,54473.8
59526,54607.98
59525,67120.47
59524,56205.51
59523,71022.95
59522,109135.8
59521,115652.22
59520,41713.31
59519,42388.07
59518,52389.65
59517,1292.38
59516,84448.23
59515,113689.44
59514,102351.49
59513,109011.51
59512,43869.26
59511,42928.49
59510,56237.38
59509,50183.21
59508,87903.08
59507,82393.35
59506,42278.52
59505,64849.99
59504,68885.59
59503,69354.34
59502,70964.78
59501,120826.37
59500,108728.59
59499,60291.36
59498,61557.6
59497,68698.71
59496,73931.31
59495,95221.07
59494,129365.27
59493,109139.15
59492,47605.07
59491,45454.24
59490,47685.7
59489,56539.3
59488,64165.09
59487,78030.1
59486,89883.01
59485,36278.77
59484,32874.23
59483,43499.22
59482,50779.47
59481,56902.62
59480,74410.27
59479,68384.42
59478,61358.22
