26661,40646.39
26660,63990.77
26659,54118.39
26658,17481.28
26657,17794.07
26656,17759.07
26655,21482.01
26654,700.97
26653,41183.18
26652,28520.41
26651,15043.55
26650,16609.17
26649,17405.03
26648,43454.36
26647,43173.17
26646,64695.93
26645,46540.91
26644,31638.13
26643,26183.26
26642,30416.74
26641,35104.72
26640,33371.85
26639,64349.16
26638,59186.37
26637,16392.11
26636,13676.98
26635,17144.9
26634,16828.88
26633,36613.03
26632,55370.38
26631,41639.78
26630,25381.81
26629,16612.92
26628,28701.07
26627,31851.45
26626,35569.26
26625,53345.77
26624,38557.67
26623,19708.55
26622,22885.64
26621,21003.96
26620,53263.93
26619,66383.58
26618,95686.96
26617,58664.65
26616,36667.91
26615,34245.76
26614,40229.69
26613,26941.76
26612,46989.5
26611,80570.61
26610,62781.3
26609,22011.83
26608,24649.64
26607,23651.4
26606,21794.99
26605,40945.1
26604,63580.5
26603,47189.94
26602,38851.85
26601,15644.68
26600,19905.23
26599,55269.28
26598,72674.1
26597,97554.5
26596,92366.88
26595,47232.67
26594,54655.77
26593,77739.7
26592,40918.17
26591,46486.98
26590,74594.86
26589,70684.02
26588,23743.26
26587,23235.81
26586,47874.81
26585,49888.65
26584,61811.58
26583,97146.55
26582,87311.17
26581,46016.8
26580,49745.38
26579,59896.51
26578,34529.87
26577,74187.0
26576,96648.24
26575,27157.72
26574,27005.07
26573,27774.53
26572,29759.39
26571,36846.11
26570,46749.45
26569,49227.73
26568,18667.6
26567,17613.57
26566,38192.56
26565,31614.84
26564,50373.47
26563,86071.93
26562,67684.31
26561,2697.66
26560,22812.7
26559,23476.19
26558,30660.31
26557,34767.18
26556,58265.06
26555,52822.75
26554,32618.04
26553,25243.84
26552,22485.4
26551,65418.71
26550,65861.13
26549,90210.63
26548,73607.92
26547,40548.49
26546,41864.19
26545,45828.32
26544,47133.18
26543,1613.34
26542,95571.8
26541,54401.2
26540,29102.77
26539,30842.42
26538,35991.32
26537,47656.24
26536,51729.35
26535,97679.9
26534,66653.69
26533,23587.45
26532,29934.5
26531,29565.74
26530,27352.09
26529,67154.21
26528,82851.13
26527,73162.21
26526,45822.5
26525,47507.65
26524,48910.18
26523,41085.48
26522,59478.74
26521,71650.36
26520,79082.04
26519,32779.12
26518,33923.9
26517,36652.02
26516,403.32
26515,62428.97
26514,67126.55
26513,62522.44
26512,60530.03
26511,28793.97
26510,34884.71
26509,44343.89
26508,52317.03
26507,68584.84
26506,60160.52
26505,26153.46
26504,64735.31
26503,61198.66
26502,60574.35
26501,77670.41
26500,80507.69
26499,72572.11
26498,50164.9
26497,44580.82
26496,52372.68
26495,52694.48
26494,68621.81
26493,71974.19
26492,60252.05
26491,30025.53
26490,34718.77
26489,35000.01
26488,41642.26
26487,53176.33
26486,51551.54
26485,67653.56
26484,31150.23
26483,17944.12
26482,30151.62
26481,35674.63
26480,44052.78
26479,48950.18
26478,37819.68
26477,20065.2
