128533,38098.18
128532,59617.76
128531,45768.17
128530,15645.67
128529,15554.32
128528,15124.48
128527,16563.44
128526,515.03
128525,41561.51
128524,24880.2
128523,14286.07
128522,11744.65
128521,12182.36
128520,25887.22
128519,29737.04
128518,40133.69
128517,34406.13
128516,31360.64
128515,17259.31
128514,19926.99
128513,21286.42
128512,20731.93
128511,27620.72
128510,18460.62
128509,13997.45
128508,14482.63
128507,15037.94
128506,13990.08
128505,28714.96
128504,53999.07
128503,34697.06
128502,17441.13
128501,16531.22
128500,14170.42
128499,21221.7
128498,3497.79
128497,42008.81
128496,30715.5
128495,5910.6
128494,16651.57
128493,19691.19
128492,38263.76
128491,47686.93
128490,74648.5
128489,40037.03
128488,44191.63
128487,21367.82
128486,33755.32
128485,23486.04
128484,32112.47
128483,53379.15
128482,47973.65
128481,15565.45
128480,15846.97
128479,14911.65
128478,16478.09
128477,29545.48
128476,52591.39
128475,35370.52
128474,26255.95
128473,18663.7
128472,21226.63
128471,44799.48
128470,49915.8
128469,90171.76
128468,76237.72
128467,35970.34
128466,46034.78
128465,56174.79
128464,29077.19
128463,35392.41
128462,70394.42
128461,56541.07
128460,18882.94
128459,20866.55
128458,41173.52
128457,35124.06
128456,51893.49
128455,84757.96
128454,54346.63
128453,29878.1
128452,32793.51
128451,42383.41
128450,34713.9
128449,60703.14
128448,93328.06
128447,-73.22
128446,18362.55
128445,24955.61
128444,27364.16
128443,23324.87
128442,31508.03
128441,59871.05
128440,36943.42
128439,9923.74
128438,19197.49
128437,34192.5
128436,28713.7
128435,48779.46
128434,87921.75
128433,67031.03
128432,1035.2
128431,20455.33
128430,29394.04
128429,28366.52
128428,30409.82
128427,52006.92
128426,40846.79
128425,30043.72
128424,20650.12
128423,20490.09
128422,42557.24
128421,56164.67
128420,73108.63
128419,59588.94
128418,28569.84
128417,29641.73
128416,35680.68
128415,36394.41
128414,708.29
128413,79451.42
128412,49463.39
128411,22077.16
128410,28972.25
128409,27975.23
128408,39889.74
128407,52653.03
128406,88700.19
128405,56632.05
128404,24179.0
128403,21294.29
128402,28495.72
128401,29176.94
128400,54396.93
128399,79946.38
128398,69609.58
128397,36758.05
128396,38522.8
128395,41455.87
128394,37201.41
128393,47213.08
128392,66467.49
128391,70013.3
128390,24332.49
128389,24773.28
128388,33680.75
128387,521.54
128386,50616.03
128385,68771.74
128384,44857.71
128383,74197.86
128382,25619.87
128381,27722.75
128380,34500.96
128379,40438.09
128378,54823.5
128377,54962.46
128376,26161.91
128375,39068.54
128374,40594.91
128373,42301.5
128372,45461.0
128371,66331.16
128370,58156.72
128369,32437.34
128368,33364.59
128367,40709.99
128366,43552.29
128365,57033.65
128364,75192.09
128363,52571.01
128362,24370.6
128361,23417.65
128360,27130.29
128359,29539.74
128358,43501.82
128357,44649.32
128356,55335.99
128355,24149.34
128354,20360.45
128353,35192.58
128352,31094.39
128351,37499.0
128350,51537.2
128349,36048.95
128348,29276.69
