115124,32803.87
115123,69947.98
115122,65891.28
115121,22684.67
115120,22875.95
115119,22896.35
115118,19531.14
115117,2434.04
115116,37394.01
115115,35199.47
115114,20568.93
115113,18146.28
115112,16783.59
115111,44180.46
115110,45447.43
115109,73895.16
115108,57670.14
115107,47573.3
115106,36556.49
115105,39055.6
115104,42473.26
115103,45880.86
115102,147.53
115101,14679.37
115100,20809.9
115099,20948.68
115098,21691.8
115097,21818.36
115096,39995.74
115095,63549.04
115094,40435.55
115093,23913.89
115092,27267.4
115091,21654.93
115090,31327.74
115089,35612.44
115088,57972.08
115087,40237.56
115086,21644.85
115085,19978.83
115084,26864.78
115083,66071.97
115082,73013.03
115081,100638.15
115080,71331.48
115079,40023.74
115078,30728.45
115077,42626.36
115076,37677.21
115075,54387.79
115074,85868.72
115073,67290.56
115072,23184.03
115071,21263.86
115070,25708.26
115069,27534.82
115068,41240.2
115067,75325.55
115066,44874.56
115065,40186.8
115064,27095.97
115063,20887.39
115062,71162.1
115061,75952.9
115060,119427.95
115059,97711.82
115058,56699.83
115057,69842.24
115056,92944.0
115055,46503.91
115054,59091.6
115053,83779.22
115052,75715.67
115051,23387.16
115050,21657.66
115049,57517.05
115048,54647.76
115047,64328.89
115046,107667.78
115045,66849.01
115044,48195.07
115043,58938.25
115042,70047.97
115041,56377.32
115040,91222.05
115039,107871.91
115038,35553.05
115037,26068.81
115036,24815.68
115035,33943.0
115034,39932.3
115033,66219.93
115032,47365.29
115031,1422.49
115030,23394.72
115029,41357.61
115028,35818.72
115027,51709.07
115026,65249.29
115025,80805.43
115024,22837.96
115023,1020.47
115022,1420.56
115021,71.77
115020,43672.89
115019,54155.34
115018,53688.45
115017,1359.73
115016,27390.8
115015,27185.97
115014,71272.83
115013,81700.28
115012,116069.07
115011,86668.45
115010,55742.85
115009,51834.46
115008,57530.84
115007,58337.07
115006,69638.82
115005,110825.64
115004,58662.85
115003,37210.99
115002,36302.31
115001,39950.89
115000,61555.93
114999,73897.79
114998,116594.19
114997,65146.97
114996,26710.94
114995,26666.74
114994,29113.83
114993,28378.39
114992,78474.07
114991,95585.59
114990,80702.97
114989,52438.73
114988,47808.82
114987,51732.59
114986,42389.23
114985,64403.16
114984,84628.82
114983,94011.31
114982,30528.77
114981,36214.04
114980,41835.17
114979,64117.72
114978,86079.91
114977,93944.11
114976,71205.84
114975,91461.27
114974,37742.33
114973,37644.72
114972,52240.51
114971,57400.48
114970,68158.56
114969,68704.36
114968,30678.82
114967,73244.72
114966,61613.22
114965,66786.15
114964,73959.48
114963,97052.43
114962,82553.55
114961,55923.54
114960,57827.71
114959,50941.97
114958,65022.35
114957,73525.65
114956,87705.75
114955,67817.34
114954,34743.08
114953,33346.63
114952,34123.77
114951,46378.0
114950,59195.95
114949,55663.15
114948,69430.78
114947,30507.65
114946,25558.45
114945,30377.69
114944,43607.59
114943,45789.86
114942,50558.49
114941,38406.02
114940,36286.73
