19167,17863.2
19166,30699.43
19165,28105.89
19164,9758.5
19163,12645.84
19162,10845.23
19161,15642.15
19160,1011.99
19159,24178.07
19158,22286.76
19157,12251.43
19156,10114.94
19155,14288.99
19154,19994.12
19153,17872.43
19152,28726.54
19151,23281.24
19150,17354.42
19149,10887.66
19148,14114.04
19147,15650.23
19146,14712.39
19145,30460.77
19144,25080.24
19143,11537.29
19142,8087.52
19141,10173.2
19140,10969.22
19139,18147.19
19138,26298.28
19137,21243.03
19136,15231.73
19135,17315.78
19134,14711.14
19133,18004.84
19132,20902.98
19131,30643.81
19130,24167.85
19129,17406.26
19128,12461.33
19127,15281.97
19126,32945.05
19125,38359.41
19124,47627.23
19123,32383.86
19122,37428.74
19121,16987.34
19120,22028.55
19119,15541.33
19118,25866.31
19117,36505.18
19116,31888.02
19115,19355.23
19114,17869.38
19113,17306.33
19112,14474.9
19111,21997.61
19110,31005.39
19109,27640.35
19108,20914.08
19107,16213.14
19106,12152.96
19105,30391.16
19104,33579.95
19103,43720.77
19102,47505.79
19101,22889.11
19100,26454.79
19099,38031.31
19098,20910.63
19097,23712.47
19096,44643.7
19095,35919.02
19094,18735.12
19093,16847.94
19092,30553.58
19091,29193.76
19090,29033.44
19089,43768.35
19088,37541.8
19087,19575.12
19086,23849.44
19085,31275.99
19084,29048.94
19083,34121.1
19082,48984.39
19081,18288.48
19080,17172.33
19079,15712.93
19078,21557.1
19077,22782.16
19076,32194.93
19075,34286.49
19074,592.75
19073,15734.6
19072,24151.58
19071,25723.56
19070,29979.84
19069,49276.51
19068,45128.07
19067,15909.77
19066,14707.93
19065,19050.13
19064,19179.91
19063,23057.04
19062,32724.24
19061,34235.76
19060,13568.1
19059,13129.11
19058,13600.7
19057,29086.75
19056,33790.66
19055,42882.21
19054,34346.03
19053,17412.05
19052,16967.71
19051,23034.32
19050,20711.84
19049,798.71
19048,43930.32
19047,38222.88
19046,15871.72
19045,22547.08
19044,23299.0
19043,28764.74
19042,37850.66
19041,70958.37
19040,47048.57
19039,16623.85
19038,20449.93
19037,18135.66
19036,19552.1
19035,36971.7
19034,48069.85
19033,36769.54
19032,20687.35
19031,20042.98
19030,24359.9
19029,25114.43
19028,33286.14
19027,42012.75
19026,50973.09
19025,15577.16
19024,20855.52
19023,19189.3
19022,102.26
19021,27499.37
19020,38287.46
19019,39823.82
19018,36596.46
19017,17678.44
19016,20374.33
19015,29233.93
19014,27231.76
19013,32322.07
19012,38295.76
19011,17649.67
19010,27140.79
19009,25668.01
19008,29155.87
19007,35545.22
19006,40252.88
19005,40305.23
19004,20470.26
19003,25908.22
19002,26331.06
19001,28523.17
19000,45119.86
18999,49257.34
18998,46375.38
18997,19523.4
18996,17691.51
18995,15716.95
18994,20213.11
18993,31056.88
18992,34973.63
18991,39478.17
18990,14509.17
18989,11846.38
18988,15667.56
18987,21594.37
18986,25162.37
18985,33942.66
18984,30658.09
18983,16043.52
