107251,20767.89
107250,47959.86
107249,37708.11
107248,17035.94
107247,12310.02
107246,12910.23
107245,12990.76
107244,829.92
107243,28913.69
107242,29703.63
107241,13419.21
107240,14033.21
107239,12633.39
107238,21240.59
107237,21396.49
107236,39189.58
107235,31214.1
107234,24890.51
107233,14467.96
107232,12586.46
107231,16701.14
107230,18124.21
107229,36015.92
107228,31949.38
107227,12449.89
107226,11340.65
107225,15677.78
107224,12079.02
107223,16744.79
107222,37654.14
107221,31803.29
107220,16532.12
107219,13612.14
107218,16123.0
107217,20053.42
107216,28016.61
107215,41434.49
107214,29372.72
107213,12325.15
107212,15890.66
107211,19737.44
107210,30117.84
107209,37326.09
107208,63909.32
107207,37933.95
107206,30118.75
107205,20810.43
107204,25370.05
107203,17343.62
107202,27068.46
107201,48273.96
107200,42872.23
107199,15768.67
107198,16626.62
107197,12227.2
107196,15648.34
107195,21335.53
107194,45298.41
107193,30323.92
107192,19385.25
107191,11079.71
107190,15308.17
107189,26074.94
107188,37589.94
107187,63377.72
107186,56316.86
107185,32811.52
107184,33727.95
107183,45587.2
107182,26571.62
107181,28659.82
107180,46860.28
107179,43580.05
107178,18576.58
107177,17463.75
107176,28564.66
107175,23841.1
107174,33636.74
107173,63529.66
107172,56529.48
107171,30495.82
107170,29302.17
107169,26515.27
107168,20632.49
107167,43685.3
107166,60012.52
107165,16072.44
107164,15300.03
107163,17556.1
107162,19076.81
107161,24990.25
107160,44707.61
107159,39378.03
107158,7.64
107157,14759.67
107156,24705.04
107155,25154.67
107154,35036.31
107153,56624.83
107152,54278.93
107151,17339.54
107150,25849.46
107149,39916.49
107148,35878.01
107147,91.33
107146,18360.83
107145,20841.07
107144,30542.02
107143,37222.54
107142,58040.39
107141,44508.33
107140,24015.46
107139,23900.72
107138,19300.87
107137,28335.61
107136,35293.03
107135,64207.8
107134,38561.57
107133,17551.62
107132,18829.81
107131,25709.9
107130,31914.07
107129,40614.57
107128,74711.46
107127,45223.79
107126,16917.68
107125,17174.09
107124,21078.44
107123,20577.96
107122,41764.06
107121,59957.14
107120,51393.01
107119,26244.09
107118,21759.11
107117,31764.9
107116,25875.8
107115,32293.47
107114,52695.07
107113,47639.57
107112,21415.86
107111,19724.71
107110,27742.44
107109,32686.14
107108,43166.85
107107,56796.71
107106,49250.22
107105,54302.56
107104,21276.38
107103,20586.71
107102,24773.87
107101,29600.55
107100,49883.02
107099,43017.69
107098,23971.0
107097,31093.94
107096,30879.45
107095,29708.78
107094,39007.56
107093,58574.58
107092,46715.92
107091,33880.15
107090,28955.06
107089,34883.73
107088,39904.59
107087,51375.59
107086,67723.48
107085,56733.09
107084,23400.83
107083,22668.17
107082,24689.18
107081,22600.42
107080,33184.01
107079,44849.87
107078,48710.25
107077,23310.51
107076,15659.03
107075,22714.92
107074,27260.01
107073,30073.87
107072,41510.82
107071,41397.65
107070,22550.1
