168216,19548.11
168215,33667.72
168214,29445.34
168213,13653.36
168212,15286.14
168211,14826.82
168210,13961.11
168209,816.13
168208,22941.74
168207,20083.07
168206,11506.19
168205,10632.76
168204,9564.82
168203,25090.78
168202,22331.0
168201,36218.5
168200,28467.09
168199,31879.27
168198,20000.3
168197,23283.25
168196,26460.17
168195,24449.08
168194,218.96
168193,8048.02
168192,9578.71
168191,11332.37
168190,12063.22
168189,12311.19
168188,21938.1
168187,39871.4
168186,23986.33
168185,13020.11
168184,16147.12
168183,15578.16
168182,14937.5
168181,12646.03
168180,32412.96
168179,20229.21
168178,13154.46
168177,12904.61
168176,16344.21
168175,39086.06
168174,37986.64
168173,51518.03
168172,28370.75
168171,27136.03
168170,18288.91
168169,27145.61
168168,18746.88
168167,25785.28
168166,42549.47
168165,33092.5
168164,16118.36
168163,12048.04
168162,18369.74
168161,12767.91
168160,21405.33
168159,40808.02
168158,21670.39
168157,21460.65
168156,17214.25
168155,14815.83
168154,39840.25
168153,30617.39
168152,67433.68
168151,53316.93
168150,34893.71
168149,38682.55
168148,53491.99
168147,26173.19
168146,31909.51
168145,45505.17
168144,38363.85
168143,13603.28
168142,19897.76
168141,39162.33
168140,32705.09
168139,37294.1
168138,51956.06
168137,43488.75
168136,32066.0
168135,34758.62
168134,37355.74
168133,28695.08
168132,53066.43
168131,60961.95
168130,19573.69
168129,16341.26
168128,19506.3
168127,19761.89
168126,23805.13
168125,33308.17
168124,27588.02
168123,573.66
168122,15426.26
168121,22605.61
168120,23866.83
168119,30944.63
168118,41464.36
168117,38462.16
168116,16906.33
168115,14888.97
168114,17472.97
168113,21626.65
168112,24317.7
168111,34529.91
168110,27060.91
168109,20383.09
168108,16355.23
168107,22488.71
168106,40636.69
168105,45137.02
168104,64723.73
168103,40464.59
168102,28894.19
168101,33389.76
168100,33644.98
168099,32796.44
168098,918.17
168097,57876.34
168096,30728.62
168095,21453.33
168094,22412.45
168093,22291.7
168092,35986.66
168091,39369.5
168090,69026.77
168089,32009.96
168088,18220.89
168087,17733.05
168086,17163.4
168085,22886.87
168084,36922.86
168083,49032.9
168082,41083.26
168081,27796.13
168080,28302.9
168079,31751.43
168078,31238.18
168077,34476.03
168076,51187.94
168075,46393.06
168074,20820.61
168073,18785.72
168072,23420.99
168071,296.63
168070,44452.33
168069,47803.56
168068,37981.67
168067,58306.7
168066,24036.65
168065,21963.89
168064,25660.61
168063,31588.34
168062,41639.63
168061,37033.01
168060,18823.5
168059,42057.55
168058,36346.22
168057,33000.27
168056,35854.16
168055,50857.5
168054,40847.54
168053,25804.69
168052,41269.72
168051,32599.83
168050,42900.48
168049,52522.71
168048,55443.14
168047,51649.7
168046,23204.49
168045,20812.05
168044,25942.23
168043,26941.62
168042,37078.62
168041,37572.35
168040,37699.04
168039,21162.74
168038,18575.68
168037,23478.85
168036,27024.75
168035,25302.62
168034,30998.84
168033,28099.92
168032,22747.76
