162462,32341.82
162461,40538.15
162460,15868.61
162459,9340.79
162458,11486.84
162457,17061.38
162456,12829.16
162455,877.63
162454,28886.99
162453,21771.64
162452,11603.45
162451,10459.21
162450,12817.96
162449,19855.1
162448,26940.0
162447,39819.48
162446,25847.64
162445,25286.68
162444,15009.65
162443,14064.82
162442,17477.44
162441,17187.06
162440,33385.81
162439,28325.73
162438,16571.0
162437,9750.75
162436,11764.59
162435,9216.64
162434,22702.08
162433,38234.96
162432,23790.25
162431,16672.04
162430,13552.87
162429,14601.5
162428,19519.24
162427,25201.77
162426,33789.83
162425,22094.58
162424,12842.44
162423,13586.84
162422,16199.36
162421,34462.32
162420,35196.68
162419,58078.84
162418,37924.53
162417,37950.62
162416,15396.35
162415,21675.03
162414,15349.72
162413,27698.0
162412,48438.21
162411,35055.82
162410,14522.14
162409,13305.38
162408,17063.0
162407,16275.15
162406,22759.79
162405,43865.56
162404,27329.36
162403,23637.01
162402,14749.37
162401,19384.29
162400,32723.57
162399,35631.03
162398,55189.51
162397,47666.44
162396,26851.97
162395,29423.75
162394,37934.61
162393,28080.62
162392,28592.19
162391,44168.22
162390,36645.59
162389,18002.67
162388,17869.21
162387,29228.43
162386,28687.53
162385,32693.94
162384,52947.07
162383,40332.84
162382,29749.73
162381,29578.72
162380,28776.62
162379,32102.91
162378,41113.95
162377,54055.28
162376,16951.58
162375,14759.76
162374,16772.35
162373,23124.58
162372,29511.51
162371,42573.72
162370,42034.17
162369,645.86
162368,17211.23
162367,30370.22
162366,32113.8
162365,47169.71
162364,65737.1
162363,51437.6
162362,18644.32
162361,17704.72
162360,17878.47
162359,21457.55
162358,31078.59
162357,42461.26
162356,36346.44
162355,19210.19
162354,22943.63
162353,22166.27
162352,40674.55
162351,40025.24
162350,52924.97
162349,52097.83
162348,24767.97
162347,22922.11
162346,26091.9
162345,26679.99
162344,604.38
162343,55168.51
162342,35528.78
162341,22398.49
162340,26606.15
162339,25983.45
162338,33431.8
162337,41387.74
162336,59971.6
162335,44544.42
162334,16637.2
162333,20528.4
162332,22723.67
162331,21187.95
162330,38549.63
162329,55303.59
162328,47470.68
162327,22675.69
162326,23682.74
162325,27991.6
162324,26248.14
162323,31218.1
162322,60147.77
162321,45724.86
162320,17104.65
162319,18420.01
162318,18877.05
162317,406.75
162316,28017.3
162315,46564.09
162314,37157.37
162313,45118.33
162312,20494.24
162311,18576.37
162310,24371.57
162309,33618.62
162308,50093.06
162307,43319.69
162306,21992.44
162305,36508.06
162304,35633.92
162303,31571.39
162302,39864.16
162301,51441.85
162300,44243.25
162299,26522.78
162298,27447.66
162297,27122.88
162296,31287.89
162295,41122.6
162294,42763.38
162293,37104.29
162292,21420.84
162291,24986.36
162290,21829.08
162289,27115.28
162288,32514.51
162287,34334.71
162286,40776.28
162285,23703.01
162284,16914.75
162283,21811.1
162282,27041.4
162281,29602.11
162280,39855.73
162279,28851.35
162278,21710.23
