112243,25432.57
112242,39039.02
112241,42342.26
112240,12661.93
112239,13391.18
112238,12921.82
112237,16390.81
112236,1121.57
112235,25295.14
112234,15902.94
112233,12078.93
112232,10545.06
112231,11161.01
112230,21706.59
112229,24309.75
112228,33461.13
112227,26345.72
112226,23845.2
112225,18354.61
112224,15597.33
112223,14999.16
112222,19310.6
112221,38184.56
112220,34607.73
112219,8213.74
112218,12487.53
112217,14295.42
112216,14327.27
112215,23549.54
112214,38940.05
112213,27985.81
112212,13701.93
112211,5725.76
112210,12500.0
112209,16169.37
112208,21992.48
112207,34299.84
112206,23099.77
112205,13810.26
112204,14583.64
112203,19585.97
112202,39438.62
112201,44157.63
112200,67631.27
112199,42660.09
112198,34825.53
112197,23486.44
112196,30415.18
112195,23211.36
112194,30405.35
112193,48274.96
112192,41400.92
112191,16298.82
112190,16120.44
112189,21240.66
112188,17491.01
112187,25913.4
112186,35998.71
112185,29568.84
112184,22457.32
112183,15125.69
112182,15459.13
112181,33316.12
112180,37860.11
112179,64056.44
112178,57469.86
112177,29795.45
112176,36262.26
112175,47811.09
112174,26665.26
112173,31010.56
112172,44979.91
112171,46356.38
112170,14862.65
112169,15856.79
112168,33897.37
112167,29753.62
112166,37143.82
112165,63408.28
112164,51590.12
112163,27787.96
112162,30381.38
112161,18298.88
112160,28656.1
112159,40267.92
112158,59909.4
112157,16740.26
112156,14763.25
112155,15902.74
112154,19929.02
112153,28680.59
112152,35145.18
112151,31330.72
112150,641.75
112149,15431.28
112148,26043.75
112147,23061.49
112146,28819.75
112145,48182.44
112144,41586.56
112143,13549.81
112142,851.27
112141,275.48
112140,84.02
112139,31226.3
112138,38770.95
112137,42776.35
112136,610.25
112135,20003.38
112134,19502.09
112133,41071.52
112132,43312.48
112131,56673.14
112130,42944.57
112129,22028.43
112128,25761.0
112127,30171.28
112126,26079.57
112125,35478.47
112124,56630.39
112123,29532.5
112122,15321.29
112121,23620.92
112120,25327.97
112119,34620.01
112118,41873.88
112117,59357.13
112116,42134.33
112115,16996.17
112114,15501.62
112113,19378.33
112112,16916.48
112111,48601.76
112110,53956.02
112109,47677.84
112108,28406.0
112107,25804.08
112106,28919.1
112105,30871.83
112104,37730.15
112103,50715.8
112102,51586.47
112101,20613.52
112100,20618.44
112099,24326.59
112098,32010.2
112097,35722.22
112096,39914.81
112095,37224.98
112094,39322.96
112093,20763.79
112092,20835.81
112091,24436.7
112090,26767.48
112089,44756.77
112088,35149.93
112087,17749.14
112086,35698.89
112085,33340.13
112084,38812.5
112083,45223.54
112082,57033.48
112081,45111.05
112080,28059.84
112079,30126.61
112078,36190.89
112077,36049.95
112076,44413.65
112075,45803.07
112074,40330.63
112073,21330.84
112072,19642.94
112071,22597.32
112070,24631.23
112069,34822.22
112068,38200.38
112067,38980.98
112066,18219.17
112065,13828.94
112064,18368.24
112063,23515.71
112062,29361.55
112061,28464.86
112060,23255.47
112059,16808.95
