121851,28424.33
121850,43273.52
121849,40527.18
121848,16481.18
121847,13790.63
121846,12494.89
121845,15267.67
121844,1267.15
121843,28866.7
121842,15437.82
121841,9950.92
121840,15201.18
121839,12944.31
121838,27697.47
121837,23961.26
121836,26546.03
121835,26233.15
121834,29631.32
121833,15598.98
121832,15585.81
121831,19895.49
121830,20993.48
121829,33705.55
121828,24634.14
121827,8505.21
121826,15925.32
121825,15414.37
121824,14253.17
121823,21373.08
121822,36423.11
121821,26720.84
121820,13130.03
121819,16296.37
121818,14749.44
121817,21541.24
121816,7688.1
121815,33735.39
121814,27453.12
121813,7008.17
121812,17290.51
121811,18070.95
121810,44977.36
121809,41282.56
121808,59719.59
121807,27930.67
121806,37190.13
121805,19403.37
121804,29559.42
121803,21103.29
121802,28539.44
121801,44344.78
121800,36077.22
121799,15676.37
121798,17163.18
121797,16703.59
121796,13781.37
121795,25731.5
121794,41395.3
121793,26470.28
121792,24623.39
121791,15796.02
121790,16633.07
121789,35275.13
121788,35582.17
121787,62279.46
121786,51807.33
121785,33214.63
121784,36679.33
121783,46739.67
121782,25891.09
121781,30658.28
121780,49056.97
121779,47572.51
121778,15249.05
121777,16679.62
121776,34727.92
121775,34113.03
121774,37422.76
121773,65762.01
121772,46077.93
121771,21584.41
121770,29755.84
121769,39790.21
121768,31099.61
121767,41157.22
121766,72214.19
121765,-13.99
121764,16258.05
121763,14460.96
121762,19984.72
121761,23676.28
121760,25608.14
121759,42603.94
121758,26446.51
121757,663.83
121756,17703.47
121755,32448.04
121754,22386.48
121753,41849.62
121752,59135.57
121751,53767.8
121750,17379.23
121749,21589.57
121748,22865.73
121747,25615.21
121746,28530.47
121745,44263.99
121744,41243.94
121743,23452.27
121742,17333.52
121741,25113.34
121740,41661.8
121739,43666.32
121738,65906.76
121737,53700.58
121736,27956.42
121735,25104.27
121734,34419.26
121733,32090.61
121732,1249.86
121731,66331.52
121730,38228.33
121729,22893.98
121728,26278.57
121727,26261.18
121726,36736.03
121725,47459.66
121724,76228.02
121723,41283.92
121722,15712.21
121721,21578.57
121720,28053.91
121719,24458.19
121718,46230.33
121717,66327.88
121716,60296.56
121715,32550.43
121714,32986.43
121713,34915.09
121712,34991.87
121711,46713.3
121710,57568.32
121709,59317.44
121708,21001.1
121707,25527.13
121706,30247.5
121705,455.23
121704,43554.19
121703,56485.99
121702,44384.49
121701,59301.45
121700,24451.02
121699,30302.54
121698,25887.7
121697,33084.88
121696,51029.75
121695,43101.27
121694,24788.7
121693,41367.43
121692,41199.45
121691,34960.35
121690,43803.33
121689,64166.44
121688,50373.42
121687,32930.92
121686,33463.41
121685,29671.14
121684,42195.39
121683,51792.05
121682,66378.44
121681,51311.97
121680,25974.6
121679,26402.42
121678,25002.1
121677,28728.41
121676,35646.23
121675,44614.83
121674,47052.46
121673,20027.21
121672,16388.19
121671,29070.81
121670,30641.69
121669,28314.76
121668,44007.27
121667,31339.59
121666,24435.9
