216596,13785.14
216595,23861.39
216594,24696.09
216593,7706.06
216592,9423.32
216591,8409.07
216590,8112.46
216589,598.81
216588,16536.46
216587,14114.35
216586,8385.22
216585,6976.05
216584,6634.26
216583,13098.93
216582,16690.45
216581,25822.27
216580,21210.22
216579,13513.83
216578,11483.08
216577,10147.36
216576,12018.47
216575,13281.42
216574,10483.32
216573,18321.94
216572,10444.28
216571,7843.73
216570,12014.93
216569,8275.2
216568,15834.29
216567,27808.16
216566,17548.5
216565,8256.61
216564,9950.08
216563,10349.62
216562,13508.39
216561,7539.52
216560,27255.25
216559,19065.87
216558,3748.78
216557,8841.31
216556,11364.08
216555,21883.64
216554,30524.83
216553,42581.98
216552,20880.97
216551,16777.67
216550,11382.84
216549,16834.05
216548,10872.86
216547,18069.83
216546,38585.23
216545,27374.18
216544,7712.33
216543,10739.03
216542,9441.99
216541,8045.81
216540,13397.08
216539,31196.14
216538,19519.32
216537,13996.07
216536,10205.88
216535,10594.94
216534,23832.79
216533,23510.66
216532,41448.69
216531,36992.63
216530,18044.22
216529,23820.38
216528,29817.85
216527,19149.88
216526,24336.89
216525,33176.55
216524,28602.68
216523,7919.17
216522,11136.59
216521,22330.6
216520,19495.01
216519,24494.77
216518,41838.94
216517,33931.53
216516,16999.8
216515,21079.53
216514,26986.08
216513,20043.88
216512,36814.29
216511,49916.05
216510,9523.36
216509,9572.58
216508,15573.36
216507,16313.24
216506,19809.51
216505,33582.6
216504,22216.06
216503,5964.16
216502,11256.76
216501,18410.09
216500,16115.09
216499,24730.56
216498,37797.6
216497,30915.85
216496,133.8
216495,8820.9
216494,10788.03
216493,14115.52
216492,18719.19
216491,27009.76
216490,17194.1
216489,10130.92
216488,11188.39
216487,10410.78
216486,24009.53
216485,30740.72
216484,44613.64
216483,33620.87
216482,12794.83
216481,16063.5
216480,21467.9
216479,18204.5
216478,42.12
216477,41548.53
216476,25401.06
216475,17211.68
216474,15999.38
216473,16640.14
216472,22532.93
216471,27896.51
216470,48388.24
216469,27103.22
216468,10413.97
216467,11117.7
216466,11540.0
216465,11817.25
216464,24609.17
216463,35378.06
216462,28343.02
216461,17326.79
216460,20644.03
216459,18910.93
216458,17892.57
216457,26468.47
216456,38429.21
216455,34748.72
216454,14697.02
216453,15401.6
216452,16116.2
216451,25277.86
216450,30412.23
216449,39737.24
216448,25686.48
216447,38615.98
216446,13547.97
216445,17363.9
216444,20540.77
216443,19449.55
216442,30091.79
216441,27885.24
216440,12986.61
216439,17825.17
216438,23351.19
216437,26248.9
216436,26198.65
216435,32204.14
216434,29051.22
216433,19296.06
216432,21649.2
216431,19871.01
216430,22802.49
216429,35849.79
216428,37828.79
216427,29514.48
216426,13278.65
216425,14042.35
216424,15018.04
216423,19037.59
216422,22692.33
216421,21317.53
216420,25604.88
216419,17068.58
216418,9221.85
216417,13638.2
216416,15299.45
216415,16274.7
216414,20287.79
216413,15967.82
216412,14661.91
