79854,31265.33
79853,54637.89
79852,47160.25
79851,12084.62
79850,16218.82
79849,17838.21
79848,14853.73
79847,935.18
79846,39608.07
79845,25177.26
79844,12809.47
79843,11827.88
79842,13998.2
79841,24735.57
79840,28994.59
79839,53754.93
79838,33739.04
79837,39837.94
79836,21566.19
79835,22946.8
79834,24943.55
79833,13100.42
79832,252.43
79831,54.06
79830,13823.52
79829,11235.41
79828,18941.19
79827,19192.0
79826,31277.4
79825,49672.57
79824,31430.23
79823,14754.77
79822,14547.9
79821,11651.15
79820,19031.55
79819,26236.69
79818,42170.37
79817,31103.43
79816,15900.56
79815,6614.4
79814,15475.19
79813,33286.47
79812,51861.7
79811,75972.77
79810,48755.61
79809,18667.02
79808,20998.37
79807,28481.18
79806,22146.91
79805,36165.83
79804,62224.42
79803,39547.75
79802,21129.45
79801,15685.41
79800,15873.23
79799,15104.02
79798,30824.35
79797,53215.71
79796,36265.76
79795,26494.52
79794,16661.98
79793,17279.54
79792,40259.23
79791,41996.01
79790,85857.91
79789,62189.66
79788,39773.74
79787,47896.09
79786,65617.81
79785,29188.07
79784,37611.73
79783,62920.65
79782,53273.22
79781,15125.61
79780,20112.03
79779,43238.17
79778,35978.92
79777,42540.55
79776,69504.88
79775,47637.1
79774,31284.93
79773,36200.51
79772,44320.57
79771,37183.71
79770,61556.38
79769,80013.84
79768,-50.98
79767,18638.63
79766,21014.45
79765,17629.33
79764,26981.4
79763,30386.64
79762,49765.29
79761,38531.14
79760,15730.17
79759,15919.76
79758,22292.98
79757,23803.02
79756,34618.1
79755,59628.51
79754,50534.85
79753,274.95
79752,16720.71
79751,19627.94
79750,24200.58
79749,24676.83
79748,43507.16
79747,35972.43
79746,18566.9
79745,15857.29
79744,18195.92
79743,43570.93
79742,50176.22
79741,73481.6
79740,49494.57
79739,31050.64
79738,44168.78
79737,34501.77
79736,29987.06
79735,29.99
79734,69150.69
79733,42703.5
79732,21284.63
79731,26745.38
79730,25530.53
79729,38493.68
79728,46560.84
79727,73712.0
79726,36990.23
79725,14476.18
79724,20706.81
79723,16514.98
79722,20091.62
79721,47896.98
79720,63407.71
79719,48872.9
79718,31104.4
79717,30437.38
79716,33615.93
79715,33424.65
79714,40882.6
79713,59499.48
79712,51831.04
79711,15478.42
79710,19971.63
79709,25028.95
79708,48648.19
79707,63903.55
79706,50419.91
79705,61494.55
79704,24987.47
79703,26863.35
79702,29285.54
79701,36329.09
79700,52750.24
79699,49752.13
79698,25117.31
79697,49250.25
79696,41612.38
79695,38374.5
79694,47782.0
79693,68143.71
79692,56830.55
79691,34083.71
79690,40392.88
79689,32002.09
79688,33623.14
79687,52649.61
79686,55533.32
79685,40972.06
79684,20322.81
79683,23176.82
79682,22032.89
79681,25526.61
79680,42609.5
79679,39211.78
79678,42949.64
79677,21727.77
79676,13908.54
79675,23772.97
79674,28411.43
79673,31227.46
79672,38465.37
79671,27565.77
79670,29365.39
