108404,25544.73
108403,48275.49
108402,50320.78
108401,18784.9
108400,18033.92
108399,19914.41
108398,20076.35
108397,1188.18
108396,35203.48
108395,25725.56
108394,15367.91
108393,17188.97
108392,16879.54
108391,26010.86
108390,34872.59
108389,51484.99
108388,43342.04
108387,43349.73
108386,27879.37
108385,30217.23
108384,38156.74
108383,35025.4
108382,130.17
108381,9325.81
108380,16427.5
108379,15920.07
108378,15248.57
108377,15900.28
108376,29395.13
108375,50220.42
108374,38160.47
108373,16343.0
108372,15439.4
108371,17440.05
108370,22500.39
108369,22568.61
108368,42160.12
108367,33190.79
108366,16318.47
108365,13815.95
108364,21115.39
108363,46042.81
108362,57025.76
108361,79979.84
108360,55709.9
108359,34399.23
108358,27223.93
108357,37459.13
108356,29220.22
108355,43049.11
108354,66796.07
108353,52156.7
108352,20281.37
108351,18839.36
108350,18707.12
108349,22065.81
108348,34304.88
108347,50867.05
108346,36215.67
108345,26745.4
108344,22065.87
108343,15646.99
108342,45634.44
108341,50338.62
108340,93321.87
108339,69114.27
108338,43022.46
108337,50944.57
108336,69425.78
108335,36161.35
108334,45764.21
108333,65231.83
108332,60383.75
108331,20326.21
108330,22044.2
108329,50662.99
108328,23838.8
108327,54603.01
108326,76343.03
108325,58193.37
108324,36928.64
108323,45998.91
108322,59868.8
108321,44434.13
108320,63427.29
108319,82782.97
108318,-31.42
108317,31933.33
108316,22700.58
108315,22444.96
108314,31905.74
108313,34056.26
108312,56555.31
108311,46580.08
108310,1293.68
108309,20824.36
108308,33230.06
108307,28857.05
108306,34261.25
108305,57276.06
108304,56980.51
108303,17686.38
108302,1420.88
108301,1241.41
108300,92.77
108299,32154.11
108298,47037.31
108297,39247.16
108296,1204.69
108295,26542.32
108294,21517.06
108293,55828.46
108292,55415.01
108291,85353.36
108290,65186.08
108289,45568.66
108288,43295.83
108287,43581.5
108286,37408.35
108285,46753.59
108284,87703.26
108283,51109.17
108282,30551.45
108281,29903.66
108280,35317.87
108279,45927.42
108278,47858.97
108277,89452.23
108276,50480.17
108275,21686.29
108274,24350.34
108273,28718.27
108272,26463.95
108271,50329.35
108270,69292.11
108269,72855.15
108268,43370.65
108267,41998.21
108266,43722.26
108265,41190.65
108264,42087.25
108263,74404.07
108262,79702.74
108261,25049.45
108260,28600.45
108259,35098.68
108258,44118.61
108257,57265.79
108256,70572.1
108255,63559.22
108254,78821.03
108253,33402.18
108252,32763.86
108251,40719.56
108250,47783.27
108249,60544.58
108248,51598.72
108247,29548.15
108246,54517.76
108245,53399.58
108244,45575.1
108243,55228.09
108242,74495.17
108241,79064.94
108240,42733.52
108239,44964.05
108238,44254.97
108237,50881.62
108236,67204.38
108235,72544.66
108234,63555.23
108233,27966.19
108232,32451.2
108231,31858.51
108230,34175.96
108229,45009.84
108228,40281.27
108227,57906.19
108226,23576.02
108225,21092.66
108224,28953.87
108223,33884.46
108222,36089.44
108221,39890.79
108220,35587.48
108219,25648.82
