91178,20901.36
91177,35974.15
91176,22547.17
91175,11130.18
91174,9354.6
91173,12156.87
91172,13669.07
91171,631.21
91170,19751.96
91169,17935.85
91168,9234.6
91167,8626.48
91166,12098.83
91165,17845.53
91164,17805.11
91163,26708.14
91162,22247.45
91161,24096.21
91160,14938.0
91159,12270.37
91158,13887.51
91157,13126.17
91156,29692.22
91155,23984.8
91154,11117.71
91153,7338.08
91152,11737.33
91151,11932.74
91150,20842.75
91149,31321.7
91148,20532.67
91147,12477.8
91146,15593.42
91145,14031.9
91144,18767.86
91143,18455.51
91142,33686.1
91141,16883.6
91140,12897.04
91139,11866.61
91138,16928.0
91137,28964.07
91136,33284.15
91135,59419.73
91134,31802.31
91133,23775.89
91132,19379.75
91131,19988.98
91130,15926.94
91129,26130.72
91128,39232.55
91127,29277.93
91126,12917.8
91125,13099.75
91124,16782.93
91123,16569.32
91122,20620.72
91121,34952.15
91120,22595.52
91119,20334.29
91118,15105.28
91117,15669.5
91116,26280.21
91115,36518.02
91114,59898.49
91113,41767.73
91112,25648.46
91111,29038.44
91110,32841.14
91109,21951.08
91108,29306.82
91107,43827.05
91106,33624.39
91105,19835.54
91104,17001.46
91103,29626.89
91102,32494.24
91101,31638.95
91100,45504.25
91099,31451.67
91098,20413.12
91097,22735.63
91096,27367.3
91095,24032.42
91094,43345.61
91093,56934.77
91092,15687.76
91091,13459.7
91090,14461.31
91089,17879.85
91088,25025.62
91087,34123.33
91086,22843.16
91085,524.15
91084,12927.67
91083,22253.34
91082,26193.87
91081,33195.65
91080,45306.55
91079,35914.16
91078,12043.87
91077,549.53
91076,419.2
91075,25353.03
91074,29118.64
91073,25951.35
91072,1295.1
91071,16840.83
91070,12071.92
91069,20549.23
91068,32472.14
91067,49145.39
91066,27030.2
91065,21614.5
91064,20442.4
91063,18901.01
91062,20654.27
91061,30509.76
91060,57741.36
91059,29567.76
91058,14967.37
91057,21129.07
91056,21964.7
91055,29641.51
91054,36381.72
91053,60939.65
91052,34141.09
91051,14522.57
91050,17143.24
91049,19422.99
91048,17787.85
91047,33808.23
91046,43698.01
91045,35386.04
91044,20441.23
91043,25773.78
91042,25734.54
91041,17338.45
91040,37267.53
91039,47783.29
91038,42692.38
91037,17281.18
91036,16663.74
91035,17253.35
91034,22640.64
91033,23131.42
91032,49359.22
91031,37249.49
91030,47464.71
91029,14526.21
91028,17144.86
91027,21251.92
91026,25109.89
91025,36850.52
91024,24684.87
91023,14174.43
91022,28144.61
91021,27542.42
91020,24328.28
91019,34184.55
91018,47460.94
91017,32930.52
91016,19672.61
91015,21067.71
91014,22749.2
91013,28488.38
91012,39582.71
91011,49558.75
91010,38022.22
91009,14577.75
91008,16898.64
91007,18615.06
91006,18518.39
91005,26457.88
91004,29854.63
91003,33948.03
91002,13532.73
91001,13118.04
91000,17225.02
90999,21977.06
90998,23117.65
90997,38622.6
90996,20972.56
90995,20741.93
