176826,14838.68
176825,24982.28
176824,13625.81
176823,7934.24
176822,5220.52
176821,9411.39
176820,8886.57
176819,450.81
176818,15716.27
176817,8429.91
176816,7046.53
176815,5405.23
176814,7061.83
176813,9744.4
176812,15491.47
176811,18858.19
176810,11093.28
176809,13019.24
176808,8672.01
176807,8801.14
176806,9232.87
176805,9990.8
176804,17394.01
176803,8072.95
176802,5858.52
176801,5093.75
176800,5437.28
176799,7432.29
176798,12697.18
176797,19471.8
176796,9681.67
176795,8749.01
176794,6643.48
176793,8928.75
176792,7797.55
176791,10856.42
176790,19312.16
176789,7230.86
176788,8934.13
176787,9951.66
176786,8028.71
176785,20050.94
176784,21954.7
176783,37834.32
176782,19226.37
176781,9994.16
176780,9645.92
176779,11903.01
176778,8971.81
176777,16142.36
176776,23856.46
176775,12243.08
176774,8077.5
176773,3332.63
176772,9171.63
176771,10746.55
176770,15007.78
176769,24294.23
176768,12478.13
176767,13295.78
176766,8886.8
176765,9242.31
176764,16295.16
176763,23314.02
176762,29791.4
176761,16628.75
176760,17207.99
176759,15403.73
176758,18132.56
176757,13718.34
176756,11515.71
176755,31043.6
176754,15526.96
176753,11190.07
176752,12384.35
176751,19321.46
176750,18173.47
176749,25581.92
176748,36483.62
176747,19949.25
176746,15975.79
176745,18223.93
176744,21269.94
176743,17380.29
176742,35748.11
176741,45829.02
176740,10229.11
176739,6947.21
176738,9254.97
176737,8727.96
176736,18349.18
176735,23703.35
176734,11119.09
176733,8281.21
176732,9363.24
176731,12943.97
176730,16757.79
176729,21848.67
176728,29600.93
176727,17183.4
176726,559.09
176725,6218.21
176724,6520.46
176723,8160.29
176722,15086.37
176721,17356.63
176720,13340.31
176719,8309.19
176718,6120.59
176717,7818.45
176716,12246.19
176715,17846.14
176714,25489.49
176713,14942.45
176712,11686.17
176711,12538.17
176710,11283.57
176709,13032.29
176708,176.28
176707,23602.76
176706,12787.51
176705,13543.47
176704,13683.3
176703,14134.7
176702,18648.12
176701,25176.19
176700,34398.98
176699,16492.1
176698,9636.31
176697,12760.64
176696,11691.39
176695,11969.94
176694,23630.94
176693,25677.71
176692,17480.53
176691,13497.7
176690,12778.7
176689,17567.29
176688,14359.5
176687,20837.08
176686,25078.87
176685,19475.99
176684,10056.58
176683,10174.3
176682,10263.0
176681,163.1
176680,18607.64
176679,22666.27
176678,13064.89
176677,18429.99
176676,8839.08
176675,9383.6
176674,14971.91
176673,14935.51
176672,20919.53
176671,12984.59
176670,11578.03
176669,16195.54
176668,14710.37
176667,15382.57
176666,20996.79
176665,26066.87
176664,13016.57
176663,11784.22
176662,11184.77
176661,14310.17
176660,14107.27
176659,22126.16
176658,25732.94
176657,13192.65
176656,8525.66
176655,8725.21
176654,10074.68
176653,11220.26
176652,15139.47
176651,17170.11
176650,14169.78
176649,5121.04
176648,6883.35
176647,10167.47
176646,15241.76
176645,12851.47
176644,17253.23
176643,13588.29
176642,9157.86
