143284,31788.69
143283,48726.45
143282,28530.88
143281,14341.42
143280,14514.43
143279,11901.38
143278,14496.69
143277,860.45
143276,24394.34
143275,15977.52
143274,13059.87
143273,9990.96
143272,12185.34
143271,22488.17
143270,25364.26
143269,40064.33
143268,25953.09
143267,30193.28
143266,16930.66
143265,8262.0
143264,14449.59
143263,17334.81
143262,36623.44
143261,23079.2
143260,11956.93
143259,12811.73
143258,10696.0
143257,12968.21
143256,20343.58
143255,36875.09
143254,21181.88
143253,24927.36
143252,10061.02
143251,12883.77
143250,16883.08
143249,26200.37
143248,42559.66
143247,15430.95
143246,10941.03
143245,9910.32
143244,13500.2
143243,32667.4
143242,40624.05
143241,71896.26
143240,17506.11
143239,31193.28
143238,12911.67
143237,26155.34
143236,20592.73
143235,32319.81
143234,49264.82
143233,30045.07
143232,14830.15
143231,15191.93
143230,8338.06
143229,12863.39
143228,27396.7
143227,53058.59
143226,23677.71
143225,18872.44
143224,14460.29
143223,14930.97
143222,37386.61
143221,49213.13
143220,75534.91
143219,44973.81
143218,30326.03
143217,36331.71
143216,42044.11
143215,26164.44
143214,41706.74
143213,72433.22
143212,32667.58
143211,19974.03
143210,16595.56
143209,28944.82
143208,27449.87
143207,37581.31
143206,81439.56
143205,35765.52
143204,27693.09
143203,30438.55
143202,36646.34
143201,36610.6
143200,58887.25
143199,64568.57
143198,19136.57
143197,16763.11
143196,16788.56
143195,17875.54
143194,29701.62
143193,43043.03
143192,22959.07
143191,13786.39
143190,15945.12
143189,24832.5
143188,26181.7
143187,34271.09
143186,55964.27
143185,29839.93
143184,1358.75
143183,17422.07
143182,16589.42
143181,17399.97
143180,25370.63
143179,38207.14
143178,29368.61
143177,17464.94
143176,21386.54
143175,16626.32
143174,31763.53
143173,43567.71
143172,62553.24
143171,35471.19
143170,21439.16
143169,26675.42
143168,30016.8
143167,32230.62
143166,361.39
143165,72762.7
143164,33064.86
143163,21694.4
143162,18912.01
143161,23243.55
143160,27573.35
143159,35916.53
143158,60180.33
143157,27401.73
143156,18208.24
143155,19341.5
143154,20542.34
143153,22271.04
143152,47052.46
143151,55973.46
143150,35567.74
143149,25015.01
143148,25773.68
143147,26948.02
143146,28567.39
143145,37503.56
143144,46446.14
143143,30983.4
143142,17845.62
143141,19149.43
143140,23137.44
143139,89.5
143138,38617.57
143137,49345.65
143136,30255.04
143135,36682.62
143134,20965.73
143133,23287.11
143132,26952.33
143131,28571.87
143130,41000.9
143129,25811.89
143128,18365.49
143127,32713.81
143126,32583.3
143125,32667.51
143124,39398.29
143123,50701.08
143122,31235.38
143121,27699.76
143120,27464.25
143119,30064.21
143118,34757.93
143117,45434.81
143116,46925.42
143115,28284.4
143114,12986.73
143113,16481.05
143112,19596.59
143111,23565.54
143110,29880.57
143109,27853.45
143108,35292.82
143107,14952.65
143106,11287.94
143105,14639.84
143104,21646.14
143103,24885.06
143102,29913.66
143101,22841.09
143100,19691.96
