212564,15922.78
212563,20317.36
212562,17595.39
212561,9583.97
212560,12022.92
212559,9302.63
212558,9146.79
212557,505.32
212556,16947.73
212555,11185.87
212554,7585.17
212553,8746.79
212552,8451.94
212551,11726.75
212550,11667.78
212549,19086.78
212548,14297.23
212547,16437.39
212546,8017.25
212545,9759.4
212544,10451.14
212543,11705.34
212542,19166.59
212541,12562.17
212540,6836.37
212539,7788.44
212538,7460.6
212537,8069.87
212536,14817.09
212535,21359.39
212534,11207.46
212533,9557.67
212532,11073.19
212531,10531.7
212530,11532.6
212529,14084.84
212528,20619.29
212527,11472.41
212526,11821.31
212525,8884.69
212524,14120.07
212523,24778.07
212522,19874.55
212521,32117.75
212520,20914.55
212519,18430.15
212518,11575.97
212517,13593.27
212516,11076.82
212515,18477.8
212514,22568.79
212513,15775.76
212512,11978.05
212511,9260.39
212510,8987.21
212509,10783.81
212508,15571.28
212507,25284.95
212506,13242.65
212505,14961.17
212504,10994.24
212503,10278.73
212502,19627.86
212501,21867.2
212500,33464.78
212499,20622.44
212498,12687.98
212497,13742.95
212496,17681.23
212495,14565.43
212494,17554.96
212493,28269.32
212492,18331.23
212491,14772.79
212490,11834.49
212489,23944.09
212488,20466.94
212487,22158.75
212486,31645.61
212485,15119.34
212484,11716.9
212483,15091.24
212482,17632.58
212481,18037.5
212480,35974.3
212479,35338.97
212478,11671.81
212477,10635.74
212476,8514.9
212475,13519.02
212474,17202.6
212473,24989.4
212472,16909.31
212471,12275.27
212470,9257.12
212469,21717.57
212468,20903.88
212467,25048.55
212466,34411.84
212465,25120.65
212464,706.96
212463,8798.43
212462,12224.65
212461,14001.22
212460,15081.62
212459,19466.82
212458,9951.72
212457,7306.71
212456,9930.63
212455,8528.36
212454,16399.88
212453,21358.27
212452,25287.77
212451,18235.13
212450,11632.3
212449,12940.19
212448,16946.6
212447,18148.84
212446,897.44
212445,30092.61
212444,17267.12
212443,13784.51
212442,15021.05
212441,16698.03
212440,22121.41
212439,27867.7
212438,39782.2
212437,20183.58
212436,11075.53
212435,10904.55
212434,15433.8
212433,13413.62
212432,27081.24
212431,27836.47
212430,23004.45
212429,15548.23
212428,14545.38
212427,16807.08
212426,12945.95
212425,20774.17
212424,29841.75
212423,21484.24
212422,11555.43
212421,12566.38
212420,9974.44
212419,15975.16
212418,21200.41
212417,27743.49
212416,22164.84
212415,27126.24
212414,9299.04
212413,10624.27
212412,15802.25
212411,22152.56
212410,26123.75
212409,18179.27
212408,11381.76
212407,22077.45
212406,17721.23
212405,18996.67
212404,17715.56
212403,32776.84
212402,16438.52
212401,15602.36
212400,13186.97
212399,15950.05
212398,20343.71
212397,24909.72
212396,24403.64
212395,19700.96
212394,9327.06
212393,13845.07
212392,12038.88
212391,15974.22
212390,17361.19
212389,17337.61
212388,17891.59
212387,11717.68
212386,8972.45
212385,11132.9
212384,12907.36
212383,18917.66
212382,21879.82
212381,14269.62
212380,9589.71
