12067,42157.74
12066,69418.02
12065,44761.7
12064,18064.69
12063,14937.29
12062,22317.49
12061,16060.74
12060,502.9
12059,46514.78
12058,25624.69
12057,12715.56
12056,11995.57
12055,14673.25
12054,27229.65
12053,39785.69
12052,57704.37
12051,31684.5
12050,38534.41
12049,23314.15
12048,18812.24
12047,25965.7
12046,30214.08
12045,60169.66
12044,44023.15
12043,12779.11
12042,16226.95
12041,19233.33
12040,15440.69
12039,36714.53
12038,62268.48
12037,31855.77
12036,21651.48
12035,17003.14
12034,26749.73
12033,25815.95
12032,38905.37
12031,57120.56
12030,31978.41
12029,20702.68
12028,19017.63
12027,27210.0
12026,58857.7
12025,66160.31
12024,114534.87
12023,56344.13
12022,46981.21
12021,34092.02
12020,38525.75
12019,33877.64
12018,49423.11
12017,82937.27
12016,53419.41
12015,21190.06
12014,21357.29
12013,12024.71
12012,15425.69
12011,34786.21
12010,63062.0
12009,36296.69
12008,30612.77
12007,15658.48
12006,21474.62
12005,36910.58
12004,64793.63
12003,113339.82
12002,76537.15
12001,46776.14
12000,60768.71
11999,71932.47
11998,29975.08
11997,53426.92
11996,83323.67
11995,54121.47
11994,24133.8
11993,26442.87
11992,53309.83
11991,42316.63
11990,61475.86
11989,103765.99
11988,69921.17
11987,45244.42
11986,46333.2
11985,58896.27
11984,37904.22
11983,82822.87
11982,99027.21
11981,-20.49
11980,31293.85
11979,29789.17
11978,36693.28
11977,30699.27
11976,43785.32
11975,56142.85
11974,39980.12
11973,22278.53
11972,23272.86
11971,36070.54
11970,35428.88
11969,45404.39
11968,75348.92
11967,50322.59
11966,1134.55
11965,20085.08
11964,24688.12
11963,26633.0
11962,37237.01
11961,56896.8
11960,39982.03
11959,26492.49
11958,26952.85
11957,23645.02
11956,58267.11
11955,71303.67
11954,89711.33
11953,58939.72
11952,41639.12
11951,40772.77
11950,41632.58
11949,41498.18
11948,1116.2
11947,92787.93
11946,43518.22
11945,26117.15
11944,32061.64
11943,29776.94
11942,39045.94
11941,56275.57
11940,83064.55
11939,48321.35
11938,21728.5
11937,23523.73
11936,27246.23
11935,27950.39
11934,66313.23
11933,82928.26
11932,58793.46
11931,39542.54
11930,38488.22
11929,40959.58
11928,33392.06
11927,55800.58
11926,68697.97
11925,60671.51
11924,25678.47
11923,32415.8
11922,31467.91
11921,462.56
11920,69148.78
11919,66450.11
11918,49778.8
11917,53893.16
11916,33758.61
11915,35474.96
11914,41716.4
11913,51044.43
11912,55046.33
11911,46591.23
11910,25825.11
11909,57773.73
11908,54908.78
11907,55563.86
11906,66372.38
11905,71908.97
11904,55991.79
11903,40308.4
11902,43406.33
11901,48247.12
11900,47161.43
11899,67232.6
11898,64245.49
11897,50766.53
11896,22339.56
11895,27734.53
11894,24636.45
11893,34218.58
11892,51211.76
11891,46479.27
11890,50257.13
11889,26774.02
11888,21006.39
11887,29777.33
11886,31658.08
11885,42680.5
11884,37377.15
11883,28562.24
11882,26749.03
