201916,23814.46
201915,36031.8
201914,32542.1
201913,15240.58
201912,15032.21
201911,18939.57
201910,15101.3
201909,736.08
201908,30122.48
201907,25262.88
201906,13707.96
201905,12438.56
201904,17415.15
201903,18600.24
201902,20536.34
201901,33951.63
201900,28189.44
201899,26099.34
201898,14708.27
201897,19047.91
201896,13575.49
201895,15893.26
201894,35320.87
201893,25858.72
201892,15611.37
201891,14457.43
201890,14776.71
201889,12667.14
201888,22523.36
201887,31891.17
201886,25648.25
201885,14593.79
201884,17742.01
201883,18981.56
201882,21098.15
201881,25206.22
201880,30973.43
201879,22003.8
201878,16853.62
201877,15271.34
201876,20615.19
201875,32814.25
201874,33483.14
201873,52506.27
201872,34999.3
201871,36468.6
201870,21620.64
201869,20146.92
201868,19893.58
201867,27917.1
201866,37868.8
201865,30848.47
201864,20094.39
201863,17343.88
201862,17796.66
201861,16881.65
201860,22843.88
201859,32061.2
201858,24328.91
201857,25029.88
201856,15647.63
201855,17959.36
201854,31764.72
201853,35255.47
201852,44529.81
201851,46162.72
201850,24219.71
201849,27753.14
201848,32298.51
201847,22887.32
201846,26587.16
201845,39856.75
201844,33355.35
201843,16533.45
201842,15540.22
201841,32376.95
201840,22501.51
201839,27597.25
201838,43967.58
201837,43699.45
201836,23079.38
201835,30078.28
201834,30253.97
201833,24988.54
201832,37005.97
201831,50034.75
201830,25506.08
201829,21803.28
201828,25953.93
201827,26845.19
201826,26409.81
201825,37321.35
201824,32931.42
201823,17352.75
201822,27903.52
201821,28107.61
201820,38101.42
201819,45672.07
201818,47662.59
201817,14993.0
201816,18065.53
201815,18663.63
201814,24610.58
201813,23925.89
201812,35396.8
201811,29387.03
201810,17139.07
201809,15091.73
201808,19087.52
201807,29862.07
201806,33821.82
201805,39286.08
201804,40993.05
201803,25353.17
201802,23687.43
201801,23517.04
201800,23259.33
201799,46717.31
201798,37644.88
201797,23256.41
201796,24401.77
201795,22386.27
201794,29160.86
201793,32700.48
201792,54437.8
201791,35053.1
201790,22138.83
201789,20782.68
201788,21623.01
201787,20321.41
201786,36082.97
201785,39680.34
201784,41870.87
201783,24751.75
201782,24934.09
201781,30634.77
201780,29004.97
201779,31855.26
201778,46373.8
201777,41221.69
201776,15382.4
201775,20403.02
201774,24484.72
201773,33705.26
201772,43128.23
201771,43111.36
201770,35295.2
201769,24118.98
201768,24414.25
201767,27696.38
201766,30678.22
201765,37808.24
201764,34423.16
201763,22146.62
201762,35620.12
201761,29787.18
201760,35463.89
201759,32862.38
201758,43854.58
201757,40083.76
201756,25510.24
201755,26558.16
201754,28309.16
201753,33514.82
201752,37926.13
201751,49170.66
201750,39140.92
201749,20271.76
201748,21623.65
201747,22558.8
201746,21552.11
201745,33394.44
201744,30373.94
201743,36181.38
201742,21801.45
201741,15272.42
201740,20019.0
201739,23839.3
201738,27675.78
201737,32382.74
201736,35612.56
201735,18902.42
