182562,19821.64
182561,30120.3
182560,18011.57
182559,12199.42
182558,11690.03
182557,12049.23
182556,8631.93
182555,776.09
182554,21874.94
182553,15230.62
182552,7572.22
182551,10304.99
182550,11753.1
182549,13861.06
182548,12268.76
182547,25366.02
182546,19131.4
182545,18537.22
182544,10607.97
182543,10123.96
182542,9688.33
182541,14772.95
182540,26210.99
182539,16281.12
182538,7958.79
182537,9149.24
182536,8157.5
182535,9465.67
182534,14833.73
182533,29782.56
182532,16512.37
182531,12141.15
182530,12862.64
182529,10175.95
182528,11138.33
182527,13247.24
182526,34025.35
182525,16678.21
182524,10930.06
182523,11746.83
182522,14971.58
182521,22783.18
182520,29340.5
182519,51633.47
182518,28522.33
182517,15970.53
182516,14461.28
182515,15943.5
182514,13693.63
182513,21694.47
182512,32539.49
182511,20183.03
182510,11896.62
182509,11078.85
182508,10800.49
182507,9849.59
182506,14748.17
182505,29952.46
182504,15324.79
182503,15962.24
182502,12471.05
182501,15840.37
182500,25497.5
182499,26882.78
182498,41671.12
182497,27233.2
182496,20037.01
182495,22616.15
182494,24198.04
182493,20319.15
182492,24359.28
182491,34150.75
182490,21518.5
182489,14078.84
182488,15876.98
182487,22072.92
182486,20245.47
182485,24595.31
182484,47166.02
182483,23854.51
182482,17455.47
182481,13555.15
182480,22585.2
182479,18429.41
182478,28475.88
182477,42038.69
182476,14012.25
182475,12660.52
182474,9787.86
182473,16009.11
182472,16544.18
182471,32310.72
182470,20206.7
182469,10718.33
182468,14108.17
182467,23541.85
182466,18371.56
182465,29141.94
182464,38187.46
182463,27971.9
182462,657.4
182461,11874.57
182460,11146.82
182459,14075.99
182458,18550.77
182457,24067.2
182456,19220.63
182455,9880.4
182454,10940.46
182453,14157.8
182452,18469.55
182451,20960.87
182450,33861.08
182449,20650.04
182448,20948.38
182447,15045.08
182446,18445.67
182445,17790.05
182444,831.24
182443,39395.59
182442,25044.63
182441,11776.77
182440,15251.96
182439,19533.67
182438,21015.5
182437,28266.3
182436,44317.07
182435,24829.31
182434,8962.01
182433,15820.22
182432,13883.63
182431,13544.91
182430,27067.37
182429,34980.85
182428,22792.53
182427,19014.91
182426,22289.0
182425,20245.65
182424,16893.59
182423,20699.37
182422,43993.39
182421,21417.63
182420,16084.71
182419,13620.44
182418,16081.97
182417,106.45
182416,27433.05
182415,32941.4
182414,24296.33
182413,27674.07
182412,12083.81
182411,13156.23
182410,17782.97
182409,18796.04
182408,30249.7
182407,19438.9
182406,5658.3
182405,19632.87
182404,18576.32
182403,17638.46
182402,23355.88
182401,35691.13
182400,25465.51
182399,17791.94
182398,15112.94
182397,19038.72
182396,18348.68
182395,23408.77
182394,35861.55
182393,20923.64
182392,12114.4
182391,11413.23
182390,13468.86
182389,16935.11
182388,23892.61
182387,29946.66
182386,29197.86
182385,12340.18
182384,10893.33
182383,11450.68
182382,18418.5
182381,19048.49
182380,29118.26
182379,21059.26
182378,15996.76
