66053,20125.33
66052,44003.38
66051,35804.67
66050,8208.96
66049,11120.23
66048,13102.93
66047,13461.0
66046,1022.5
66045,22963.14
66044,20728.0
66043,10222.68
66042,12387.35
66041,10382.05
66040,24540.96
66039,24901.31
66038,34650.1
66037,24507.03
66036,25185.24
66035,15781.7
66034,18245.19
66033,16909.2
66032,16587.01
66031,34169.97
66030,37868.74
66029,10639.34
66028,14333.57
66027,14847.48
66026,11337.87
66025,25686.58
66024,34770.02
66023,27484.55
66022,12652.02
66021,14392.32
66020,15430.8
66019,18787.8
66018,22200.74
66017,31281.75
66016,24043.26
66015,12436.94
66014,13829.07
66013,12742.06
66012,36781.26
66011,41587.87
66010,57359.15
66009,33150.15
66008,30691.27
66007,20214.12
66006,30457.09
66005,21191.0
66004,34257.51
66003,48839.54
66002,43913.55
66001,15602.41
66000,17416.36
65999,10655.88
65998,13403.85
65997,22939.47
65996,34698.08
65995,23929.23
65994,25555.88
65993,13132.4
65992,17029.18
65991,28648.24
65990,38380.17
65989,59193.53
65988,56006.65
65987,33570.7
65986,35641.85
65985,54053.34
65984,22415.65
65983,26423.89
65982,38495.93
65981,36736.7
65980,14221.61
65979,14857.42
65978,32203.9
65977,31560.34
65976,38992.65
65975,54388.99
65974,58519.11
65973,30440.86
65972,30766.24
65971,44875.05
65970,25802.85
65969,51075.54
65968,74021.45
65967,17456.16
65966,20880.31
65965,20679.74
65964,22494.43
65963,27973.06
65962,32228.8
65961,31127.22
65960,501.12
65959,13611.75
65958,19883.54
65957,25898.4
65956,24376.19
65955,42340.09
65954,37899.18
65953,16200.95
65952,791.12
65951,260.17
65950,257.52
65949,22841.73
65948,33306.67
65947,34729.77
65946,755.65
65945,17255.3
65944,19874.65
65943,42911.49
65942,45306.8
65941,63560.87
65940,46722.24
65939,27051.79
65938,30881.43
65937,28257.6
65936,30099.59
65935,38144.91
65934,64798.0
65933,34936.04
65932,21761.6
65931,18592.16
65930,24345.91
65929,32374.03
65928,37875.21
65927,61688.54
65926,36243.58
65925,13134.27
65924,16403.72
65923,16171.34
65922,15960.18
65921,42100.88
65920,50163.31
65919,44235.7
65918,26930.57
65917,27204.49
65916,32370.87
65915,34094.25
65914,37047.05
65913,42355.68
65912,54690.55
65911,18563.69
65910,26786.77
65909,26879.19
65908,40908.93
65907,38545.59
65906,50257.14
65905,36748.59
65904,44772.98
65903,23265.26
65902,25765.7
65901,34918.74
65900,34671.99
65899,41770.63
65898,33516.75
65897,20193.74
65896,37230.1
65895,38785.03
65894,34228.98
65893,39490.5
65892,51136.45
65891,48673.31
65890,31477.58
65889,30150.71
65888,39089.29
65887,38839.5
65886,44975.59
65885,56246.37
65884,41732.54
65883,20852.28
65882,17515.33
65881,19299.01
65880,23698.23
65879,36446.84
65878,33036.09
65877,40377.75
65876,17556.18
65875,14272.63
65874,17973.02
65873,22224.5
65872,24193.99
65871,26481.61
65870,25270.9
65869,20707.63
