5167,18142.03
5166,33206.35
5165,29260.69
5164,9465.62
5163,9305.09
5162,7886.06
5161,7861.21
5160,1164.24
5159,23217.74
5158,18003.55
5157,6523.36
5156,6784.17
5155,7532.21
5154,16469.52
5153,18333.69
5152,36365.06
5151,16852.8
5150,16213.48
5149,14828.87
5148,14423.47
5147,11961.65
5146,15531.24
5145,32174.07
5144,26398.5
5143,7429.91
5142,7715.79
5141,9120.03
5140,7810.51
5139,21729.33
5138,32206.39
5137,24659.1
5136,11444.08
5135,11044.34
5134,15444.8
5133,16463.63
5132,18507.3
5131,32233.1
5130,20645.36
5129,10544.59
5128,11617.96
5127,12126.36
5126,27382.59
5125,30100.24
5124,52409.42
5123,27231.92
5122,21892.33
5121,17238.72
5120,20430.95
5119,14964.32
5118,25460.71
5117,40973.25
5116,36262.45
5115,14733.66
5114,9831.89
5113,11770.11
5112,14262.59
5111,19655.02
5110,37951.13
5109,22148.09
5108,16552.55
5107,8602.34
5106,12259.37
5105,22965.53
5104,31917.81
5103,46722.93
5102,36839.41
5101,18042.95
5100,22514.53
5099,35080.87
5098,17079.21
5097,23624.77
5096,36993.13
5095,35176.41
5094,11692.49
5093,13886.87
5092,25474.61
5091,24674.75
5090,26760.48
5089,50922.89
5088,41052.34
5087,23839.32
5086,23235.62
5085,33052.42
5084,22705.05
5083,38495.89
5082,52474.35
5081,15654.21
5080,14234.91
5079,14938.81
5078,15221.27
5077,18204.05
5076,29484.64
5075,27157.45
5074,10944.81
5073,9261.46
5072,17738.81
5071,19552.18
5070,23865.04
5069,42751.33
5068,31494.81
5067,1156.67
5066,11170.86
5065,11978.17
5064,13985.97
5063,23833.02
5062,33468.82
5061,29866.98
5060,14434.1
5059,13274.54
5058,14756.01
5057,27380.54
5056,33808.24
5055,48446.12
5054,32072.62
5053,20886.93
5052,18477.95
5051,19825.42
5050,23259.22
5049,577.67
5048,53602.99
5047,31737.9
5046,12970.46
5045,16589.95
5044,21300.81
5043,23999.85
5042,33470.97
5041,57941.81
5040,33675.38
5039,15046.55
5038,14905.76
5037,12903.66
5036,14047.62
5035,33320.91
5034,42451.47
5033,34330.09
5032,20318.45
5031,20329.1
5030,20668.96
5029,22880.82
5028,27166.6
5027,47644.71
5026,38914.44
5025,17404.62
5024,19638.03
5023,19144.33
5022,491.61
5021,38346.62
5020,43869.47
5019,36393.64
5018,32500.26
5017,13979.15
5016,18869.8
5015,19435.39
5014,31376.97
5013,41638.63
5012,29954.74
5011,14599.57
5010,26180.91
5009,23924.26
5008,25461.07
5007,31110.17
5006,46776.17
5005,36055.78
5004,19916.08
5003,25118.76
5002,25502.11
5001,27716.92
5000,44502.18
4999,50418.95
4998,39536.39
4997,14374.89
4996,16366.68
4995,16743.56
4994,16360.35
4993,25834.49
4992,30797.01
4991,31493.33
4990,12849.71
4989,11476.01
4988,14093.28
4987,18293.07
4986,24924.16
4985,30983.79
4984,26173.52
4983,16126.4
