39899,26351.56
39898,50829.12
39897,55043.84
39896,15864.06
39895,20102.22
39894,17031.88
39893,20710.84
39892,1942.01
39891,37116.78
39890,28349.42
39889,15480.17
39888,20141.9
39887,11389.97
39886,35685.05
39885,33787.84
39884,56161.25
39883,42726.33
39882,42165.7
39881,24685.51
39880,28681.53
39879,29202.3
39878,33380.82
39877,67.36
39876,10151.07
39875,13057.93
39874,13061.07
39873,15188.66
39872,19552.83
39871,27099.15
39870,50720.77
39869,39260.78
39868,19494.3
39867,17991.69
39866,17352.44
39865,24259.65
39864,24883.67
39863,45722.7
39862,29164.0
39861,14982.72
39860,13112.12
39859,18335.59
39858,38822.11
39857,49922.8
39856,86581.23
39855,50663.16
39854,24481.34
39853,20777.82
39852,33261.71
39851,25547.35
39850,41490.09
39849,56150.91
39848,54739.06
39847,15680.15
39846,18237.93
39845,16580.57
39844,23438.58
39843,31055.04
39842,54173.86
39841,43890.36
39840,28704.41
39839,20308.73
39838,20743.19
39837,43519.41
39836,44484.56
39835,87100.69
39834,74471.23
39833,41713.19
39832,50616.72
39831,66382.93
39830,34886.0
39829,38146.73
39828,62314.63
39827,54687.53
39826,18797.03
39825,22535.55
39824,45806.19
39823,36019.22
39822,47864.94
39821,83704.35
39820,55905.05
39819,41881.82
39818,40422.3
39817,48757.54
39816,43305.71
39815,57654.13
39814,83583.62
39813,-13.6
39812,23939.44
39811,20044.14
39810,24249.87
39809,23016.41
39808,32158.23
39807,51553.04
39806,43894.22
39805,410.89
39804,19576.61
39803,29709.84
39802,27363.29
39801,40001.97
39800,53972.69
39799,62017.94
39798,20527.28
39797,1133.7
39796,1169.31
39795,230.36
39794,36127.1
39793,49832.89
39792,41295.45
39791,671.21
39790,25669.4
39789,25797.91
39788,47564.26
39787,51890.1
39786,90914.36
39785,67251.46
39784,34486.28
39783,38251.79
39782,38182.13
39781,36637.31
39780,50821.56
39779,85733.99
39778,43409.3
39777,22622.99
39776,26945.08
39775,25983.16
39774,40568.4
39773,44752.88
39772,84074.34
39771,54045.33
39770,17293.29
39769,21327.7
39768,22792.43
39767,21950.84
39766,46159.88
39765,68325.41
39764,53809.53
39763,34818.26
39762,34660.81
39761,42897.18
39760,34731.49
39759,45547.53
39758,70773.38
39757,75724.51
39756,27340.24
39755,26998.73
39754,32175.93
39753,42342.02
39752,56533.28
39751,65116.01
39750,55793.31
39749,76278.89
39748,33316.99
39747,28627.4
39746,42115.87
39745,44946.43
39744,59585.15
39743,52540.49
39742,26499.76
39741,50468.78
39740,48976.94
39739,46501.78
39738,50376.1
39737,78594.25
39736,71886.35
39735,39659.87
39734,45594.77
39733,47989.7
39732,47852.22
39731,59781.75
39730,73384.93
39729,55713.93
39728,31351.43
39727,29773.65
39726,32324.83
39725,31390.05
39724,44367.64
39723,46036.76
39722,55829.59
39721,21631.94
39720,19109.09
39719,22844.44
39718,33223.57
39717,37773.64
39716,39426.96
39715,34799.68
39714,25083.22
