155746,15786.11
155745,40582.45
155744,36423.46
155743,10125.15
155742,11066.71
155741,18841.79
155740,17020.03
155739,889.75
155738,29524.11
155737,14895.72
155736,13292.86
155735,11771.6
155734,15073.04
155733,27258.09
155732,23446.7
155731,33107.53
155730,27245.19
155729,26175.66
155728,20568.0
155727,17485.57
155726,18720.71
155725,19390.78
155724,37905.94
155723,29870.53
155722,11791.62
155721,13510.85
155720,15921.54
155719,16531.91
155718,25575.26
155717,38710.81
155716,28183.34
155715,16002.71
155714,16411.74
155713,20261.63
155712,19628.1
155711,21954.29
155710,40192.36
155709,23569.75
155708,16216.46
155707,15400.07
155706,19369.53
155705,41232.61
155704,35220.45
155703,58210.64
155702,35155.6
155701,27966.32
155700,26017.65
155699,29399.21
155698,23293.06
155697,32462.8
155696,51503.99
155695,45767.26
155694,18915.26
155693,17743.77
155692,9897.49
155691,13161.14
155690,22240.14
155689,38889.56
155688,25878.35
155687,25389.14
155686,13540.9
155685,16619.68
155684,31865.87
155683,39991.17
155682,58564.7
155681,48928.86
155680,31638.36
155679,43516.09
155678,56194.59
155677,30467.95
155676,32093.49
155675,46227.33
155674,37413.66
155673,18704.16
155672,18913.14
155671,36148.83
155670,31133.75
155669,37033.91
155668,61503.11
155667,51606.49
155666,35817.93
155665,35560.48
155664,44108.48
155663,29187.94
155662,51553.36
155661,71345.51
155660,20947.24
155659,25040.85
155658,21384.57
155657,23372.21
155656,31438.12
155655,35641.62
155654,29534.71
155653,16686.43
155652,19833.87
155651,24615.03
155650,25826.65
155649,31178.72
155648,34814.31
155647,30629.88
155646,1384.8
155645,20768.7
155644,20812.07
155643,23057.32
155642,25445.76
155641,36152.14
155640,35048.1
155639,24994.78
155638,19381.17
155637,22165.41
155636,36678.04
155635,42285.0
155634,57179.53
155633,43266.11
155632,32597.37
155631,33867.97
155630,36876.14
155629,27655.38
155628,1126.18
155627,60095.12
155626,38792.02
155625,22451.34
155624,26971.56
155623,26336.31
155622,40932.08
155621,48233.22
155620,72524.85
155619,43563.5
155618,18672.13
155617,21431.32
155616,22592.21
155615,26268.79
155614,47310.8
155613,55015.49
155612,41215.69
155611,30038.6
155610,37800.36
155609,41865.64
155608,33757.92
155607,37708.84
155606,55281.97
155605,51007.0
155604,19626.7
155603,26119.33
155602,30481.31
155601,471.63
155600,41287.02
155599,50593.37
155598,41833.58
155597,42519.56
155596,26018.98
155595,24888.6
155594,37983.06
155593,34211.97
155592,45798.75
155591,43794.01
155590,18930.83
155589,45539.92
155588,39981.72
155587,39834.39
155586,41288.27
155585,62271.52
155584,43641.54
155583,33329.97
155582,38688.03
155581,39000.94
155580,41703.8
155579,47552.14
155578,62372.81
155577,55573.21
155576,18701.79
155575,26916.44
155574,29556.91
155573,29666.31
155572,35878.7
155571,36700.06
155570,42074.66
155569,25663.91
155568,20017.04
155567,25926.26
155566,35644.12
155565,31799.6
155564,36283.32
155563,28617.55
155562,23558.95
