162845,13970.27
162844,27598.31
162843,15946.69
162842,6546.2
162841,9762.2
162840,9742.61
162839,8854.12
162838,630.95
162837,16680.64
162836,11217.47
162835,7071.51
162834,8205.18
162833,6179.81
162832,10908.26
162831,14770.16
162830,20402.57
162829,13968.3
162828,15814.91
162827,7937.1
162826,9868.32
162825,7927.5
162824,10447.78
162823,22829.54
162822,14059.9
162821,5803.37
162820,6359.39
162819,6924.48
162818,5843.77
162817,12927.3
162816,23730.87
162815,15476.69
162814,6839.7
162813,10720.4
162812,10989.41
162811,12680.37
162810,13542.52
162809,16966.88
162808,11501.05
162807,9710.52
162806,10401.38
162805,9878.59
162804,18469.52
162803,20582.07
162802,38165.84
162801,15517.99
162800,13318.8
162799,11136.85
162798,12817.39
162797,9623.7
162796,14532.64
162795,31008.87
162794,16703.96
162793,7468.5
162792,3727.89
162791,10871.66
162790,12077.28
162789,16944.27
162788,27443.67
162787,14551.8
162786,12825.79
162785,9267.81
162784,9557.08
162783,18783.1
162782,25666.33
162781,34836.4
162780,22243.97
162779,14593.67
162778,16737.15
162777,15348.0
162776,11257.88
162775,10132.19
162774,19263.78
162773,21744.93
162772,11092.75
162771,12462.24
162770,17902.3
162769,12829.85
162768,20831.88
162767,41668.17
162766,26660.53
162765,18071.42
162764,18315.46
162763,22201.88
162762,19735.46
162761,38583.14
162760,38846.85
162759,15574.98
162758,13885.58
162757,12676.26
162756,15004.58
162755,14527.31
162754,28017.05
162753,14562.27
162752,564.14
162751,9272.49
162750,20288.89
162749,17008.59
162748,28192.89
162747,36218.6
162746,20339.9
162745,8082.13
162744,10127.89
162743,11306.16
162742,16224.44
162741,18043.51
162740,25629.49
162739,19414.85
162738,9535.17
162737,10222.63
162736,12599.16
162735,19321.95
162734,23191.04
162733,30883.16
162732,18709.64
162731,13998.93
162730,14396.49
162729,12062.08
162728,14544.0
162727,639.73
162726,31343.08
162725,16476.35
162724,13543.54
162723,16621.15
162722,19132.55
162721,19964.12
162720,31545.44
162719,45624.2
162718,19591.58
162717,13280.38
162716,16439.88
162715,15603.16
162714,17443.19
162713,24191.35
162712,45918.85
162711,28159.61
162710,17994.47
162709,14577.8
162708,15468.28
162707,16739.79
162706,24776.46
162705,29886.46
162704,25321.42
162703,14544.76
162702,13625.93
162701,17258.51
162700,201.09
162699,21176.18
162698,32358.6
162697,22733.87
162696,22428.4
162695,9804.31
162694,13288.67
162693,13088.43
162692,17881.66
162691,22127.24
162690,21289.56
162689,11323.87
162688,16592.16
162687,15643.32
162686,15940.68
162685,21225.58
162684,28206.92
162683,20129.65
162682,12919.24
162681,13967.7
162680,14588.39
162679,18163.33
162678,23885.06
162677,29527.33
162676,15236.49
162675,11693.44
162674,10764.85
162673,14356.99
162672,11936.76
162671,20433.78
162670,20825.62
162669,17011.86
162668,10714.35
162667,7301.08
162666,11717.35
162665,13398.43
162664,15600.0
162663,21194.88
162662,18078.58
162661,13991.9
