141750,22575.95
141749,40999.94
141748,35988.09
141747,11681.15
141746,14815.67
141745,15201.14
141744,15822.67
141743,699.15
141742,18608.42
141741,19320.86
141740,11026.09
141739,8915.4
141738,9759.17
141737,25315.5
141736,26240.11
141735,38633.86
141734,31149.43
141733,31603.21
141732,16004.5
141731,18535.89
141730,16100.79
141729,18531.44
141728,26232.97
141727,32070.49
141726,9663.66
141725,11615.6
141724,10960.45
141723,11907.81
141722,25279.18
141721,40274.16
141720,23784.71
141719,16589.2
141718,15016.36
141717,13763.94
141716,18827.49
141715,21708.09
141714,35534.09
141713,24403.35
141712,13538.37
141711,12819.82
141710,18392.0
141709,39658.18
141708,43027.59
141707,63476.75
141706,36655.76
141705,29210.72
141704,15516.15
141703,23214.83
141702,19692.48
141701,31721.35
141700,47854.22
141699,36532.35
141698,15654.56
141697,14981.39
141696,14808.6
141695,12267.74
141694,28424.68
141693,45166.91
141692,32635.29
141691,20699.63
141690,19464.8
141689,16333.18
141688,40673.21
141687,45720.76
141686,71753.72
141685,51652.39
141684,32872.87
141683,37755.03
141682,46195.99
141681,27323.09
141680,39695.38
141679,57746.4
141678,36095.7
141677,21995.01
141676,17655.8
141675,40137.39
141674,31959.85
141673,45263.93
141672,66493.08
141671,44394.99
141670,35846.4
141669,43544.14
141668,43197.23
141667,36062.07
141666,57191.88
141665,62704.86
141664,20455.78
141663,20409.6
141662,20976.21
141661,23087.58
141660,31996.68
141659,50864.31
141658,31585.9
141657,723.95
141656,13918.0
141655,33948.92
141654,29204.99
141653,36976.16
141652,58490.95
141651,43333.84
141650,17573.26
141649,16771.98
141648,21950.86
141647,25957.27
141646,29914.81
141645,48707.04
141644,32665.98
141643,23164.72
141642,21209.19
141641,24252.33
141640,48807.67
141639,51587.14
141638,69779.87
141637,53560.53
141636,36637.81
141635,33242.6
141634,39603.6
141633,34517.84
141632,579.59
141631,68597.44
141630,36799.0
141629,23350.36
141628,25057.75
141627,31200.95
141626,38289.07
141625,46006.0
141624,76919.91
141623,40419.75
141622,20395.42
141621,22097.27
141620,22807.75
141619,27286.13
141618,52990.58
141617,58082.96
141616,47536.5
141615,30602.24
141614,33624.19
141613,38474.71
141612,35981.61
141611,46596.37
141610,53312.5
141609,49873.84
141608,28157.8
141607,21599.15
141606,29398.54
141605,316.68
141604,56996.47
141603,59882.03
141602,51179.66
141601,60229.78
141600,33102.29
141599,33682.32
141598,34887.0
141597,44368.35
141596,53824.23
141595,51157.62
141594,23658.12
141593,44747.71
141592,40787.37
141591,37333.69
141590,42935.83
141589,63068.27
141588,48407.59
141587,30452.46
141586,30918.99
141585,33069.65
141584,41033.86
141583,52126.29
141582,59221.13
141581,44760.81
141580,25997.37
141579,31679.75
141578,29641.57
141577,34542.8
141576,48051.57
141575,46517.55
141574,47898.14
141573,23216.48
141572,17735.76
141571,29044.15
141570,33359.12
141569,36089.24
141568,46054.55
141567,34246.4
141566,24630.24
