220627,16451.65
220626,25764.91
220625,22579.48
220624,10786.36
220623,11252.15
220622,12797.24
220621,13003.32
220620,294.69
220619,28008.38
220618,20169.74
220617,9809.87
220616,9000.82
220615,9601.46
220614,13041.29
220613,17211.34
220612,24500.26
220611,17254.41
220610,23638.16
220609,12905.41
220608,13807.5
220607,18092.82
220606,11247.51
220605,5.17
220604,5701.73
220603,9635.78
220602,9942.88
220601,8622.29
220600,12413.02
220599,25240.39
220598,22100.18
220597,11161.78
220596,10843.2
220595,12474.07
220594,12330.32
220593,17012.15
220592,27710.81
220591,20425.39
220590,12174.41
220589,9689.62
220588,15167.97
220587,23374.76
220586,26908.45
220585,38917.69
220584,28257.05
220583,7984.4
220582,17443.27
220581,14682.23
220580,11460.61
220579,17669.91
220578,29772.67
220577,24376.14
220576,13492.16
220575,10102.83
220574,10530.22
220573,10775.59
220572,18716.5
220571,29430.97
220570,16443.31
220569,16901.14
220568,12683.73
220567,12036.81
220566,23207.66
220565,23225.38
220564,40261.17
220563,34607.16
220562,19470.91
220561,24829.75
220560,27899.92
220559,23613.98
220558,28483.41
220557,40569.81
220556,29018.51
220555,13504.16
220554,17525.47
220553,29387.76
220552,24927.04
220551,28165.66
220550,42370.64
220549,30199.83
220548,22076.78
220547,22513.76
220546,24757.47
220545,26120.67
220544,34946.08
220543,49405.93
220542,19601.73
220541,13934.62
220540,16291.96
220539,19150.02
220538,19741.6
220537,33918.72
220536,24527.56
220535,8466.29
220534,13106.96
220533,18928.58
220532,15819.74
220531,26462.48
220530,33175.82
220529,30604.91
220528,404.65
220527,11887.22
220526,14303.88
220525,14540.27
220524,19705.9
220523,28903.04
220522,26524.7
220521,17535.63
220520,17760.85
220519,19698.02
220518,25592.23
220517,23320.1
220516,39692.19
220515,30615.56
220514,18967.78
220513,23097.21
220512,23840.99
220511,19013.91
220510,1201.5
220509,39309.09
220508,31733.28
220507,12876.5
220506,17712.46
220505,20438.65
220504,26226.85
220503,16686.99
220502,52092.91
220501,34666.1
220500,13415.63
220499,13907.96
220498,14226.43
220497,13590.0
220496,26982.45
220495,36638.42
220494,28278.09
220493,18571.28
220492,14809.68
220491,22750.31
220490,17811.1
220489,25695.37
220488,37374.96
220487,33083.64
220486,16006.64
220485,17462.79
220484,17676.47
220483,24472.17
220482,33553.78
220481,46640.67
220480,35722.3
220479,42661.7
220478,16279.54
220477,21790.41
220476,24671.06
220475,25789.15
220474,38846.68
220473,32167.47
220472,17689.67
220471,25905.34
220470,26141.74
220469,24711.7
220468,28240.07
220467,43329.44
220466,34310.55
220465,20525.43
220464,25551.11
220463,26088.51
220462,28637.62
220461,37028.95
220460,45452.3
220459,36848.85
220458,15313.0
220457,13762.56
220456,19291.23
220455,15588.7
220454,30184.83
220453,30180.97
220452,30576.57
220451,16358.62
220450,12477.58
220449,16910.88
220448,19017.88
220447,25334.99
220446,34641.77
220445,23687.55
220444,22100.28
