215828,13907.36
215827,29301.68
215826,17093.14
215825,7292.1
215824,10547.81
215823,8752.76
215822,8873.03
215821,150.28
215820,17712.32
215819,6633.61
215818,7464.19
215817,4217.42
215816,6451.8
215815,12601.9
215814,14924.21
215813,19168.34
215812,10072.47
215811,13043.7
215810,7982.48
215809,8349.17
215808,9830.17
215807,12107.74
215806,20827.63
215805,10429.73
215804,9506.67
215803,5574.96
215802,9067.23
215801,7384.44
215800,16866.4
215799,24882.37
215798,13243.35
215797,9833.22
215796,9378.2
215795,10072.84
215794,10663.44
215793,17659.88
215792,24889.14
215791,12816.45
215790,7541.34
215789,10837.66
215788,13496.62
215787,19579.79
215786,26946.78
215785,40031.18
215784,18257.21
215783,15431.13
215782,13882.26
215781,16757.87
215780,10160.66
215779,20817.1
215778,32600.77
215777,17898.55
215776,9447.08
215775,9804.51
215774,7379.96
215773,8063.05
215772,18259.39
215771,34960.82
215770,14105.16
215769,15022.66
215768,8137.02
215767,12816.31
215766,19553.11
215765,24848.44
215764,37579.36
215763,22924.62
215762,16311.85
215761,22827.04
215760,26754.35
215759,18821.31
215758,22048.13
215757,31493.84
215756,24920.69
215755,10727.73
215754,13182.47
215753,22398.61
215752,19471.07
215751,25750.94
215750,32458.97
215749,20045.22
215748,15829.28
215747,18956.22
215746,20852.16
215745,16658.93
215744,31270.43
215743,40745.93
215742,7868.94
215741,11515.82
215740,9111.94
215739,10134.31
215738,16501.15
215737,21263.5
215736,15002.66
215735,8324.28
215734,10155.43
215733,18093.7
215732,19564.52
215731,23776.83
215730,35728.79
215729,19219.35
215728,1604.44
215727,7329.92
215726,10567.31
215725,11418.47
215724,15046.33
215723,23928.43
215722,14172.38
215721,11859.41
215720,9318.28
215719,10703.5
215718,25631.0
215717,23823.27
215716,28546.34
215715,17662.2
215714,14909.86
215713,16271.36
215712,15675.97
215711,17898.98
215710,726.27
215709,30261.2
215708,19594.07
215707,10858.23
215706,15197.44
215705,13405.01
215704,21598.75
215703,24326.72
215702,35321.76
215701,19304.65
215700,12586.17
215699,12965.59
215698,14174.24
215697,12525.43
215696,23862.69
215695,30426.39
215694,17482.49
215693,12341.9
215692,15364.9
215691,16450.48
215690,15733.85
215689,21925.79
215688,27841.18
215687,20451.5
215686,12646.33
215685,12614.85
215684,14502.31
215683,22028.43
215682,24592.13
215681,26858.3
215680,17569.26
215679,22626.28
215678,15772.58
215677,14573.77
215676,21056.04
215675,25014.55
215674,25011.82
215673,18376.53
215672,11730.94
215671,19679.7
215670,16432.96
215669,18444.24
215668,21831.61
215667,30936.93
215666,19693.45
215665,16783.97
215664,15235.87
215663,15938.8
215662,20266.55
215661,28684.98
215660,23914.46
215659,19404.24
215658,10779.29
215657,11226.26
215656,12118.78
215655,12174.53
215654,21551.04
215653,18342.46
215652,18434.98
215651,10472.67
215650,6856.07
215649,10408.85
215648,13328.46
215647,19587.45
215646,20012.48
215645,13812.9
215644,11983.16
