176057,26600.2
176056,46069.26
176055,39308.68
176054,21892.98
176053,17859.02
176052,16443.99
176051,23913.26
176050,867.91
176049,34947.94
176048,27318.68
176047,19808.83
176046,16928.38
176045,17769.18
176044,25439.13
176043,28053.93
176042,35865.4
176041,27030.56
176040,30546.61
176039,19188.88
176038,21246.64
176037,20950.37
176036,23180.32
176035,33401.52
176034,24941.29
176033,19611.25
176032,19155.0
176031,16283.75
176030,20101.14
176029,23953.64
176028,34125.19
176027,26775.06
176026,20966.07
176025,23605.28
176024,22560.6
176023,27710.08
176022,28949.06
176021,35372.32
176020,24324.31
176019,24264.62
176018,23097.41
176017,29360.73
176016,43990.09
176015,55673.04
176014,68189.58
176013,42076.35
176012,36956.13
176011,29490.56
176010,36624.74
176009,25599.4
176008,40890.65
176007,50789.31
176006,36817.35
176005,25451.08
176004,26098.7
176003,30548.29
176002,25005.02
176001,33560.51
176000,42713.69
175999,32467.82
175998,31656.98
175997,24907.61
175996,28305.4
175995,50509.24
175994,45256.84
175993,66967.96
175992,51810.0
175991,36508.51
175990,40056.15
175989,54215.62
175988,33816.75
175987,37106.68
175986,50835.94
175985,45193.84
175984,25934.48
175983,26354.55
175982,45208.22
175981,40659.32
175980,45698.52
175979,61165.31
175978,47734.87
175977,43436.58
175976,41769.89
175975,47962.06
175974,41410.23
175973,53444.74
175972,68348.67
175971,31883.3
175970,29899.87
175969,29094.5
175968,32726.03
175967,34872.43
175966,40425.04
175965,38056.68
175964,907.81
175963,26794.36
175962,37541.34
175961,39357.49
175960,52774.77
175959,55316.36
175958,52423.78
175957,24637.02
175956,26266.47
175955,27133.04
175954,28280.2
175953,29040.8
175952,41993.66
175951,34718.02
175950,21549.38
175949,19367.56
175948,21723.98
175947,43358.37
175946,41049.0
175945,50519.93
175944,43636.97
175943,24378.71
175942,32923.92
175941,28042.38
175940,31276.53
175939,1112.79
175938,56407.57
175937,39302.7
175936,26998.56
175935,31963.18
175934,27468.67
175933,41662.64
175932,45656.21
175931,63806.98
175930,47227.08
175929,25649.36
175928,23134.11
175927,20804.7
175926,25830.01
175925,45544.63
175924,52287.31
175923,45425.15
175922,29913.85
175921,30285.54
175920,31954.22
175919,30224.6
175918,39162.49
175917,46181.11
175916,44729.1
175915,21830.65
175914,21937.43
175913,23774.7
175912,490.02
175911,38649.2
175910,49560.11
175909,43857.37
175908,48381.46
175907,23144.89
175906,21020.0
175905,28869.0
175904,28481.24
175903,39129.83
175902,38745.12
175901,25570.01
175900,37821.53
175899,33498.54
175898,32152.05
175897,33926.9
175896,48888.42
175895,37818.6
175894,22403.65
175893,29871.54
175892,29745.53
175891,35612.82
175890,41189.87
175889,49893.95
175888,40334.62
175887,18484.37
175886,21817.02
175885,20758.06
175884,25025.0
175883,30734.75
175882,31071.81
175881,35091.58
175880,17918.18
175879,15731.51
175878,19991.81
175877,24077.49
175876,29623.37
175875,35229.85
175874,29458.52
175873,22469.74
