91947,21255.69
91946,30703.7
91945,24380.56
91944,12498.93
91943,11802.59
91942,11917.04
91941,17934.31
91940,510.93
91939,19835.36
91938,19218.08
91937,6420.0
91936,12038.85
91935,7236.0
91934,14007.43
91933,16854.04
91932,28990.92
91931,19056.32
91930,22452.12
91929,13191.08
91928,9381.39
91927,10979.62
91926,11473.06
91925,26777.25
91924,23605.03
91923,7395.78
91922,8322.37
91921,10601.06
91920,14337.47
91919,16290.38
91918,28264.03
91917,20390.16
91916,11473.32
91915,9483.51
91914,12863.88
91913,17009.27
91912,17841.27
91911,29813.77
91910,17213.96
91909,9844.58
91908,13476.66
91907,13913.34
91906,28634.57
91905,30840.73
91904,49221.14
91903,32588.68
91902,24627.09
91901,16902.81
91900,19898.85
91899,13830.06
91898,20780.7
91897,41706.2
91896,27557.35
91895,9794.82
91894,13526.14
91893,12241.37
91892,10796.18
91891,16498.3
91890,31517.18
91889,20928.96
91888,16302.79
91887,17944.53
91886,13908.53
91885,26332.35
91884,28524.51
91883,46032.52
91882,33101.91
91881,20826.53
91880,17873.56
91879,25493.87
91878,21237.5
91877,21059.28
91876,43143.79
91875,34788.78
91874,15375.05
91873,17823.85
91872,27882.19
91871,27337.5
91870,26883.52
91869,49587.79
91868,26839.19
91867,16604.79
91866,21054.01
91865,22276.87
91864,19273.55
91863,35144.64
91862,51175.17
91861,9359.81
91860,12461.58
91859,16544.07
91858,13438.49
91857,19884.16
91856,32322.12
91855,24212.18
91854,12874.24
91853,11101.98
91852,20566.59
91851,23882.02
91850,25465.2
91849,45595.25
91848,39313.06
91847,194.38
91846,15592.21
91845,9971.16
91844,18884.03
91843,18881.87
91842,31457.08
91841,22265.94
91840,7531.62
91839,12414.04
91838,9535.46
91837,20726.0
91836,25843.85
91835,39965.11
91834,29229.06
91833,20200.4
91832,17642.44
91831,21455.49
91830,16977.06
91829,27.79
91828,41675.57
91827,28252.49
91826,16086.99
91825,16712.51
91824,17774.81
91823,26491.81
91822,33794.04
91821,56482.77
91820,34884.43
91819,11861.01
91818,17415.07
91817,15122.35
91816,18394.92
91815,35237.32
91814,39431.81
91813,30197.91
91812,16522.43
91811,22278.86
91810,28399.93
91809,15690.88
91808,29060.33
91807,41696.07
91806,42321.33
91805,14636.9
91804,14226.31
91803,16706.49
91802,24.99
91801,21808.07
91800,46808.46
91799,29898.79
91798,37756.01
91797,14507.57
91796,13706.21
91795,15579.85
91794,17283.07
91793,32770.8
91792,24294.2
91791,13902.74
91790,22203.11
91789,20508.19
91788,20891.74
91787,26519.01
91786,41721.61
91785,26939.16
91784,17716.87
91783,18877.44
91782,17910.1
91781,24113.58
91780,34045.84
91779,44963.09
91778,36859.86
91777,14327.39
91776,12272.07
91775,15523.3
91774,15818.49
91773,25253.31
91772,32422.93
91771,26578.93
91770,11618.25
91769,10365.77
91768,17893.9
91767,20231.48
91766,21557.27
91765,35214.3
91764,23175.45
91763,23312.8
