132370,27481.27
132369,41705.72
132368,44503.15
132367,15420.2
132366,14240.24
132365,18458.41
132364,16776.62
132363,1245.76
132362,33152.67
132361,27864.64
132360,14103.16
132359,12377.98
132358,14761.76
132357,24542.09
132356,22652.91
132355,39314.38
132354,26126.16
132353,33153.72
132352,15665.23
132351,19499.24
132350,16534.27
132349,16514.34
132348,40286.73
132347,34841.34
132346,16760.36
132345,10962.72
132344,11927.89
132343,11765.04
132342,26785.52
132341,42373.74
132340,28622.94
132339,13621.79
132338,16451.32
132337,17393.19
132336,13578.87
132335,24306.75
132334,40788.03
132333,31631.47
132332,17356.41
132331,17367.92
132330,20291.75
132329,30225.84
132328,42828.94
132327,76841.24
132326,45637.69
132325,37679.28
132324,24414.31
132323,22892.57
132322,18476.97
132321,33009.59
132320,52272.68
132319,37624.67
132318,15936.07
132317,17391.7
132316,15789.26
132315,18393.69
132314,23087.76
132313,48166.91
132312,31124.67
132311,21794.32
132310,17614.43
132309,22218.04
132308,35029.64
132307,38156.82
132306,64032.6
132305,47387.52
132304,23147.11
132303,25129.36
132302,38803.79
132301,23912.97
132300,32366.07
132299,55431.96
132298,46396.42
132297,19336.99
132296,23544.28
132295,29635.85
132294,27135.43
132293,40541.78
132292,63780.03
132291,48607.81
132290,27760.06
132289,29081.11
132288,34248.47
132287,30389.18
132286,43879.14
132285,72530.98
132284,21847.44
132283,19431.99
132282,19205.54
132281,21501.57
132280,27402.46
132279,46445.4
132278,40459.37
132277,582.86
132276,16598.75
132275,31520.56
132274,29588.8
132273,36937.97
132272,59308.21
132271,54058.81
132270,17718.42
132269,766.68
132268,663.61
132267,154.48
132266,24480.23
132265,43844.22
132264,35157.16
132263,805.23
132262,17520.48
132261,19410.77
132260,29954.78
132259,30794.53
132258,60854.66
132257,42142.55
132256,27223.48
132255,24570.37
132254,26972.54
132253,25300.43
132252,38458.85
132251,57783.64
132250,38636.09
132249,23260.05
132248,24237.57
132247,25533.38
132246,36064.53
132245,39710.57
132244,69976.98
132243,42626.23
132242,16953.28
132241,18655.46
132240,22802.84
132239,20382.06
132238,43205.5
132237,60369.71
132236,43231.35
132235,25384.12
132234,29337.0
132233,28377.71
132232,25231.63
132231,31193.83
132230,61290.8
132229,47620.73
132228,16905.51
132227,18643.61
132226,22102.6
132225,27670.18
132224,32091.11
132223,47539.53
132222,36800.48
132221,38085.41
132220,19128.68
132219,20259.58
132218,26884.07
132217,27292.23
132216,47909.05
132215,40282.16
132214,11036.72
132213,34813.22
132212,33356.78
132211,29840.47
132210,34272.86
132209,53108.47
132208,41286.67
132207,26028.64
132206,23658.91
132205,24544.95
132204,30090.91
132203,36959.22
132202,52668.54
132201,41989.77
132200,16913.81
132199,20248.44
132198,20268.55
132197,19965.17
132196,32631.91
132195,73268.18
132194,41790.99
132193,16923.99
132192,11172.68
132191,15963.09
132190,20078.67
132189,26948.77
132188,39548.63
132187,27667.46
132186,27556.28
