130641,22186.95
130640,41874.89
130639,10441.15
130638,9527.12
130637,7227.97
130636,12051.64
130635,11987.31
130634,971.11
130633,28171.49
130632,11477.21
130631,7998.82
130630,10021.68
130629,11384.85
130628,21656.84
130627,19883.5
130626,39719.61
130625,10326.13
130624,27428.09
130623,16734.01
130622,17297.67
130621,19832.47
130620,19197.05
130619,41622.17
130618,12118.42
130617,11933.79
130616,12089.12
130615,13512.24
130614,11403.8
130613,20233.85
130612,38768.79
130611,9652.0
130610,10328.9
130609,16495.84
130608,16134.14
130607,20230.11
130606,23233.49
130605,37516.28
130604,8434.26
130603,14870.97
130602,18073.23
130601,19996.44
130600,43163.47
130599,44242.76
130598,68695.81
130597,13793.44
130596,37630.22
130595,16287.65
130594,22582.83
130593,20348.54
130592,28916.13
130591,49095.76
130590,14744.4
130589,15699.92
130588,14940.69
130587,14689.93
130586,15307.82
130585,22155.31
130584,41656.08
130583,12334.6
130582,23376.21
130581,14897.86
130580,19713.68
130579,42133.07
130578,49997.1
130577,64698.74
130576,21436.98
130575,38583.25
130574,34800.02
130573,47904.84
130572,23749.09
130571,33759.57
130570,60638.93
130569,19253.96
130568,16132.24
130567,11723.79
130566,36486.77
130565,24493.11
130564,39721.04
130563,52310.03
130562,15690.63
130561,27741.14
130560,26466.75
130559,37032.93
130558,24675.65
130557,47365.58
130556,71357.22
130555,13365.39
130554,18178.37
130553,19697.6
130552,22073.27
130551,26393.58
130550,39773.31
130549,10539.45
130548,17039.61
130547,19342.87
130546,28810.59
130545,31110.02
130544,32405.5
130543,50794.07
130542,14785.69
130541,1594.71
130540,16036.47
130539,19083.52
130538,19919.05
130537,25416.0
130536,36602.87
130535,11884.1
130534,14139.57
130533,16811.75
130532,19867.99
130531,35767.9
130530,37585.75
130529,58394.08
130528,19167.41
130527,25998.42
130526,20246.84
130525,24743.35
130524,24062.76
130523,459.45
130522,51411.94
130521,12183.78
130520,20872.21
130519,23958.11
130518,22052.42
130517,27828.67
130516,42610.64
130515,62894.56
130514,17483.3
130513,16591.85
130512,18055.75
130511,16975.81
130510,19672.84
130509,39372.42
130508,43663.34
130507,19034.94
130506,25134.13
130505,24743.97
130504,23582.58
130503,28215.89
130502,36126.46
130501,54676.27
130500,20774.21
130499,20995.82
130498,20299.15
130497,23740.83
130496,655.66
130495,34714.78
130494,40353.97
130493,13605.44
130492,39620.0
130491,17485.55
130490,23596.77
130489,27871.94
130488,29064.92
130487,41751.43
130486,14263.73
130485,24716.35
130484,32140.03
130483,27619.14
130482,31216.53
130481,38929.92
130480,51454.57
130479,16855.67
130478,25394.01
130477,31912.78
130476,27948.55
130475,35237.67
130474,47592.3
130473,62860.42
130472,17155.25
130471,16619.45
130470,24737.82
130469,22802.93
130468,27154.27
130467,28022.77
130466,33784.29
130465,14673.44
130464,18417.24
130463,15670.47
130462,18243.75
130461,23987.48
130460,24780.5
130459,25479.19
130458,11142.17
130457,19965.86
