178745,23691.1
178744,38893.65
178743,31179.48
178742,10361.01
178741,13959.89
178740,8215.67
178739,10062.37
178738,587.08
178737,30030.29
178736,22195.26
178735,9650.71
178734,10911.66
178733,9462.3
178732,15231.77
178731,17997.2
178730,31068.55
178729,21416.88
178728,22187.26
178727,13221.45
178726,12598.69
178725,13485.55
178724,12029.46
178723,33565.61
178722,21336.83
178721,9870.47
178720,7744.57
178719,8712.69
178718,9919.7
178717,20691.56
178716,34956.76
178715,23040.12
178714,11460.64
178713,10840.27
178712,12913.42
178711,11367.85
178710,20918.61
178709,35577.38
178708,23565.09
178707,11535.96
178706,13461.97
178705,18596.25
178704,26302.88
178703,38915.33
178702,62227.59
178701,38144.5
178700,25517.9
178699,14727.51
178698,18353.53
178697,14920.3
178696,24890.38
178695,42851.77
178694,27029.0
178693,12570.09
178692,12451.17
178691,14903.52
178690,14946.77
178689,20994.59
178688,40091.17
178687,25711.52
178686,15956.04
178685,14024.35
178684,12892.42
178683,27313.12
178682,30764.12
178681,54292.2
178680,36645.66
178679,16699.62
178678,22049.05
178677,30089.25
178676,22214.56
178675,30649.68
178674,46819.3
178673,36505.21
178672,13421.3
178671,20449.3
178670,22225.34
178669,24689.76
178668,35829.39
178667,57107.52
178666,38043.77
178665,21635.08
178664,20899.55
178663,29366.32
178662,26381.72
178661,43274.77
178660,71828.22
178659,16130.73
178658,12819.09
178657,17606.58
178656,15775.93
178655,21088.45
178654,38283.29
178653,26244.08
178652,13523.36
178651,11176.72
178650,21343.12
178649,21707.59
178648,32510.04
178647,49366.13
178646,40442.1
178645,871.14
178644,9791.47
178643,16270.52
178642,12407.35
178641,21299.24
178640,33825.78
178639,26780.83
178638,12971.29
178637,11170.58
178636,11233.62
178635,20278.83
178634,26959.29
178633,46177.54
178632,32599.74
178631,15305.89
178630,17195.9
178629,19544.61
178628,20345.01
178627,872.19
178626,50718.3
178625,30326.61
178624,18104.18
178623,18559.46
178622,21371.24
178621,27004.37
178620,36859.08
178619,63536.13
178618,34323.83
178617,14219.66
178616,12256.3
178615,19770.79
178614,16951.8
178613,30825.9
178612,45178.85
178611,32954.27
178610,17610.2
178609,14434.75
178608,21766.69
178607,17675.04
178606,28110.82
178605,46699.76
178604,34912.5
178603,13593.19
178602,15715.75
178601,14793.0
178600,224.27
178599,28797.07
178598,40871.2
178597,30082.81
178596,33725.77
178595,13628.88
178594,14435.67
178593,16904.8
178592,21912.37
178591,37214.41
178590,33339.25
178589,9537.22
178588,22955.99
178587,21284.58
178586,23559.23
178585,27429.75
178584,40318.24
178583,32856.17
178582,18301.74
178581,18962.98
178580,17749.96
178579,22441.88
178578,34037.59
178577,51359.05
178576,30579.04
178575,14880.74
178574,13174.3
178573,15959.42
178572,16465.41
178571,25943.1
178570,31672.57
178569,27998.0
178568,13290.65
178567,10978.6
178566,15159.07
178565,19061.06
178564,21608.94
178563,34356.49
178562,24043.9
178561,20833.04
