138308,20201.14
138307,32896.62
138306,33246.84
138305,12510.14
138304,13525.01
138303,11361.43
138302,9344.84
138301,686.02
138300,21846.71
138299,12855.86
138298,7490.24
138297,8888.88
138296,6368.39
138295,19334.64
138294,21840.46
138293,33064.46
138292,23958.5
138291,26134.73
138290,14423.42
138289,15950.4
138288,16002.63
138287,17183.82
138286,4406.08
138285,15744.95
138284,10454.84
138283,11006.91
138282,12536.73
138281,7494.35
138280,20620.98
138279,33419.48
138278,25639.26
138277,11617.29
138276,7549.13
138275,9400.41
138274,12229.01
138273,7752.52
138272,29723.78
138271,20853.01
138270,4711.46
138269,10869.77
138268,16629.65
138267,29512.9
138266,39422.83
138265,56970.93
138264,30062.87
138263,24732.55
138262,13402.69
138261,22792.17
138260,18266.07
138259,27287.48
138258,40491.35
138257,33235.94
138256,14416.42
138255,9102.97
138254,13393.8
138253,12055.58
138252,19538.3
138251,40662.85
138250,25218.95
138249,17393.82
138248,17430.33
138247,12226.58
138246,29751.36
138245,30558.92
138244,56214.97
138243,46827.54
138242,24101.71
138241,28923.4
138240,41120.19
138239,22798.16
138238,27512.97
138237,44139.87
138236,33626.97
138235,11014.18
138234,15460.75
138233,30640.34
138232,25423.83
138231,29873.5
138230,61192.95
138229,40349.67
138228,24625.99
138227,27131.73
138226,35517.56
138225,25621.94
138224,43888.31
138223,53711.72
138222,13724.38
138221,16506.91
138220,17682.92
138219,14765.15
138218,22889.85
138217,37965.8
138216,27716.76
138215,10814.0
138214,14714.12
138213,20402.45
138212,18983.99
138211,25329.93
138210,46052.96
138209,40536.87
138208,1564.93
138207,14185.27
138206,21282.6
138205,23165.42
138204,23613.24
138203,34597.65
138202,28846.23
138201,16505.98
138200,15865.08
138199,15390.53
138198,35451.29
138197,37716.54
138196,53479.39
138195,38897.05
138194,22956.97
138193,21640.73
138192,25252.62
138191,24559.39
138190,368.12
138189,51304.1
138188,34453.84
138187,16956.67
138186,17560.95
138185,23946.18
138184,32040.64
138183,39070.69
138182,64649.58
138181,35044.01
138180,15032.2
138179,15353.59
138178,15769.55
138177,16493.95
138176,35131.28
138175,52053.02
138174,40661.04
138173,25587.43
138172,25014.41
138171,24286.72
138170,27968.04
138169,33263.26
138168,49609.66
138167,46649.93
138166,14477.11
138165,16222.86
138164,20160.92
138163,152.66
138162,36122.71
138161,47213.86
138160,35595.62
138159,50170.82
138158,17835.97
138157,20533.61
138156,27444.05
138155,27943.65
138154,34670.65
138153,31627.01
138152,19692.9
138151,21524.27
138150,31472.57
138149,30590.58
138148,35331.15
138147,51573.18
138146,39811.13
138145,28642.72
138144,27041.08
138143,24730.45
138142,32212.56
138141,43658.31
138140,61840.49
138139,43840.99
138138,16574.64
138137,16343.54
138136,18184.24
138135,18637.01
138134,32019.19
138133,33770.73
138132,37856.37
138131,15275.86
138130,12771.92
138129,19055.7
138128,21975.29
138127,24065.17
138126,34485.83
138125,24565.28
138124,23119.92
