179706,25204.68
179705,36927.41
179704,31379.05
179703,14599.82
179702,13013.71
179701,14251.56
179700,14310.79
179699,521.98
179698,27754.67
179697,20352.19
179696,12532.47
179695,11050.24
179694,13698.42
179693,21863.59
179692,20601.67
179691,27013.47
179690,19520.84
179689,28205.39
179688,18310.26
179687,15616.2
179686,12782.65
179685,18777.3
179684,31606.63
179683,21963.61
179682,10598.6
179681,13746.21
179680,14923.96
179679,13686.73
179678,21361.84
179677,34312.46
179676,25252.78
179675,15184.67
179674,15888.04
179673,15925.64
179672,20601.94
179671,20747.72
179670,33176.99
179669,17522.55
179668,16238.32
179667,20238.39
179666,19592.15
179665,38056.05
179664,45602.48
179663,62686.79
179662,35538.54
179661,38560.45
179660,20047.73
179659,29344.43
179658,20928.52
179657,34840.93
179656,44889.29
179655,36149.93
179654,17405.99
179653,17374.84
179652,19658.06
179651,18402.0
179650,29760.64
179649,44158.67
179648,24926.1
179647,29876.77
179646,24011.06
179645,21095.66
179644,35238.45
179643,41692.18
179642,48181.58
179641,43524.82
179640,28996.25
179639,31851.38
179638,46732.1
179637,26882.47
179636,28066.2
179635,41498.58
179634,37333.84
179633,20157.25
179632,21523.37
179631,27738.13
179630,30573.72
179629,36627.69
179628,46693.82
179627,39024.34
179626,27013.02
179625,26805.42
179624,33861.53
179623,29101.71
179622,45821.44
179621,62294.25
179620,-45.49
179619,20351.49
179618,18357.75
179617,15210.88
179616,23308.97
179615,25409.5
179614,38061.44
179613,35257.59
179612,499.86
179611,18889.96
179610,28093.0
179609,26379.45
179608,34410.11
179607,47602.19
179606,39732.39
179605,18980.48
179604,800.75
179603,209.45
179602,140.01
179601,23836.04
179600,37646.22
179599,32905.67
179598,915.39
179597,18436.64
179596,14956.13
179595,29590.26
179594,33012.12
179593,48080.37
179592,39837.97
179591,22384.94
179590,21253.4
179589,22826.15
179588,22976.62
179587,35103.18
179586,51288.65
179585,31607.23
179584,21393.68
179583,20713.57
179582,22139.05
179581,30467.79
179580,41771.6
179579,72453.91
179578,39035.81
179577,15772.88
179576,18451.69
179575,22598.13
179574,19693.18
179573,34272.5
179572,47137.0
179571,36747.47
179570,20652.22
179569,25114.48
179568,24029.91
179567,24580.92
179566,29070.57
179565,46506.39
179564,40928.69
179563,19507.45
179562,22432.88
179561,23902.16
179560,30155.92
179559,32449.83
179558,38416.05
179557,35329.36
179556,41343.29
179555,18632.48
179554,14316.85
179553,21192.14
179552,27756.19
179551,39901.72
179550,31000.63
179549,14245.5
179548,14278.52
179547,26108.26
179546,24459.79
179545,31133.87
179544,46536.16
179543,39339.63
179542,17249.03
179541,23472.5
179540,20017.29
179539,24637.98
179538,39674.11
179537,46765.28
179536,26647.96
179535,17127.22
179534,16456.26
179533,15784.44
179532,21390.56
179531,26720.55
179530,29523.51
179529,39889.25
179528,15363.95
179527,10429.81
179526,17842.43
179525,20570.84
179524,21986.92
179523,33366.32
179522,22414.9
179521,22980.14
