1924,40336.91
1923,59815.78
1922,33257.81
1921,20219.91
1920,18321.12
1919,16707.16
1918,14470.41
1917,1398.39
1916,48149.35
1915,29952.87
1914,16729.56
1913,17353.88
1912,19583.23
1911,26707.99
1910,32225.69
1909,45361.23
1908,26290.54
1907,35702.32
1906,19433.19
1905,16087.51
1904,22978.39
1903,24623.36
1902,51109.0
1901,23829.12
1900,15386.63
1899,17782.9
1898,17364.59
1897,18623.58
1896,36693.86
1895,49789.62
1894,27292.73
1893,13330.89
1892,17412.2
1891,21478.53
1890,25979.49
1889,28421.39
1888,49798.88
1887,20155.18
1886,17627.27
1885,23240.32
1884,27017.11
1883,48042.45
1882,60387.56
1881,87535.67
1880,60871.8
1879,45150.76
1878,27649.78
1877,28664.99
1876,23676.75
1875,41327.1
1874,66266.29
1873,43079.08
1872,22036.76
1871,22638.62
1870,21540.68
1869,19398.01
1868,31983.52
1867,60978.11
1866,39556.74
1865,26803.53
1864,22411.81
1863,28105.62
1862,46364.31
1861,57723.73
1860,94661.66
1859,63420.74
1858,37820.44
1857,38196.63
1856,49172.71
1855,34132.53
1854,46388.54
1853,73810.56
1852,58427.41
1851,24965.23
1850,22187.98
1849,42416.95
1848,34759.19
1847,47045.64
1846,81806.38
1845,54242.67
1844,37771.15
1843,37276.43
1842,48442.71
1841,42998.14
1840,49873.0
1839,78635.67
1838,25853.92
1837,22044.2
1836,23253.09
1835,25809.0
1834,37599.48
1833,53329.81
1832,35770.61
1831,836.73
1830,24137.98
1829,40735.93
1828,36819.96
1827,53243.75
1826,78669.99
1825,57378.56
1824,25268.84
1823,614.32
1822,517.17
1821,170.34
1820,37076.23
1819,59226.2
1818,42568.57
1817,522.99
1816,21046.0
1815,24117.68
1814,37518.0
1813,44264.25
1812,76095.86
1811,51875.0
1810,29363.35
1809,30213.16
1808,32441.42
1807,29758.97
1806,47810.12
1805,71490.78
1804,43998.59
1803,24267.39
1802,27956.65
1801,29713.94
1800,40030.52
1799,48714.55
1798,84761.18
1797,53580.84
1796,24295.01
1795,25234.76
1794,23189.64
1793,24708.37
1792,56819.01
1791,66141.97
1790,54548.46
1789,41995.35
1788,41188.84
1787,37661.27
1786,37491.37
1785,44933.33
1784,69004.13
1783,55130.21
1782,25368.32
1781,27647.53
1780,29244.6
1779,35560.68
1778,43352.4
1777,55241.94
1776,45850.0
1775,47667.28
1774,26323.3
1773,25706.79
1772,34112.2
1771,41354.54
1770,55034.48
1769,52293.69
1768,31026.38
1767,50416.26
1766,39631.32
1765,42980.34
1764,46888.92
1763,65446.77
1762,52186.93
1761,40879.23
1760,38395.24
1759,38832.93
1758,39571.86
1757,48521.54
1756,57182.46
1755,43331.88
1754,25161.14
1753,26784.82
1752,27471.14
1751,24541.65
1750,40148.17
1749,45778.21
1748,44188.99
1747,24199.96
1746,18471.41
1745,30067.43
1744,30870.76
1743,32866.99
1742,49616.75
1741,36771.58
1740,23737.0
