143476,23470.6
143475,39329.8
143474,34239.48
143473,8860.2
143472,11896.4
143471,11095.21
143470,15170.33
143469,240.42
143468,30275.89
143467,13809.23
143466,7354.72
143465,8022.72
143464,8588.11
143463,18387.25
143462,22701.97
143461,37628.62
143460,21561.43
143459,18975.31
143458,15480.48
143457,16148.39
143456,16068.73
143455,17973.7
143454,40546.48
143453,25216.33
143452,8758.57
143451,11425.39
143450,13089.63
143449,13370.27
143448,25863.16
143447,43236.26
143446,22710.35
143445,14677.2
143444,14978.01
143443,18827.38
143442,16799.05
143441,25850.16
143440,39819.37
143439,23744.13
143438,12419.15
143437,12656.6
143436,14277.8
143435,31549.46
143434,45368.81
143433,58161.29
143432,41128.78
143431,29363.53
143430,23567.76
143429,24913.49
143428,16924.03
143427,20971.87
143426,55843.35
143425,38867.97
143424,17015.62
143423,15959.8
143422,7000.32
143421,8614.09
143420,24607.46
143419,46425.63
143418,32424.51
143417,21799.92
143416,8864.11
143415,13717.38
143414,27557.7
143413,48976.12
143412,68203.05
143411,54622.29
143410,30041.7
143409,35888.64
143408,46851.93
143407,26034.55
143406,34867.06
143405,45968.32
143404,40799.09
143403,13301.14
143402,15984.42
143401,29947.78
143400,31197.3
143399,34169.12
143398,62340.14
143397,46680.09
143396,26279.01
143395,29438.32
143394,37806.88
143393,25977.05
143392,51305.13
143391,67557.74
143390,17661.23
143389,19549.79
143388,19308.76
143387,23212.35
143386,23268.6
143385,34138.94
143384,27927.11
143383,549.2
143382,18314.36
143381,22008.45
143380,24858.73
143379,34977.15
143378,48591.87
143377,32229.66
143376,11615.6
143375,786.22
143374,584.42
143373,206.71
143372,24716.8
143371,34766.09
143370,29658.63
143369,390.95
143368,14486.8
143367,17879.09
143366,32166.03
143365,41153.43
143364,53279.38
143363,34045.35
143362,27913.96
143361,28670.18
143360,28195.28
143359,23185.93
143358,35486.41
143357,62401.23
143356,29878.99
143355,15440.22
143354,19045.93
143353,18647.04
143352,40291.8
143351,40104.71
143350,58658.12
143349,35372.16
143348,15544.94
143347,15825.62
143346,15896.9
143345,18631.03
143344,37929.14
143343,49856.55
143342,38321.04
143341,21616.03
143340,26852.53
143339,29393.16
143338,28803.94
143337,35086.09
143336,48819.04
143335,41172.01
143334,19952.11
143333,19264.18
143332,23504.09
143331,31103.77
143330,42316.03
143329,48241.08
143328,36366.39
143327,38897.8
143326,21668.95
143325,23362.92
143324,23425.79
143323,38895.35
143322,45276.85
143321,32536.02
143320,15676.54
143319,26073.91
143318,32199.34
143317,27129.53
143316,41929.36
143315,46591.09
143314,38130.16
143313,26052.68
143312,27734.86
143311,27981.7
143310,31165.24
143309,43327.35
143308,43718.63
143307,36016.05
143306,12902.88
143305,16929.84
143304,17240.97
143303,21466.82
143302,36447.9
143301,32467.43
143300,33918.21
143299,16891.16
143298,13332.63
143297,18888.92
143296,20863.83
143295,27768.91
143294,32085.27
143293,18685.84
143292,16505.83
