84849,29142.94
84848,41738.34
84847,36432.7
84846,13537.07
84845,15865.0
84844,20114.42
84843,17609.91
84842,712.62
84841,34464.01
84840,17676.09
84839,11730.97
84838,13817.57
84837,12520.88
84836,23061.53
84835,29986.02
84834,38332.87
84833,26316.5
84832,29281.25
84831,19701.53
84830,16039.19
84829,20885.82
84828,21406.75
84827,44662.2
84826,34687.3
84825,14662.45
84824,12779.74
84823,11037.1
84822,12092.21
84821,31433.43
84820,38479.02
84819,32481.96
84818,18292.59
84817,9394.54
84816,18528.95
84815,20310.97
84814,28041.75
84813,36328.83
84812,27955.4
84811,12347.68
84810,15312.13
84809,17486.65
84808,37143.48
84807,46944.84
84806,59461.88
84805,45619.21
84804,37884.95
84803,25140.65
84802,28840.39
84801,21563.66
84800,31210.66
84799,49841.52
84798,44265.33
84797,16963.3
84796,15812.79
84795,19044.13
84794,16187.34
84793,25208.78
84792,46741.02
84791,26038.13
84790,22589.02
84789,16681.74
84788,16661.07
84787,37292.43
84786,37134.38
84785,65160.49
84784,51960.2
84783,30865.54
84782,34799.75
84781,48371.67
84780,28302.7
84779,30262.53
84778,53332.26
84777,50699.11
84776,16327.22
84775,18115.35
84774,31543.52
84773,26836.61
84772,37630.27
84771,67890.38
84770,51940.19
84769,30371.79
84768,34245.84
84767,22146.9
84766,26562.27
84765,44447.05
84764,67996.82
84763,19164.6
84762,17388.47
84761,23218.07
84760,21873.73
84759,27539.86
84758,43686.73
84757,31232.32
84756,661.43
84755,15706.48
84754,25647.52
84753,20517.49
84752,33913.97
84751,49758.12
84750,39945.55
84749,16404.4
84748,831.92
84747,319.76
84746,55.15
84745,33891.61
84744,46004.31
84743,43023.66
84742,514.7
84741,17912.05
84740,23613.39
84739,44223.32
84738,48176.91
84737,54522.61
84736,49660.68
84735,29057.83
84734,29920.75
84733,29053.26
84732,27545.25
84731,40430.44
84730,54804.8
84729,29478.85
84728,19737.25
84727,21827.26
84726,29675.93
84725,35621.02
84724,44649.53
84723,66900.72
84722,40187.39
84721,17661.12
84720,19750.94
84719,23786.44
84718,18852.03
84717,42142.24
84716,51820.4
84715,39552.1
84714,25687.76
84713,31807.79
84712,32702.88
84711,31745.71
84710,42595.57
84709,62153.99
84708,62208.86
84707,20308.68
84706,29304.55
84705,27224.58
84704,34025.44
84703,39223.26
84702,45931.13
84701,31570.39
84700,47511.78
84699,21066.59
84698,24144.18
84697,26130.33
84696,27885.35
84695,43597.18
84694,39780.65
84693,22420.74
84692,38177.73
84691,36064.88
84690,42923.09
84689,51135.54
84688,64959.49
84687,47385.2
84686,27028.34
84685,31822.07
84684,35127.06
84683,39275.14
84682,49080.66
84681,55341.35
84680,50144.9
84679,23915.55
84678,22375.05
84677,25049.14
84676,28720.5
84675,40794.43
84674,37410.15
84673,40499.16
84672,20158.65
84671,17099.68
84670,24332.25
84669,30123.86
84668,32499.07
84667,28944.31
84666,25945.26
84665,21944.42
