217748,15367.81
217747,30687.03
217746,21079.4
217745,12664.9
217744,7948.58
217743,9176.86
217742,6674.66
217741,59.85
217740,19975.81
217739,11677.79
217738,5972.3
217737,8095.56
217736,5366.08
217735,11783.91
217734,13456.48
217733,25144.41
217732,16883.12
217731,12263.53
217730,8500.37
217729,7998.96
217728,10509.22
217727,8707.23
217726,21474.37
217725,14084.03
217724,9440.33
217723,8567.01
217722,8718.38
217721,6610.25
217720,13530.22
217719,21389.56
217718,16645.41
217717,9615.41
217716,9292.96
217715,9702.35
217714,9436.04
217713,14176.62
217712,29423.26
217711,10796.26
217710,8733.96
217709,10576.1
217708,11186.54
217707,21893.72
217706,24813.15
217705,38277.77
217704,25309.41
217703,17668.86
217702,12385.19
217701,12086.65
217700,9445.73
217699,17646.31
217698,30236.47
217697,18044.01
217696,10056.69
217695,9281.6
217694,10412.47
217693,12042.51
217692,17372.97
217691,30752.29
217690,14892.97
217689,14074.12
217688,10922.6
217687,13454.1
217686,21324.88
217685,22981.77
217684,43581.1
217683,24137.64
217682,16777.99
217681,18627.99
217680,21937.78
217679,20077.94
217678,24189.45
217677,41306.3
217676,27793.3
217675,13803.4
217674,19329.24
217673,22410.41
217672,16559.81
217671,24452.16
217670,39224.63
217669,22820.71
217668,17693.76
217667,16868.89
217666,19093.67
217665,17160.74
217664,27399.94
217663,44979.66
217662,12950.15
217661,11935.77
217660,9387.51
217659,15089.37
217658,18204.52
217657,24846.02
217656,18920.98
217655,8229.94
217654,11743.12
217653,21618.95
217652,18417.82
217651,29554.78
217650,39706.97
217649,26105.88
217648,267.27
217647,8190.88
217646,10823.94
217645,11891.67
217644,14671.39
217643,25676.3
217642,15498.86
217641,9498.51
217640,8182.29
217639,10324.93
217638,15094.19
217637,22066.24
217636,34224.03
217635,21585.9
217634,13766.78
217633,14428.06
217632,13345.6
217631,14237.84
217630,662.61
217629,33641.41
217628,20139.73
217627,11898.48
217626,13128.78
217625,16793.71
217624,21259.53
217623,26713.3
217622,36941.91
217621,23241.68
217620,10476.89
217619,13862.71
217618,12889.35
217617,14238.11
217616,24272.07
217615,30547.63
217614,22167.96
217613,15649.38
217612,11313.55
217611,18646.15
217610,16047.09
217609,27921.89
217608,34625.82
217607,21338.32
217606,15575.4
217605,9688.36
217604,14110.28
217603,17160.49
217602,19251.6
217601,31284.04
217600,21371.86
217599,20376.84
217598,12248.76
217597,13548.54
217596,14574.47
217595,18031.23
217594,25034.28
217593,16956.31
217592,9819.02
217591,17146.91
217590,18760.27
217589,16282.69
217588,19633.52
217587,27297.94
217586,20028.35
217585,14519.12
217584,13091.65
217583,16750.11
217582,16897.99
217581,19747.36
217580,28740.35
217579,17124.06
217578,9587.84
217577,11494.4
217576,12395.49
217575,13199.33
217574,16252.99
217573,20212.39
217572,17949.77
217571,12015.14
217570,7805.3
217569,8743.98
217568,13857.19
217567,12827.08
217566,21988.29
217565,17080.69
217564,11290.0
