129686,38397.19
129685,60522.67
129684,50963.46
129683,16929.78
129682,17359.1
129681,17446.98
129680,23606.34
129679,1006.9
129678,46618.52
129677,35590.96
129676,16280.9
129675,17673.6
129674,15755.33
129673,37895.2
129672,42544.19
129671,63209.05
129670,46374.56
129669,26231.69
129668,22726.67
129667,25537.89
129666,24449.83
129665,32802.93
129664,61819.29
129663,48370.23
129662,16434.92
129661,14530.59
129660,14891.4
129659,12125.81
129658,36636.83
129657,60662.42
129656,35400.7
129655,21554.06
129654,20497.21
129653,22417.56
129652,27045.45
129651,35080.92
129650,50270.71
129649,33444.98
129648,18410.85
129647,20061.36
129646,22965.79
129645,43527.56
129644,67257.12
129643,63023.39
129642,54709.72
129641,50416.78
129640,1896.89
129639,37313.61
129638,36003.72
129637,54030.69
129636,83217.15
129635,63507.95
129634,23260.28
129633,23966.66
129632,18127.86
129631,20666.09
129630,36058.57
129629,63710.96
129628,45429.4
129627,31845.14
129626,17372.15
129625,18025.69
129624,57407.29
129623,63129.77
129622,97498.67
129621,81797.39
129620,44061.86
129619,55181.29
129618,76278.52
129617,34532.66
129616,44497.38
129615,75928.47
129614,55978.66
129613,21647.47
129612,22994.23
129611,42122.92
129610,42104.67
129609,52229.45
129608,99413.79
129607,71292.67
129606,40856.39
129605,44550.36
129604,50820.25
129603,39731.71
129602,65506.39
129601,88755.82
129600,25138.86
129599,26155.82
129598,27474.95
129597,31687.27
129596,42627.6
129595,53264.0
129594,31152.37
129593,981.26
129592,20055.15
129591,35140.96
129590,35743.54
129589,44268.65
129588,72618.77
129587,58820.34
129586,20403.33
129585,20881.87
129584,22805.1
129583,29770.76
129582,36281.33
129581,58323.81
129580,45680.98
129579,23036.7
129578,25684.33
129577,23672.92
129576,61070.89
129575,65514.17
129574,97850.31
129573,62223.61
129572,40606.24
129571,38036.5
129570,46437.49
129569,47464.0
129568,1077.85
129567,93027.84
129566,50181.94
129565,23592.25
129564,35517.29
129563,29459.55
129562,52583.82
129561,64280.29
129560,85099.99
129559,53305.22
129558,22133.63
129557,26307.74
129556,27653.69
129555,28026.19
129554,68690.02
129553,87437.98
129552,65456.4
129551,41887.43
129550,47157.05
129549,43613.97
129548,40029.85
129547,58241.47
129546,75878.43
129545,77794.1
129544,31759.24
129543,34633.18
129542,33107.55
129541,726.88
129540,72451.15
129539,81172.47
129538,65411.36
129537,69079.07
129536,28298.65
129535,31848.93
129534,41994.25
129533,47466.73
129532,51856.54
129531,63445.92
129530,24260.68
129529,60151.23
129528,54239.67
129527,48747.16
129526,54461.35
129525,80771.84
129524,60928.72
129523,39913.31
129522,43752.25
129521,43559.57
129520,60104.47
129519,63997.8
129518,80690.24
129517,60643.32
129516,26635.79
129515,30067.42
129514,32873.94
129513,44769.26
129512,56972.54
129511,58994.1
129510,52093.91
129509,35217.83
129508,23943.86
129507,32169.62
129506,46062.22
129505,48457.76
129504,45020.28
129503,33213.41
129502,29500.03
