31853,44454.27
31852,50862.1
31851,39204.39
31850,17238.53
31849,13508.72
31848,17815.91
31847,15218.28
31846,427.59
31845,33783.41
31844,26043.91
31843,16929.68
31842,10240.4
31841,16726.53
31840,30642.03
31839,30950.68
31838,48549.98
31837,27520.28
31836,40944.07
31835,10272.38
31834,17887.12
31833,9471.73
31832,21951.79
31831,52293.41
31830,38277.26
31829,15848.53
31828,15704.98
31827,19651.88
31826,15078.54
31825,31146.68
31824,48197.28
31823,32299.59
31822,17812.06
31821,13284.76
31820,18651.55
31819,21301.76
31818,27034.2
31817,47226.25
31816,26273.26
31815,16663.29
31814,14426.21
31813,20778.4
31812,46572.62
31811,51738.11
31810,82464.62
31809,48279.44
31808,43130.6
31807,24472.49
31806,31439.33
31805,24547.31
31804,43661.13
31803,60614.4
31802,47497.4
31801,20017.89
31800,19917.71
31799,19708.0
31798,18320.43
31797,38088.92
31796,58997.46
31795,34281.07
31794,28805.6
31793,19421.42
31792,25360.72
31791,48441.25
31790,59354.1
31789,83956.12
31788,61779.9
31787,37102.63
31786,43166.48
31785,59366.32
31784,28741.93
31783,41872.69
31782,55843.2
31781,42938.81
31780,25689.63
31779,25163.52
31778,42345.8
31777,40305.1
31776,49786.85
31775,65362.94
31774,47763.46
31773,27465.25
31772,34176.32
31771,44022.34
31770,33565.91
31769,50303.99
31768,73131.43
31767,-29.24
31766,21504.22
31765,17550.57
31764,17805.89
31763,25092.33
31762,33116.93
31761,47627.48
31760,30568.84
31759,1069.09
31758,22267.92
31757,35883.84
31756,36361.88
31755,47064.48
31754,68334.44
31753,47172.3
31752,16969.93
31751,19782.13
31750,22569.84
31749,24148.46
31748,30747.78
31747,44763.34
31746,33378.28
31745,22850.65
31744,20614.64
31743,22729.07
31742,45239.71
31741,51684.11
31740,65699.68
31739,44272.18
31738,34699.57
31737,20444.75
31736,38527.17
31735,37112.79
31734,868.69
31733,88536.89
31732,42340.3
31731,22565.63
31730,24235.51
31729,29414.2
31728,35896.3
31727,44682.24
31726,66363.3
31725,46573.96
31724,22609.49
31723,26444.12
31722,29104.74
31721,33129.48
31720,58391.83
31719,80510.51
31718,49966.98
31717,31188.12
31716,38414.32
31715,36958.15
31714,31336.39
31713,46634.99
31712,60577.79
31711,46824.6
31710,24928.96
31709,29141.31
31708,20689.03
31707,277.63
31706,41670.33
31705,57155.22
31704,37593.2
31703,56079.32
31702,26800.86
31701,26412.3
31700,28631.65
31699,38667.34
31698,48847.79
31697,35649.95
31696,21527.25
31695,45850.92
31694,46576.34
31693,44900.33
31692,53329.78
31691,69976.36
31690,48818.89
31689,34366.61
31688,35405.38
31687,41543.64
31686,44696.47
31685,54480.98
31684,66699.97
31683,47503.92
31682,25379.87
31681,28043.19
31680,27415.08
31679,34005.18
31678,41302.56
31677,41463.98
31676,45473.94
31675,24162.41
31674,16475.42
31673,24430.75
31672,25646.32
31671,29744.49
31670,41416.8
31669,32979.67
31668,23230.37
