90025,40464.99
90024,76404.91
90023,56947.79
90022,21383.09
90021,24488.66
90020,24016.69
90019,25240.7
90018,2630.19
90017,46632.69
90016,30155.8
90015,21812.48
90014,18620.88
90013,16424.4
90012,31678.19
90011,48401.13
90010,52865.0
90009,54101.42
90008,43771.34
90007,31089.84
90006,35223.04
90005,36847.53
90004,39882.5
90003,29095.52
90002,31138.85
90001,21460.92
90000,22900.18
89999,23882.77
89998,20444.23
89997,38423.22
89996,63344.84
89995,42880.82
89994,24223.2
89993,25544.14
89992,22441.96
89991,29293.57
89990,11247.47
89989,55907.41
89988,45516.92
89987,9109.28
89986,22935.13
89985,28554.29
89984,59162.53
89983,71108.16
89982,108757.22
89981,57872.2
89980,57393.08
89979,40251.18
89978,53161.12
89977,34262.48
89976,51573.97
89975,80960.63
89974,66236.14
89973,26538.6
89972,26894.85
89971,27957.73
89970,24358.67
89969,38405.47
89968,74819.54
89967,51950.9
89966,43065.53
89965,28470.34
89964,25945.58
89963,72639.06
89962,65199.26
89961,119000.22
89960,96223.85
89959,54743.59
89958,67406.46
89957,82848.77
89956,45055.06
89955,50433.56
89954,80078.5
89953,67132.2
89952,22923.57
89951,29171.26
89950,61354.42
89949,51198.77
89948,64760.16
89947,107880.14
89946,79261.75
89945,43489.69
89944,54291.61
89943,63392.92
89942,49171.62
89941,77351.33
89940,100258.18
89939,-32.38
89938,28187.54
89937,25478.97
89936,31272.06
89935,34383.13
89934,41626.05
89933,78867.54
89932,44440.84
89931,1884.59
89930,24523.28
89929,55760.86
89928,39458.79
89927,66710.27
89926,96349.44
89925,81649.52
89924,29529.88
89923,2204.11
89922,1053.02
89921,205.86
89920,43899.13
89919,67778.36
89918,52784.0
89917,1982.85
89916,31428.83
89915,33532.8
89914,72621.02
89913,83355.66
89912,110793.73
89911,81017.97
89910,50199.27
89909,44047.97
89908,60481.7
89907,58173.38
89906,74675.45
89905,109130.67
89904,61040.95
89903,37019.02
89902,35213.0
89901,43994.04
89900,64075.96
89899,76619.96
89898,117741.97
89897,65486.92
89896,30454.98
89895,29207.51
89894,32047.41
89893,37397.86
89892,82066.44
89891,101006.4
89890,87678.0
89889,54996.58
89888,53229.96
89887,67006.36
89886,53357.1
89885,76338.45
89884,96214.56
89883,95154.13
89882,35965.65
89881,39201.94
89880,40315.93
89879,60991.34
89878,78127.93
89877,91062.58
89876,78055.1
89875,95824.17
89874,33337.43
89873,38060.14
89872,47232.09
89871,56219.53
89870,74427.6
89869,70739.43
89868,37473.59
89867,78346.42
89866,77489.39
89865,66317.17
89864,75150.12
89863,106545.74
89862,76054.78
89861,47820.6
89860,54406.03
89859,59009.74
89858,71030.29
89857,84370.96
89856,103503.44
89855,62189.84
89854,37346.62
89853,40889.87
89852,46516.06
89851,44323.85
89850,64360.94
89849,60565.07
89848,63988.02
89847,31923.4
89846,27714.55
89845,36655.06
89844,42354.75
89843,43189.82
89842,65988.4
89841,40751.35
89840,26827.84
