130449,32480.55
130448,41135.93
130447,21576.91
130446,12964.18
130445,14837.41
130444,13840.06
130443,13738.73
130442,606.45
130441,28104.5
130440,17718.58
130439,12757.37
130438,10932.3
130437,11453.69
130436,18634.95
130435,24349.35
130434,36717.48
130433,19716.96
130432,26532.94
130431,16273.96
130430,16796.2
130429,19122.3
130428,20546.53
130427,42335.91
130426,12036.85
130425,15624.03
130424,12588.12
130423,13487.51
130422,18089.13
130421,25648.1
130420,30093.21
130419,14910.53
130418,12950.69
130417,16576.33
130416,20515.7
130415,20951.47
130414,24491.06
130413,43226.54
130412,13433.63
130411,16349.37
130410,16814.78
130409,14819.88
130408,31945.77
130407,37484.63
130406,63925.63
130405,26026.16
130404,38590.51
130403,21307.79
130402,25848.09
130401,14661.35
130400,29722.08
130399,50312.45
130398,26094.6
130397,15716.3
130396,16297.47
130395,21105.26
130394,16238.73
130393,26216.8
130392,43312.69
130391,21192.31
130390,19838.24
130389,17387.76
130388,15735.47
130387,34167.67
130386,44292.4
130385,62436.93
130384,26880.52
130383,25524.46
130382,34776.98
130381,43980.27
130380,28870.83
130379,33593.58
130378,49751.01
130377,25546.83
130376,13481.8
130375,16800.95
130374,32736.44
130373,25591.9
130372,35244.41
130371,56114.4
130370,27977.59
130369,25180.84
130368,24945.24
130367,43176.26
130366,33635.14
130365,43210.49
130364,71945.7
130363,17436.24
130362,14684.01
130361,19275.87
130360,23818.03
130359,26149.26
130358,37706.86
130357,21760.62
130356,411.41
130355,21388.49
130354,28744.5
130353,24306.58
130352,32120.33
130351,53346.25
130350,27421.64
130349,15095.37
130348,966.13
130347,249.31
130346,32.69
130345,24248.92
130344,38619.43
130343,24132.91
130342,621.07
130341,16615.57
130340,19225.38
130339,32732.01
130338,34079.6
130337,54918.06
130336,31506.0
130335,21655.45
130334,23418.85
130333,27702.17
130332,26643.36
130331,33147.65
130330,53963.81
130329,23571.31
130328,16900.87
130327,23273.26
130326,21430.54
130325,28227.41
130324,37538.8
130323,66052.79
130322,25127.36
130321,15840.24
130320,19288.75
130319,19859.81
130318,19738.35
130317,32312.14
130316,44405.06
130315,27247.35
130314,26729.13
130313,24922.41
130312,25694.49
130311,27976.38
130310,33267.21
130309,53094.76
130308,30142.64
130307,17456.44
130306,19259.55
130305,21333.53
130304,28307.37
130303,33586.47
130302,42882.6
130301,23458.26
130300,43149.93
130299,18991.75
130298,23647.09
130297,24874.79
130296,30479.53
130295,44723.19
130294,21269.03
130293,22913.74
130292,35073.09
130291,31774.01
130290,33599.62
130289,36274.0
130288,52997.48
130287,26333.33
130286,31327.09
130285,28460.38
130284,29840.87
130283,33883.95
130282,44475.27
130281,57681.5
130280,22722.97
130279,20342.57
130278,6028.79
130277,20996.54
130276,24080.6
130275,30470.81
130274,33275.3
130273,23912.51
130272,18268.32
130271,16144.36
130270,20926.65
130269,27174.34
130268,22706.51
130267,30865.41
130266,16136.74
130265,21059.54
