211796,30819.41
211795,48793.74
211794,48282.57
211793,12301.98
211792,18594.18
211791,14284.2
211790,13711.3
211789,1714.58
211788,31992.82
211787,24457.54
211786,11283.02
211785,10842.36
211784,14400.81
211783,22095.21
211782,22712.56
211781,44311.83
211780,33835.85
211779,26692.13
211778,16535.22
211777,13428.44
211776,19931.87
211775,19012.2
211774,46052.5
211773,32400.33
211772,13700.47
211771,13436.81
211770,14793.1
211769,13315.35
211768,31117.34
211767,52264.95
211766,32493.3
211765,15506.64
211764,16601.59
211763,17327.42
211762,22427.48
211761,28960.98
211760,46339.73
211759,25915.16
211758,16698.52
211757,12510.74
211756,19020.18
211755,34821.86
211754,45749.35
211753,76856.47
211752,43748.98
211751,31008.89
211750,25305.68
211749,25994.1
211748,23965.95
211747,38295.77
211746,55000.17
211745,43750.8
211744,17982.21
211743,19688.02
211742,18992.65
211741,10468.8
211740,29104.25
211739,49543.08
211738,31873.77
211737,24131.64
211736,15585.33
211735,18076.41
211734,36883.92
211733,48151.86
211732,81167.25
211731,65047.78
211730,34267.8
211729,41001.8
211728,52358.25
211727,27095.66
211726,39344.54
211725,62686.29
211724,50289.56
211723,22471.04
211722,20675.23
211721,43933.13
211720,33790.92
211719,49732.04
211718,83553.22
211717,66380.08
211716,39042.02
211715,37243.36
211714,45184.79
211713,40128.4
211712,67450.46
211711,86435.73
211710,23450.09
211709,21495.91
211708,23544.15
211707,24658.52
211706,32513.0
211705,48221.72
211704,40378.42
211703,18591.63
211702,16180.75
211701,30475.48
211700,28266.24
211699,38887.65
211698,63454.48
211697,55343.91
211696,1497.52
211695,19745.2
211694,20194.02
211693,27010.07
211692,35661.8
211691,47723.78
211690,51167.66
211689,24850.11
211688,23151.64
211687,26714.18
211686,51618.89
211685,57021.12
211684,76258.75
211683,52248.57
211682,32446.56
211681,31922.25
211680,33859.13
211679,34644.23
211678,867.53
211677,80676.85
211676,42784.24
211675,20942.5
211674,31038.14
211673,30546.28
211672,37781.54
211671,47803.9
211670,71588.27
211669,47945.79
211668,19365.68
211667,20989.63
211666,25904.65
211665,26493.53
211664,46864.85
211663,74861.92
211662,54167.15
211661,31412.1
211660,30393.9
211659,37102.67
211658,32193.47
211657,47531.77
211656,67091.5
211655,54158.92
211654,25767.84
211653,26735.33
211652,26321.89
211651,36912.47
211650,55579.62
211649,60642.02
211648,56044.56
211647,55742.07
211646,28364.1
211645,26542.73
211644,32440.63
211643,36805.96
211642,52450.93
211641,42738.05
211640,23415.85
211639,42962.29
211638,43515.77
211637,36380.24
211636,45639.32
211635,59756.83
211634,52155.68
211633,32989.6
211632,35736.12
211631,41033.18
211630,43393.7
211629,54975.41
211628,62752.34
211627,51939.6
211626,24800.93
211625,25162.32
211624,24121.1
211623,26083.69
211622,37904.78
211621,41322.44
211620,43463.69
211619,22136.46
211618,19480.87
211617,22788.29
211616,26040.17
211615,34738.52
211614,37760.58
211613,29145.19
211612,27050.42
