87539,33825.58
87538,54276.53
87537,33585.72
87536,13721.3
87535,14335.71
87534,15826.35
87533,17091.77
87532,1009.35
87531,36789.65
87530,12845.97
87529,15833.8
87528,11731.64
87527,13316.89
87526,21062.52
87525,25713.78
87524,20131.78
87523,39350.77
87522,23469.13
87521,16827.42
87520,16619.29
87519,19649.94
87518,21043.09
87517,42054.96
87516,26265.91
87515,14415.22
87514,15516.69
87513,13562.99
87512,13771.0
87511,23351.47
87510,52547.21
87509,27534.98
87508,15876.56
87507,14826.07
87506,16155.35
87505,20308.68
87504,7055.06
87503,45993.67
87502,26883.98
87501,7716.43
87500,13691.83
87499,20054.53
87498,38993.5
87497,44828.45
87496,82065.82
87495,42918.83
87494,42731.41
87493,18303.09
87492,34833.15
87491,20223.7
87490,33989.31
87489,58035.14
87488,44463.89
87487,25216.77
87486,18624.11
87485,17657.9
87484,21267.11
87483,30981.36
87482,53179.45
87481,29851.14
87480,22193.48
87479,17216.39
87478,15360.67
87477,41305.14
87476,38449.19
87475,86205.53
87474,60079.18
87473,29867.56
87472,36050.93
87471,40405.11
87470,22919.52
87469,34087.67
87468,58928.83
87467,45144.59
87466,16673.63
87465,14647.86
87464,35115.49
87463,33620.72
87462,42698.87
87461,75425.56
87460,53101.14
87459,19487.06
87458,31034.47
87457,35919.75
87456,25511.43
87455,38692.48
87454,75544.8
87453,18101.94
87452,17701.96
87451,22735.07
87450,23906.33
87449,27677.26
87448,61534.08
87447,38086.8
87446,523.82
87445,17630.77
87444,28295.49
87443,27636.05
87442,37590.0
87441,69240.33
87440,57736.05
87439,20820.07
87438,541.91
87437,476.93
87436,109.97
87435,30381.04
87434,58417.22
87433,40966.45
87432,814.07
87431,25151.06
87430,28809.38
87429,43297.17
87428,49039.92
87427,76799.58
87426,49513.56
87425,33256.54
87424,33340.6
87423,40211.02
87422,32530.92
87421,40663.85
87420,56425.1
87419,37477.61
87418,19599.44
87417,22988.35
87416,26010.92
87415,29569.27
87414,43458.52
87413,61175.39
87412,46531.54
87411,16923.31
87410,19988.29
87409,23156.82
87408,24725.63
87407,50394.15
87406,64170.02
87405,53216.28
87404,27007.33
87403,29447.27
87402,33718.62
87401,33902.77
87400,41604.41
87399,52524.32
87398,59419.59
87397,21175.14
87396,24533.89
87395,26126.78
87394,37235.64
87393,41287.73
87392,58441.51
87391,51733.22
87390,55460.13
87389,23985.02
87388,22486.26
87387,30316.94
87386,35573.71
87385,39617.35
87384,49336.48
87383,22050.82
87382,44061.51
87381,36305.37
87380,42225.01
87379,42376.17
87378,57600.93
87377,47971.76
87376,28596.13
87375,30358.69
87374,28328.29
87373,34534.31
87372,42915.71
87371,45225.43
87370,38896.2
87369,27969.82
87368,28800.2
87367,28673.71
87366,25276.42
87365,40376.29
87364,37091.62
87363,39140.42
87362,19779.43
87361,19334.3
87360,21208.4
87359,23183.37
87358,27609.05
87357,40353.48
87356,25285.17
87355,19959.52
