134675,-6088.01
134674,94399.45
134673,390103.3
134672,674802.04
134671,687191.01
134670,463554.54
134669,498028.5
134668,406788.78
134667,292191.81
134666,56488.29
134665,532019.3
134664,438820.87
134663,365871.52
134662,222128.46
134661,460866.93
134660,430527.1
134659,335807.09
134658,528768.42
134657,692233.43
134656,620355.66
134655,423216.96
134654,339459.99
134653,384422.64
134652,457971.36
134651,803564.84
134650,1015706.0
134649,905548.12
134648,234271.93
134647,30122.36
134646,277178.27
134645,289203.75
134644,804055.11
134643,505023.81
134642,77060.13
134641,550543.83
134640,470730.17
134639,329490.09
134638,302414.02
134637,536062.19
134636,465585.82
134635,43882.47
134634,526557.24
134633,563323.63
134632,479552.5
134631,330890.16
134630,472526.48
134629,717279.22
134628,659852.89
134627,608039.06
134626,533816.32
134625,646823.46
134624,449614.77
134623,700239.47
134622,789171.7
134621,969073.01
134620,388646.94
134619,60453.91
134618,532933.33
134617,481414.96
134616,726308.41
134615,738239.36
134614,124782.39
134613,583400.59
134612,608350.72
134611,601550.76
134610,566430.71
134609,782975.02
134608,912600.34
134607,968150.85
134606,800737.66
134605,825903.74
134604,685519.83
134603,548498.03
134602,291015.0
134601,1133667.88
134600,749791.03
134599,693158.94
134598,759492.01
134597,616142.41
134596,602420.18
134595,886695.53
134594,928809.29
134593,896040.7
134592,788849.45
134591,810160.45
134590,662635.57
134589,735797.2
134588,569400.14
134587,420700.17
134586,234131.06
134585,56031.27
134584,442585.31
134583,424236.11
134582,125320.38
134581,539428.25
134580,561600.71
134579,492914.86
134578,547545.75
134577,422712.8
134576,397239.79
134575,622505.51
134574,718147.33
134573,403544.31
134572,81781.23
134571,616391.01
134570,378672.35
134569,352408.0
134568,566053.86
134567,585130.08
134566,90899.5
134565,525115.63
134564,640733.55
134563,637247.75
134562,566155.89
134561,702302.16
134560,1001742.6
134559,921280.55
134558,721813.08
134557,646930.27
134556,122599.71
134555,314936.07
134554,888126.31
134553,889222.25
134552,755278.41
134551,448678.11
134550,640109.0
134549,445691.33
134548,381621.44
134547,776529.02
134546,654742.68
134545,108351.12
134544,515032.02
134543,265129.07
134542,546499.17
134541,534116.82
134540,840546.83
134539,850513.91
134538,812255.34
134537,696424.97
134536,859233.69
134535,576919.26
134534,533838.26
134533,882522.74
134532,878133.72
134531,881216.53
134530,217080.54
134529,339800.89
134528,373872.5
134527,336854.58
134526,344048.24
134525,632766.39
134524,697860.74
134523,307352.34
134522,449438.96
134521,127013.91
134520,276881.62
134519,647057.88
134518,663998.79
134517,760913.4
134516,654687.86
134515,647080.13
134514,521895.65
134513,518159.35
134512,866898.03
134511,790389.43
134510,816821.08
134509,522221.21
134508,417517.22
134507,452191.77
134506,422328.49
134505,575721.84
134504,701113.51
134503,645048.54
134502,405971.21
134501,367988.97
134500,262314.99
134499,240610.66
134498,410601.66
134497,312718.98
134496,275548.48
134495,21935.8
134494,375980.26
134493,290418.44
134492,204336.34
134491,28118.33
