131217,25540.74
131216,47069.48
131215,27547.45
131214,14550.21
131213,15263.55
131212,18019.04
131211,14761.61
131210,453.21
131209,30238.87
131208,13754.02
131207,11153.84
131206,9087.47
131205,12097.73
131204,17627.28
131203,22197.63
131202,35665.25
131201,19361.07
131200,21920.72
131199,20134.29
131198,24152.77
131197,21322.48
131196,21449.23
131195,47066.6
131194,27553.63
131193,12939.07
131192,9962.25
131191,14964.61
131190,9969.16
131189,29616.29
131188,36568.16
131187,21279.28
131186,17149.94
131185,13382.71
131184,9494.06
131183,20154.32
131182,30276.77
131181,42945.21
131180,17436.25
131179,12750.41
131178,10504.34
131177,13214.49
131176,40124.46
131175,29414.45
131174,68801.87
131173,39434.77
131172,37242.64
131171,26980.8
131170,32272.54
131169,23000.26
131168,36348.55
131167,62778.82
131166,32839.9
131165,20744.5
131164,19654.03
131163,20211.59
131162,20629.23
131161,31668.57
131160,58940.31
131159,16857.52
131158,12504.92
131157,15565.2
131156,16570.82
131155,41181.41
131154,49632.11
131153,79146.33
131152,51392.54
131151,30472.87
131150,39478.76
131149,46762.19
131148,28879.77
131147,34186.55
131146,58332.34
131145,33480.4
131144,18151.63
131143,20542.96
131142,32242.9
131141,23314.16
131140,40603.54
131139,92084.5
131138,50012.89
131137,35905.31
131136,28200.9
131135,43615.8
131134,21864.54
131133,46975.25
131132,59592.13
131131,24288.79
131130,18796.8
131129,21244.48
131128,20042.89
131127,26194.05
131126,34213.49
131125,13773.58
131124,513.33
131123,14529.3
131122,15452.97
131121,22041.55
131120,27780.05
131119,49476.91
131118,28319.62
131117,16104.05
131116,803.31
131115,493.61
131114,296.27
131113,29948.27
131112,49657.4
131111,28881.71
131110,485.05
131109,18330.56
131108,22594.57
131107,55856.15
131106,53142.73
131105,70224.15
131104,40776.66
131103,29588.17
131102,30738.31
131101,33956.87
131100,40062.89
131099,44610.32
131098,69178.6
131097,32073.96
131096,23693.86
131095,27809.89
131094,31604.77
131093,36814.14
131092,41274.63
131091,68332.25
131090,37727.35
131089,20740.96
131088,18281.33
131087,21331.91
131086,17733.08
131085,46450.58
131084,65363.72
131083,38410.15
131082,30970.33
131081,27219.63
131080,39188.3
131079,33799.02
131078,40339.49
131077,44422.68
131076,38936.52
131075,26619.44
131074,24217.55
131073,27344.27
131072,31705.12
131071,36420.66
131070,46629.66
131069,34996.54
131068,28288.02
131067,17687.56
131066,26629.71
131065,28132.0
131064,34180.8
131063,46494.03
131062,34066.73
131061,22716.72
131060,41481.98
131059,36822.31
131058,40022.53
131057,46326.94
131056,52758.11
131055,37483.12
131054,36843.15
131053,35107.5
131052,35935.27
131051,38557.72
131050,48015.09
131049,40002.73
131048,33495.2
131047,20634.11
131046,24024.81
131045,30153.88
131044,29125.18
131043,42836.89
131042,33807.21
131041,32983.65
131040,26078.36
131039,19226.99
131038,27024.45
131037,32008.97
131036,37406.08
131035,34802.5
131034,29086.15
131033,12013.87
