162078,17693.73
162077,24131.44
162076,17552.19
162075,7604.36
162074,9236.6
162073,9714.57
162072,9379.48
162071,688.48
162070,16265.09
162069,10280.65
162068,6686.32
162067,6519.97
162066,8949.2
162065,12776.19
162064,15005.82
162063,19247.73
162062,13151.09
162061,15438.34
162060,11147.55
162059,10643.65
162058,9594.21
162057,11417.06
162056,19997.93
162055,14260.28
162054,8121.29
162053,9149.05
162052,8533.71
162051,8011.34
162050,15877.25
162049,23431.55
162048,14240.4
162047,12180.24
162046,9112.01
162045,10773.72
162044,12295.67
162043,13502.98
162042,23495.8
162041,12593.23
162040,8437.29
162039,9864.01
162038,13282.08
162037,20727.21
162036,24380.58
162035,35348.29
162034,24340.83
162033,19492.42
162032,12151.85
162031,15026.52
162030,13179.01
162029,19447.46
162028,23555.65
162027,17811.15
162026,12678.49
162025,10100.65
162024,13438.49
162023,8928.8
162022,18027.66
162021,23096.11
162020,16212.83
162019,13611.24
162018,8368.99
162017,12400.48
162016,19069.28
162015,25295.54
162014,35644.05
162013,25687.15
162012,15855.82
162011,16831.29
162010,21582.51
162009,16450.77
162008,17400.46
162007,28268.23
162006,20233.43
162005,10202.24
162004,13694.84
162003,17302.74
162002,14455.88
162001,20647.97
162000,31005.33
161999,19150.34
161998,15072.51
161997,19094.54
161996,19591.33
161995,17287.34
161994,27184.47
161993,34774.46
161992,13604.97
161991,13166.28
161990,13191.84
161989,16841.03
161988,18695.79
161987,27376.74
161986,20230.85
161985,598.31
161984,14871.03
161983,22361.52
161982,22298.63
161981,25786.76
161980,30998.41
161979,22835.06
161978,11282.18
161977,896.1
161976,490.57
161975,163.92
161974,15936.19
161973,26346.38
161972,19634.38
161971,657.92
161970,14840.38
161969,15238.52
161968,22545.15
161967,27868.08
161966,38898.8
161965,23095.85
161964,16532.91
161963,14036.73
161962,17373.49
161961,17060.98
161960,24009.51
161959,35615.8
161958,17637.66
161957,16347.38
161956,15702.41
161955,18629.76
161954,21800.03
161953,26432.07
161952,38220.61
161951,23371.73
161950,13048.59
161949,14346.55
161948,13232.8
161947,18272.94
161946,28995.33
161945,32405.15
161944,21052.16
161943,15691.98
161942,18266.88
161941,16813.86
161940,18016.2
161939,23566.62
161938,35060.64
161937,29308.1
161936,12674.2
161935,11007.82
161934,12336.09
161933,15428.08
161932,18338.0
161931,24751.27
161930,21395.37
161929,19782.44
161928,12448.29
161927,9919.29
161926,13705.63
161925,19241.62
161924,25572.03
161923,19203.66
161922,12982.09
161921,23657.54
161920,18758.33
161919,21358.59
161918,30279.85
161917,38100.64
161916,25206.33
161915,19425.56
161914,19231.15
161913,15498.21
161912,21224.97
161911,24967.94
161910,30389.66
161909,21100.12
161908,11598.55
161907,18575.4
161906,14322.0
161905,14145.39
161904,22227.51
161903,17913.14
161902,23572.99
161901,13825.7
161900,13826.55
161899,13121.58
161898,18711.89
161897,20535.17
161896,24243.91
161895,17406.45
161894,9764.36
