184290,22927.42
184289,36192.12
184288,36486.66
184287,12249.47
184286,12871.29
184285,15883.48
184284,16419.83
184283,1296.79
184282,25722.59
184281,19996.07
184280,11220.91
184279,11736.4
184278,10950.27
184277,23514.24
184276,24716.53
184275,38112.18
184274,26560.33
184273,28982.85
184272,19320.61
184271,24461.19
184270,23992.74
184269,22362.1
184268,220.92
184267,9395.44
184266,11855.63
184265,11169.8
184264,11493.69
184263,13469.43
184262,18715.6
184261,38962.83
184260,23229.64
184259,13079.34
184258,12199.75
184257,13314.36
184256,20043.81
184255,13751.99
184254,28207.91
184253,20218.37
184252,12355.11
184251,12918.48
184250,18033.85
184249,37043.69
184248,42491.15
184247,52228.3
184246,36796.66
184245,22719.26
184244,22087.38
184243,27627.77
184242,19268.94
184241,29715.01
184240,44713.64
184239,40011.83
184238,13073.08
184237,12014.26
184236,15612.65
184235,13071.89
184234,22839.47
184233,37977.09
184232,28951.2
184231,24863.32
184230,18618.73
184229,14700.19
184228,36966.49
184227,30694.54
184226,61340.54
184225,47271.51
184224,36920.18
184223,38990.98
184222,53179.7
184221,27318.72
184220,32027.49
184219,48507.26
184218,39336.19
184217,12816.98
184216,12552.91
184215,33068.43
184214,28818.08
184213,37280.69
184212,58799.48
184211,39730.09
184210,26886.28
184209,33447.0
184208,43854.07
184207,27683.65
184206,50568.86
184205,60427.84
184204,17450.03
184203,14327.16
184202,20167.81
184201,20059.0
184200,27546.71
184199,34929.58
184198,25748.7
184197,1.99
184196,13984.88
184195,26927.76
184194,25031.3
184193,26137.99
184192,37135.64
184191,42534.63
184190,13712.86
184189,14184.53
184188,21633.93
184187,18877.21
184186,18754.69
184185,31694.05
184184,31269.82
184183,13083.01
184182,13602.57
184181,17622.24
184180,39682.68
184179,47325.62
184178,62300.96
184177,44610.77
184176,24241.01
184175,26723.24
184174,32266.2
184173,26505.12
184172,62354.16
184171,29802.43
184170,18765.43
184169,19259.9
184168,18337.37
184167,32492.0
184166,37894.24
184165,66075.45
184164,36286.7
184163,11797.27
184162,15093.62
184161,17698.09
184160,19891.05
184159,42234.74
184158,48973.99
184157,43528.01
184156,28595.1
184155,26753.44
184154,29879.21
184153,27775.3
184152,32574.29
184151,53046.76
184150,55500.96
184149,18635.47
184148,20076.67
184147,22529.46
184146,52065.13
184145,59444.03
184144,44031.02
184143,60469.16
184142,21525.52
184141,20892.29
184140,30212.43
184139,30491.81
184138,36134.17
184137,39621.11
184136,19861.43
184135,38822.25
184134,34463.46
184133,34577.58
184132,41763.83
184131,52969.04
184130,50253.34
184129,29323.27
184128,32939.54
184127,32742.06
184126,38637.12
184125,50006.85
184124,58054.36
184123,42161.33
184122,18953.46
184121,24477.32
184120,18179.99
184119,25687.58
184118,35586.35
184117,33400.56
184116,39071.45
184115,17900.99
184114,17765.38
184113,18204.47
184112,26383.44
184111,29693.44
184110,37033.74
184109,27892.89
184108,24312.81
