211220,27705.58
211219,36179.87
211218,22924.28
211217,11493.79
211216,7436.24
211215,8959.2
211214,12156.38
211213,273.41
211212,19913.47
211211,14535.28
211210,8317.88
211209,6853.74
211208,6313.51
211207,12232.34
211206,17885.42
211205,31303.8
211204,15816.7
211203,20294.47
211202,12542.19
211201,13214.13
211200,15165.85
211199,264.78
211198,88.46
211197,6254.52
211196,7022.67
211195,7634.55
211194,9280.65
211193,10335.2
211192,20389.15
211191,37118.97
211190,19051.35
211189,10466.35
211188,10240.92
211187,9159.5
211186,11711.78
211185,19994.03
211184,33952.39
211183,13981.16
211182,9526.19
211181,11714.27
211180,13241.65
211179,22148.61
211178,33982.66
211177,53754.92
211176,24924.59
211175,982.61
211174,11685.82
211173,14230.52
211172,13128.43
211171,25400.04
211170,41112.95
211169,20208.05
211168,11736.96
211167,10852.46
211166,10499.96
211165,10182.98
211164,19218.07
211163,42464.61
211162,17855.81
211161,15821.51
211160,13202.48
211159,14381.41
211158,19181.89
211157,30947.48
211156,55097.53
211155,37557.93
211154,20730.92
211153,28443.85
211152,30993.5
211151,21637.02
211150,28507.12
211149,55544.73
211148,32974.21
211147,16657.38
211146,17721.54
211145,26967.85
211144,18933.66
211143,33159.06
211142,50795.91
211141,29179.3
211140,17218.06
211139,23434.2
211138,21258.64
211137,22420.1
211136,42943.8
211135,55555.68
211134,-25.99
211133,18604.89
211132,13222.65
211131,13755.67
211130,16317.52
211129,22958.48
211128,32787.62
211127,24394.83
211126,9039.14
211125,10667.64
211124,17456.1
211123,18722.81
211122,21527.13
211121,43879.7
211120,32115.81
211119,23.95
211118,12155.4
211117,11840.36
211116,13602.81
211115,18920.81
211114,27708.88
211113,20333.55
211112,12669.37
211111,10741.84
211110,13975.33
211109,24134.92
211108,31019.69
211107,44257.97
211106,23628.45
211105,13665.88
211104,17454.24
211103,21217.44
211102,15691.84
211101,45236.65
211100,30722.7
211099,15109.56
211098,16948.47
211097,18176.02
211096,21833.9
211095,31534.42
211094,42832.66
211093,27177.36
211092,10904.86
211091,11623.21
211090,10400.21
211089,12993.53
211088,26452.05
211087,40170.64
211086,26106.79
211085,17079.6
211084,16682.63
211083,16767.64
211082,16743.96
211081,22944.24
211080,39887.23
211079,23038.75
211078,11708.7
211077,12930.55
211076,13579.47
211075,23153.37
211074,31544.98
211073,35438.83
211072,27595.35
211071,33594.65
211070,13409.77
211069,12530.16
211068,18965.94
211067,22268.96
211066,30561.65
211065,23592.9
211064,14739.62
211063,24498.02
211062,23055.88
211061,21185.41
211060,27652.31
211059,38046.85
211058,25747.91
211057,16983.78
211056,18168.89
211055,16556.73
211054,22136.88
211053,30384.3
211052,32850.69
211051,22471.16
211050,13091.66
211049,11031.88
211048,14662.9
211047,13605.64
211046,24417.2
211045,25511.01
211044,22945.93
211043,10610.21
211042,8571.38
211041,12022.75
211040,15022.08
211039,20638.7
211038,23728.79
211037,20820.27
211036,21227.19
