13988,40589.1
13987,58570.12
13986,42742.52
13985,18337.57
13984,21177.13
13983,19750.06
13982,23629.3
13981,2403.1
13980,36858.0
13979,25793.64
13978,14976.14
13977,11550.56
13976,12801.03
13975,36974.22
13974,46143.39
13973,63694.47
13972,31445.99
13971,32869.09
13970,25473.7
13969,28105.01
13968,26398.77
13967,30918.32
13966,56793.5
13965,42051.08
13964,17160.44
13963,12215.55
13962,17417.79
13961,14896.13
13960,36274.47
13959,52397.57
13958,34504.52
13957,20593.29
13956,12851.54
13955,18955.74
13954,25340.56
13953,41646.1
13952,57350.98
13951,31525.57
13950,14602.81
13949,16415.93
13948,25570.41
13947,64417.17
13946,69797.43
13945,110366.4
13944,56614.09
13943,37219.77
13942,31777.56
13941,41044.04
13940,32734.27
13939,53477.41
13938,83776.07
13937,54067.14
13936,18005.15
13935,21145.28
13934,22928.32
13933,25894.07
13932,39254.11
13931,58380.83
13930,37093.69
13929,31864.33
13928,9498.68
13927,17771.47
13926,57164.92
13925,62564.72
13924,92118.81
13923,75352.98
13922,45686.3
13921,51522.5
13920,74558.79
13919,33305.21
13918,44589.54
13917,58652.34
13916,54364.12
13915,19548.22
13914,18475.16
13913,42125.46
13912,39395.43
13911,50183.27
13910,83439.84
13909,67147.86
13908,38858.05
13907,41739.38
13906,33946.44
13905,23298.44
13904,66555.87
13903,81740.15
13902,24082.93
13901,21893.0
13900,17907.81
13899,27661.71
13898,29896.67
13897,41846.49
13896,36241.93
13895,649.91
13894,15283.91
13893,34476.06
13892,33605.25
13891,40152.16
13890,71010.85
13889,53049.73
13888,18440.04
13887,1161.54
13886,728.04
13885,173.72
13884,36910.58
13883,50910.17
13882,38279.65
13881,1194.76
13880,17695.86
13879,19839.39
13878,57183.82
13877,69441.75
13876,77886.79
13875,57122.37
13874,37524.04
13873,38182.79
13872,47276.24
13871,39935.72
13870,55694.59
13869,94426.25
13868,44245.22
13867,28867.0
13866,30290.38
13865,34569.17
13864,46365.43
13863,62550.92
13862,83659.94
13861,54346.09
13860,18735.17
13859,21018.11
13858,28491.03
13857,24028.46
13856,61927.22
13855,81982.67
13854,57458.73
13853,39390.94
13852,39780.0
13851,42890.57
13850,43379.42
13849,53734.55
13848,58108.27
13847,67814.81
13846,27534.54
13845,26232.99
13844,30564.8
13843,43410.28
13842,60835.1
13841,61247.24
13840,50784.89
13839,51681.28
13838,27407.19
13837,30808.69
13836,37794.32
13835,45090.55
13834,64388.53
13833,47917.39
13832,23451.7
13831,54388.23
13830,52486.13
13829,53558.73
13828,67947.47
13827,79334.11
13826,57125.35
13825,39695.06
13824,44048.08
13823,42393.5
13822,53135.12
13821,66846.06
13820,63481.0
13819,52676.9
13818,29351.95
13817,26770.31
13816,27917.72
13815,34905.5
13814,51056.15
13813,43674.05
13812,50887.05
13811,23315.99
13810,19962.84
13809,26321.15
13808,34323.73
13807,43020.1
13806,48063.99
13805,36388.32
13804,19334.33
