177783,21764.09
177782,25025.41
177781,15930.32
177780,6499.84
177779,10085.27
177778,8166.88
177777,10662.85
177776,665.61
177775,15621.1
177774,11398.3
177773,7699.67
177772,4818.05
177771,7692.36
177770,12151.86
177769,13810.41
177768,22706.44
177767,15928.52
177766,17555.9
177765,11158.28
177764,1902.62
177763,7216.29
177762,275.46
177761,7022.55
177760,11271.31
177759,7504.22
177758,7304.56
177757,8750.58
177756,9786.73
177755,14350.99
177754,25182.02
177753,14937.32
177752,11971.66
177751,11106.31
177750,10875.54
177749,12888.81
177748,19637.94
177747,29834.83
177746,12445.74
177745,6398.05
177744,7386.94
177743,12209.56
177742,27574.45
177741,21359.76
177740,46158.16
177739,15461.35
177738,6442.76
177737,14777.15
177736,18179.01
177735,14901.82
177734,23668.51
177733,37144.48
177732,17173.38
177731,11085.9
177730,9789.52
177729,10387.26
177728,9745.53
177727,18013.51
177726,33574.5
177725,14523.63
177724,15055.8
177723,10275.92
177722,7874.94
177721,20809.2
177720,29800.68
177719,44627.03
177718,27411.23
177717,17586.18
177716,26811.9
177715,30573.56
177714,21089.69
177713,25790.26
177712,42634.5
177711,23464.1
177710,12581.03
177709,16879.21
177708,26205.88
177707,24830.76
177706,31289.14
177705,51429.13
177704,25488.77
177703,20261.27
177702,24084.37
177701,24346.2
177700,23926.66
177699,44028.0
177698,46133.75
177697,17087.53
177696,13931.11
177695,14364.91
177694,15037.39
177693,18288.76
177692,24520.73
177691,15634.39
177690,355.58
177689,8740.97
177688,23536.76
177687,17667.64
177686,26430.55
177685,38570.38
177684,22284.07
177683,9454.5
177682,874.45
177681,441.52
177680,93.47
177679,15260.97
177678,24265.57
177677,16589.12
177676,615.4
177675,13255.43
177674,10925.43
177673,23748.12
177672,29001.59
177671,38357.17
177670,22682.16
177669,17245.6
177668,19092.64
177667,17921.82
177666,18988.81
177665,23332.32
177664,40396.51
177663,24152.59
177662,17028.18
177661,16915.83
177660,16932.38
177659,23061.81
177658,33898.48
177657,38805.53
177656,18835.4
177655,10673.83
177654,12855.07
177653,16552.48
177652,15200.09
177651,29670.9
177650,36892.34
177649,22180.62
177648,19129.35
177647,20837.62
177646,21789.63
177645,19237.04
177644,23254.38
177643,38561.52
177642,20609.16
177641,13123.89
177640,11983.14
177639,13203.39
177638,17135.64
177637,21194.91
177636,29885.43
177635,20552.4
177634,26747.67
177633,13190.16
177632,14140.16
177631,18293.39
177630,22882.26
177629,23623.19
177628,21560.24
177627,15446.87
177626,23124.84
177625,22956.04
177624,22607.35
177623,26324.67
177622,31445.15
177621,19891.04
177620,15754.08
177619,21019.17
177618,16912.87
177617,22049.16
177616,27910.42
177615,35939.76
177614,21272.42
177613,11709.61
177612,11391.51
177611,12607.53
177610,14761.26
177609,25366.34
177608,23927.85
177607,17016.09
177606,12514.57
177605,9516.97
177604,10835.67
177603,15132.97
177602,15075.6
177601,19413.01
177600,12093.9
177599,12803.07
