205321,22303.67
205320,37615.91
205319,33653.21
205318,13923.1
205317,7168.73
205316,16310.45
205315,16166.87
205314,661.8
205313,30334.9
205312,25019.32
205311,13331.38
205310,12200.52
205309,11829.31
205308,23591.93
205307,19646.88
205306,30883.16
205305,25682.52
205304,27232.71
205303,18198.19
205302,20061.62
205301,19664.32
205300,15672.46
205299,34435.61
205298,27821.8
205297,12833.4
205296,10201.65
205295,12777.58
205294,13682.8
205293,23867.77
205292,33793.73
205291,19468.19
205290,15281.18
205289,15262.06
205288,19929.59
205287,19210.92
205286,25908.63
205285,34147.35
205284,17929.62
205283,17028.77
205282,16018.84
205281,21160.77
205280,35620.98
205279,46306.36
205278,57214.77
205277,39584.48
205276,37065.13
205275,21118.9
205274,23871.44
205273,17460.54
205272,25823.32
205271,42789.81
205270,36557.89
205269,18444.23
205268,19948.33
205267,18421.67
205266,22844.45
205265,23118.6
205264,39710.78
205263,29543.5
205262,24760.82
205261,17399.51
205260,20091.0
205259,36625.33
205258,35101.67
205257,49133.5
205256,45685.07
205255,22133.19
205254,32210.39
205253,37766.15
205252,25615.75
205251,29424.54
205250,39874.83
205249,38518.11
205248,17604.5
205247,19280.48
205246,34802.38
205245,30596.63
205244,29756.3
205243,53525.29
205242,38741.93
205241,23351.0
205240,31784.52
205239,39050.43
205238,30607.61
205237,38163.12
205236,56764.31
205235,19888.88
205234,20844.4
205233,18708.44
205232,24479.9
205231,30749.88
205230,34872.98
205229,31485.84
205228,18342.01
205227,17072.31
205226,27965.43
205225,24980.31
205224,32070.71
205223,43316.86
205222,45016.42
205221,1081.92
205220,18776.99
205219,18067.86
205218,23523.07
205217,26100.08
205216,37004.49
205215,30868.03
205214,17671.42
205213,20149.55
205212,24518.26
205211,31531.33
205210,36173.14
205209,48062.77
205208,35196.23
205207,23362.79
205206,26186.96
205205,31634.54
205204,24143.12
205203,405.32
205202,50661.03
205201,33784.9
205200,21501.03
205199,22720.2
205198,23088.46
205197,30075.31
205196,35293.37
205195,54926.52
205194,38271.57
205193,19525.55
205192,21753.36
205191,19924.72
205190,21292.56
205189,40511.51
205188,47042.45
205187,38937.72
205186,24554.97
205185,26881.87
205184,28683.23
205183,27061.83
205182,33621.16
205181,48913.88
205180,49018.1
205179,22554.02
205178,19560.82
205177,25577.31
205176,226.61
205175,29225.24
205174,45018.57
205173,35806.97
205172,48558.03
205171,17686.4
205170,18535.94
205169,23180.42
205168,28353.26
205167,44596.16
205166,35420.97
205165,23736.51
205164,27771.17
205163,30742.02
205162,27770.03
205161,34481.81
205160,50069.49
205159,39469.95
205158,24800.41
205157,28348.13
205156,27087.63
205155,35087.04
205154,38075.7
205153,51066.44
205152,45759.76
205151,24031.02
205150,25473.66
205149,22398.21
205148,27269.05
205147,31478.65
205146,35492.1
205145,42613.27
205144,20636.9
205143,17290.78
205142,21520.63
205141,23891.88
205140,33950.93
205139,38414.07
205138,33821.84
205137,21643.51
