14951,51741.77
14950,82420.69
14949,54137.85
14948,15509.14
14947,21167.49
14946,19561.85
14945,22287.45
14944,1495.17
14943,54180.37
14942,25392.2
14941,15229.28
14940,16164.44
14939,18712.22
14938,32126.45
14937,42124.91
14936,68194.02
14935,37298.4
14934,42809.05
14933,24012.59
14932,22841.29
14931,29889.01
14930,29893.86
14929,80841.1
14928,46997.14
14927,18113.38
14926,24255.63
14925,19638.01
14924,19219.39
14923,36197.14
14922,69210.51
14921,39350.4
14920,23130.95
14919,24937.16
14918,24900.3
14917,29835.9
14916,44431.98
14915,76684.53
14914,32311.31
14913,19846.03
14912,20972.48
14911,31750.43
14910,66946.71
14909,83995.76
14908,141744.4
14907,79635.99
14906,56728.9
14905,43255.53
14904,51189.02
14903,37826.55
14902,66406.53
14901,101001.68
14900,61881.57
14899,24296.17
14898,26837.17
14897,15401.35
14896,20992.38
14895,41127.01
14894,90477.22
14893,47553.24
14892,40880.32
14891,20235.36
14890,23803.93
14889,45590.42
14888,75342.95
14887,131229.74
14886,86073.6
14885,52397.05
14884,63196.57
14883,76848.54
14882,40899.7
14881,59681.94
14880,99825.29
14879,61074.49
14878,24422.84
14877,28832.74
14876,54622.72
14875,51489.47
14874,72376.75
14873,124030.15
14872,81132.51
14871,46313.63
14870,57592.42
14869,68804.18
14868,46694.33
14867,92748.49
14866,102768.27
14865,-106.6
14864,31638.31
14863,33405.87
14862,36615.52
14861,35194.21
14860,47257.7
14859,71042.18
14858,42876.72
14857,1568.54
14856,24329.78
14855,41047.21
14854,40141.43
14853,54609.98
14852,91468.01
14851,52290.42
14850,23167.64
14849,3938.91
14848,1960.6
14847,598.89
14846,40424.16
14845,62404.38
14844,42475.65
14843,2475.08
14842,28583.47
14841,29859.18
14840,65544.1
14839,79093.84
14838,106090.6
14837,67549.73
14836,38705.35
14835,42879.96
14834,49962.03
14833,42757.53
14832,61488.68
14831,111398.4
14830,47761.21
14829,29996.35
14828,29673.48
14827,32763.74
14826,50512.09
14825,32682.23
14824,90685.56
14823,52175.31
14822,22672.19
14821,26240.25
14820,27842.67
14819,27996.62
14818,66375.76
14817,99542.98
14816,66215.73
14815,41926.53
14814,39089.91
14813,49903.57
14812,39335.57
14811,63304.63
14810,78218.13
14809,63950.05
14808,32184.49
14807,31622.19
14806,37507.51
14805,53413.6
14804,70531.79
14803,81557.56
14802,56022.95
14801,59057.87
14800,33127.79
14799,37226.84
14798,46525.08
14797,56125.36
14796,70163.12
14795,49360.21
14794,29179.21
14793,60719.89
14792,59314.41
14791,55048.17
14790,68565.49
14789,87747.91
14788,65088.92
14787,51957.8
14786,48392.27
14785,57882.02
14784,54269.33
14783,72619.97
14782,78614.27
14781,56167.06
14780,24430.75
14779,33623.37
14778,30668.86
14777,39317.37
14776,54052.29
14775,45772.71
14774,55281.18
14773,26452.03
14772,22245.21
14771,31306.05
14770,33660.1
14769,47255.16
14768,43232.36
14767,34697.89
14766,30485.64
