200384,14091.09
200383,23548.94
200382,21181.31
200381,8010.9
200380,8060.82
200379,8396.95
200378,7984.96
200377,602.79
200376,13995.91
200375,13250.28
200374,6919.98
200373,9634.95
200372,7801.49
200371,14655.0
200370,13574.6
200369,22172.33
200368,13988.29
200367,13483.25
200366,10051.47
200365,7589.21
200364,10156.61
200363,9450.52
200362,21842.58
200361,17773.98
200360,6822.59
200359,8134.91
200358,8703.25
200357,8272.22
200356,14289.7
200355,20254.9
200354,12507.7
200353,9232.34
200352,11525.79
200351,10919.5
200350,13276.9
200349,17288.65
200348,18948.68
200347,13605.35
200346,6543.49
200345,6740.99
200344,12532.39
200343,21102.9
200342,26490.39
200341,40831.23
200340,12744.01
200339,18406.94
200338,14080.26
200337,18409.55
200336,12143.28
200335,17184.78
200334,29043.21
200333,21838.63
200332,13421.79
200331,10256.28
200330,9132.53
200329,8685.03
200328,15859.46
200327,25055.77
200326,14518.28
200325,13629.46
200324,9692.14
200323,9574.46
200322,21884.46
200321,25440.55
200320,40304.14
200319,22199.02
200318,19378.64
200317,18099.54
200316,27553.13
200315,15123.88
200314,19171.91
200313,25927.26
200312,22083.95
200311,9368.87
200310,9442.56
200309,23536.85
200308,18605.32
200307,21772.33
200306,29016.72
200305,20108.28
200304,20133.61
200303,18475.57
200302,26095.13
200301,18132.77
200300,30643.97
200299,41800.01
200298,11453.13
200297,10601.33
200296,11387.74
200295,14479.81
200294,13598.4
200293,22724.31
200292,18339.44
200291,476.67
200290,9554.43
200289,15900.85
200288,17009.71
200287,17096.01
200286,27238.82
200285,23489.88
200284,7405.56
200283,10527.75
200282,12896.31
200281,11447.54
200280,17995.11
200279,21792.92
200278,16846.03
200277,9510.63
200276,10998.09
200275,10456.3
200274,24394.93
200273,26753.16
200272,30677.87
200271,22249.82
200270,16999.97
200269,17353.76
200268,17224.37
200267,19971.03
200266,326.16
200265,34266.65
200264,17387.4
200263,13843.16
200262,14583.76
200261,15352.45
200260,17552.07
200259,30107.85
200258,27610.03
200257,26246.15
200256,13033.13
200255,13234.3
200254,10557.14
200253,15115.27
200252,29859.55
200251,37259.61
200250,19641.35
200249,13925.52
200248,16418.56
200247,18526.64
200246,19293.78
200245,23209.77
200244,27020.76
200243,25098.43
200242,12158.91
200241,12746.13
200240,13331.54
200239,277.25
200238,21765.74
200237,22678.53
200236,18322.47
200235,23115.95
200234,11766.51
200233,12870.66
200232,15085.37
200231,17374.9
200230,19284.12
200229,15367.75
200228,12321.74
200227,20479.9
200226,17700.99
200225,19005.72
200224,24392.28
200223,29551.58
200222,23478.64
200221,13750.23
200220,17247.29
200219,18756.21
200218,21030.11
200217,27174.04
200216,31237.15
200215,25891.43
200214,1827.84
200213,11376.64
200212,12584.94
200211,14675.21
200210,17715.26
200209,19810.07
200208,21000.95
200207,10754.1
200206,6817.81
200205,10511.01
200204,15172.52
200203,15752.64
200202,16527.28
200201,12002.8
200200,11822.33
