122813,32143.71
122812,66700.42
122811,47616.12
122810,18673.2
122809,20159.94
122808,20308.67
122807,17579.8
122806,1127.24
122805,35692.59
122804,21662.56
122803,13196.9
122802,12961.61
122801,9307.54
122800,29006.31
122799,36234.01
122798,55674.03
122797,43177.79
122796,19509.11
122795,10558.95
122794,20347.47
122793,23747.51
122792,28672.53
122791,47964.81
122790,41202.16
122789,13925.25
122788,14582.03
122787,17278.67
122786,17880.31
122785,27707.04
122784,51791.79
122783,36839.46
122782,21201.24
122781,20868.75
122780,22050.1
122779,28702.88
122778,33014.65
122777,53204.84
122776,27693.76
122775,19590.44
122774,19791.69
122773,22654.41
122772,31369.17
122771,56013.93
122770,56987.48
122769,41295.51
122768,45624.77
122767,19621.57
122766,37795.33
122765,29291.5
122764,43729.31
122763,66013.69
122762,45741.07
122761,19945.82
122760,20640.46
122759,21390.43
122758,18994.67
122757,28706.55
122756,51702.75
122755,34136.37
122754,36252.16
122753,20881.15
122752,17658.2
122751,52889.99
122750,58503.85
122749,92220.04
122748,74052.19
122747,44810.9
122746,59191.27
122745,62525.96
122744,35112.19
122743,46782.29
122742,61945.13
122741,49095.52
122740,23991.97
122739,27481.46
122738,44477.3
122737,43858.32
122736,47295.31
122735,100024.74
122734,54096.69
122733,41749.59
122732,43132.55
122731,52606.77
122730,38720.01
122729,64634.48
122728,82986.28
122727,23432.06
122726,25477.59
122725,27700.06
122724,29848.3
122723,35179.9
122722,52777.67
122721,24669.2
122720,1054.42
122719,20933.34
122718,37297.45
122717,42532.66
122716,49260.05
122715,82551.91
122714,72931.69
122713,21534.03
122712,1021.81
122711,899.26
122710,236.76
122709,37469.8
122708,55891.98
122707,49374.91
122706,1055.47
122705,33700.44
122704,27508.8
122703,63073.39
122702,64242.78
122701,87361.7
122700,57062.68
122699,47100.68
122698,43844.05
122697,43132.88
122696,48035.1
122695,52838.71
122694,79104.78
122693,46865.74
122692,28888.44
122691,31659.66
122690,29958.88
122689,44052.2
122688,62583.34
122687,85154.02
122686,54812.37
122685,26218.38
122684,30337.44
122683,32198.29
122682,27530.41
122681,66257.82
122680,77083.27
122679,62963.78
122678,51141.33
122677,44626.9
122676,49764.87
122675,45003.68
122674,55477.61
122673,72796.22
122672,69277.34
122671,29643.09
122670,37146.39
122669,38502.87
122668,53027.77
122667,71559.37
122666,74702.22
122665,60520.77
122664,67649.95
122663,37255.67
122662,35059.89
122661,43201.99
122660,54015.5
122659,57308.75
122658,57386.11
122657,29651.06
122656,45886.45
122655,47287.61
122654,45705.98
122653,54048.7
122652,79142.79
122651,56260.84
122650,38365.49
122649,41938.39
122648,43901.36
122647,49953.36
122646,63307.2
122645,70431.73
122644,48300.29
122643,32994.55
122642,35375.05
122641,35832.0
122640,41411.45
122639,63927.0
122638,51107.08
122637,48846.39
122636,29697.24
122635,26047.85
122634,32956.18
122633,39576.86
122632,41612.02
122631,41709.68
122630,31627.57
122629,22319.61
