44676,24637.52
44675,42245.97
44674,33055.37
44673,12914.26
44672,13303.96
44671,12002.65
44670,16992.47
44669,610.52
44668,27905.3
44667,19008.08
44666,12250.07
44665,7575.73
44664,14401.94
44663,21408.72
44662,19321.65
44661,39770.89
44660,19412.47
44659,29428.44
44658,15695.97
44657,16885.87
44656,18530.81
44655,242.54
44654,5985.57
44653,14024.93
44652,11393.71
44651,14588.05
44650,15311.48
44649,14870.87
44648,25966.28
44647,43442.08
44646,29375.13
44645,15585.52
44644,20645.66
44643,15226.11
44642,27381.63
44641,24450.41
44640,41802.02
44639,20239.27
44638,14442.11
44637,14516.96
44636,19674.17
44635,36911.23
44634,43139.17
44633,79138.95
44632,34266.12
44631,9993.99
44630,20751.2
44629,22834.21
44628,19883.86
44627,34331.88
44626,54065.92
44625,29956.19
44624,15483.37
44623,12773.79
44622,15076.81
44621,13681.48
44620,20232.0
44619,42990.34
44618,22846.4
44617,20879.23
44616,14222.01
44615,14491.91
44614,32840.59
44613,41222.42
44612,65559.45
44611,49390.36
44610,35248.37
44609,39441.9
44608,50423.07
44607,27912.4
44606,33215.92
44605,56615.48
44604,43052.49
44603,22296.2
44602,21110.45
44601,35896.06
44600,31422.92
44599,36130.61
44598,60310.73
44597,36801.55
44596,27883.59
44595,28226.83
44594,37117.63
44593,28527.83
44592,52231.03
44591,62414.68
44590,19058.96
44589,17450.82
44588,21313.73
44587,23452.62
44586,26322.89
44585,38903.62
44584,25274.86
44583,13780.99
44582,22171.85
44581,19347.32
44580,32188.34
44579,46677.95
44578,34872.55
44577,11236.92
44576,16938.07
44575,16333.76
44574,18469.26
44573,21710.45
44572,34624.42
44571,27337.52
44570,17803.9
44569,12613.39
44568,17053.26
44567,32390.98
44566,35727.35
44565,54821.7
44564,38813.28
44563,24748.76
44562,29261.25
44561,27130.6
44560,32008.21
44559,69.67
44558,62482.17
44557,34933.46
44556,23986.97
44555,25475.56
44554,24914.92
44553,31700.44
44552,42875.5
44551,66412.86
44550,37666.13
44549,18425.99
44548,18905.4
44547,21142.96
44546,19895.78
44545,44302.77
44544,57096.93
44543,37088.42
44542,24547.5
44541,22104.45
44540,33062.88
44539,27420.56
44538,31229.36
44537,51153.25
44536,44965.56
44535,17790.22
44534,17333.46
44533,18874.32
44532,37064.64
44531,45143.2
44530,40490.21
44529,49463.23
44528,19672.15
44527,18626.18
44526,26113.56
44525,34651.49
44524,42905.09
44523,31682.68
44522,19258.94
44521,31711.89
44520,35192.49
44519,33179.88
44518,40869.76
44517,54683.53
44516,40248.67
44515,28383.96
44514,31260.26
44513,29326.09
44512,34483.28
44511,43755.61
44510,50667.36
44509,36342.48
44508,18181.02
44507,13992.83
44506,18166.69
44505,19623.8
44504,34155.8
44503,35052.68
44502,29963.68
44501,19633.15
44500,12615.66
44499,17236.54
44498,26514.03
44497,26867.09
44496,33198.58
44495,20380.0
44494,18220.89
