214868,10590.22
214867,17769.04
214866,14100.67
214865,6086.55
214864,5920.99
214863,6865.65
214862,9421.08
214861,552.82
214860,14331.05
214859,8652.08
214858,4721.83
214857,6425.26
214856,5897.11
214855,10035.54
214854,10897.47
214853,14617.97
214852,13789.47
214851,11687.83
214850,7308.08
214849,6500.47
214848,7328.7
214847,7916.27
214846,17677.28
214845,13848.82
214844,4455.59
214843,4465.99
214842,6919.08
214841,5647.06
214840,11323.82
214839,17800.26
214838,14991.92
214837,7978.98
214836,8793.09
214835,8705.24
214834,9292.36
214833,11577.52
214832,20159.43
214831,12736.57
214830,6503.56
214829,9314.39
214828,10240.93
214827,14273.97
214826,21251.99
214825,35984.72
214824,19049.69
214823,12684.15
214822,11459.87
214821,13730.7
214820,10942.13
214819,13788.31
214818,22495.31
214817,13011.87
214816,7188.22
214815,9224.17
214814,8505.39
214813,8886.87
214812,9630.34
214811,20751.51
214810,12316.8
214809,10518.31
214808,8620.57
214807,8805.67
214806,14469.01
214805,17509.48
214804,22010.97
214803,20539.34
214802,12472.68
214801,10933.79
214800,13489.13
214799,12033.57
214798,16415.66
214797,26677.18
214796,21547.32
214795,10003.86
214794,10156.73
214793,15895.56
214792,15775.83
214791,19236.72
214790,27167.64
214789,17385.52
214788,11794.92
214787,13720.36
214786,14146.75
214785,14988.65
214784,23961.33
214783,30833.02
214782,11525.15
214781,5547.71
214780,9432.6
214779,9080.61
214778,11773.92
214777,17232.1
214776,14287.33
214775,6117.51
214774,8790.89
214773,14153.93
214772,16183.77
214771,17784.95
214770,36663.29
214769,24430.6
214768,86.78
214767,7199.76
214766,7615.27
214765,9920.67
214764,10940.2
214763,21001.86
214762,16457.75
214761,662.96
214760,8938.77
214759,5020.68
214758,13493.41
214757,16880.46
214756,25969.87
214755,13822.0
214754,11422.34
214753,13051.06
214752,12622.08
214751,11401.74
214750,28.0
214749,26668.9
214748,18194.01
214747,11157.94
214746,12357.81
214745,12534.21
214744,15762.44
214743,22247.27
214742,36683.62
214741,22718.03
214740,8580.2
214739,8616.26
214738,10642.86
214737,12441.86
214736,23089.74
214735,24297.38
214734,18907.3
214733,11921.45
214732,16037.56
214731,17132.22
214730,11537.71
214729,19686.88
214728,28434.67
214727,22875.14
214726,10400.09
214725,10744.33
214724,10506.56
214723,12268.05
214722,12379.65
214721,26714.49
214720,21279.08
214719,20455.72
214718,9062.02
214717,8191.23
214716,6752.65
214715,14431.87
214714,20660.96
214713,16973.42
214712,9747.0
214711,14884.37
214710,11714.7
214709,16148.15
214708,14400.88
214707,25355.47
214706,16313.39
214705,12436.57
214704,14525.71
214703,12241.02
214702,15610.19
214701,21508.9
214700,25593.86
214699,21827.71
214698,10172.96
214697,9457.48
214696,9161.27
214695,11146.48
214694,13619.73
214693,19431.9
214692,18642.24
214691,8753.51
214690,6207.54
214689,9598.55
214688,11677.62
214687,16762.18
214686,18742.14
214685,16924.51
214684,15185.06
