220052,21968.19
220051,28420.08
220050,21941.57
220049,10619.12
220048,11325.78
220047,13231.41
220046,10121.68
220045,465.93
220044,24400.28
220043,17413.63
220042,9573.68
220041,8101.76
220040,9765.91
220039,13912.81
220038,13762.64
220037,28083.34
220036,17600.59
220035,17634.57
220034,11728.93
220033,11697.16
220032,13917.75
220031,1317.76
220030,6865.56
220029,11596.4
220028,13761.22
220027,10899.33
220026,8802.32
220025,9564.45
220024,16464.31
220023,30406.33
220022,17801.51
220021,10881.58
220020,10224.03
220019,10692.63
220018,16016.11
220017,20182.38
220016,28445.64
220015,13200.27
220014,11652.91
220013,13188.47
220012,17260.22
220011,25622.06
220010,27375.18
220009,56812.41
220008,29649.2
220007,10627.54
220006,13073.12
220005,13250.82
220004,12381.43
220003,21949.19
220002,34771.69
220001,16975.02
220000,11046.26
219999,10128.42
219998,10661.8
219997,14454.97
219996,20185.09
219995,30825.45
219994,18669.13
219993,16311.24
219992,13378.93
219991,12103.18
219990,22814.74
219989,29962.35
219988,43984.61
219987,28192.05
219986,16531.54
219985,23034.54
219984,27147.88
219983,22477.02
219982,26786.66
219981,47324.86
219980,36045.66
219979,14959.86
219978,15348.16
219977,24658.96
219976,24781.88
219975,30994.05
219974,48679.19
219973,33696.32
219972,19785.14
219971,19878.32
219970,25549.46
219969,20888.05
219968,41644.89
219967,60094.72
219966,14675.68
219965,15393.97
219964,13258.45
219963,17043.63
219962,19937.16
219961,33824.21
219960,19916.02
219959,11364.92
219958,13611.15
219957,24248.49
219956,20119.84
219955,28848.49
219954,39153.81
219953,29665.94
219952,938.12
219951,11354.44
219950,11645.72
219949,15129.26
219948,18511.27
219947,27871.76
219946,22040.22
219945,12203.28
219944,11056.83
219943,15627.02
219942,21631.84
219941,26719.88
219940,38636.98
219939,20704.75
219938,15448.47
219937,19907.08
219936,23719.29
219935,20496.62
219934,644.23
219933,45126.56
219932,24096.5
219931,13238.4
219930,18352.06
219929,18998.65
219928,23574.05
219927,33438.32
219926,50667.77
219925,28351.42
219924,13785.43
219923,16059.64
219922,14803.58
219921,16257.24
219920,31366.28
219919,34616.7
219918,21150.71
219917,19226.69
219916,18050.35
219915,20408.51
219914,18965.11
219913,25524.38
219912,37715.86
219911,29472.08
219910,15131.1
219909,15154.51
219908,15892.28
219907,21238.33
219906,29227.77
219905,35953.69
219904,26509.96
219903,27820.86
219902,14029.45
219901,17173.29
219900,20702.62
219899,22281.0
219898,36546.08
219897,19281.35
219896,14656.8
219895,23300.12
219894,23764.7
219893,20444.18
219892,26774.35
219891,36359.88
219890,24317.2
219889,15620.46
219888,20573.26
219887,19744.37
219886,21498.42
219885,33294.91
219884,39574.7
219883,24394.91
219882,13078.76
219881,14804.51
219880,15762.09
219879,15247.39
219878,23074.59
219877,26285.9
219876,25841.87
219875,12286.07
219874,11440.83
219873,14194.91
219872,17369.48
219871,21968.47
219870,25745.83
219869,16723.33
219868,16385.03
