81582,40110.92
81581,70007.75
81580,67750.62
81579,19772.78
81578,22113.28
81577,21332.69
81576,24931.79
81575,1324.03
81574,49821.09
81573,27007.11
81572,16059.95
81571,16722.81
81570,16328.6
81569,41335.78
81568,39513.75
81567,56251.74
81566,55565.36
81565,50747.63
81564,25426.21
81563,29995.22
81562,29528.7
81561,36439.17
81560,33343.83
81559,42553.75
81558,16923.24
81557,19816.09
81556,19631.6
81555,21012.72
81554,41301.42
81553,70844.27
81552,43405.54
81551,27848.71
81550,22526.79
81549,21853.57
81548,28113.33
81547,16526.62
81546,57001.9
81545,44197.97
81544,13009.1
81543,20388.17
81542,22631.9
81541,52340.26
81540,73160.32
81539,98231.75
81538,48342.76
81537,48359.16
81536,26350.1
81535,37468.29
81534,29647.96
81533,47821.53
81532,83868.07
81531,56876.62
81530,25232.02
81529,19420.22
81528,20591.81
81527,25963.41
81526,36451.62
81525,74431.29
81524,47400.07
81523,36261.55
81522,27319.67
81521,22811.0
81520,63511.52
81519,68565.33
81518,116474.21
81517,88950.95
81516,49402.63
81515,59025.62
81514,81914.34
81513,43293.12
81512,52430.19
81511,84727.4
81510,66664.64
81509,19000.99
81508,26734.62
81507,55175.9
81506,44021.95
81505,59821.54
81504,102792.63
81503,73197.29
81502,35391.99
81501,50585.86
81500,58783.07
81499,49729.84
81498,83721.13
81497,96510.07
81496,20265.96
81495,24772.14
81494,33150.67
81493,31718.76
81492,42069.45
81491,73859.94
81490,50288.04
81489,1006.9
81488,21721.57
81487,40434.5
81486,38045.75
81485,54202.76
81484,91058.6
81483,71243.17
81482,26386.27
81481,1576.66
81480,1619.98
81479,238.03
81478,41335.59
81477,64286.75
81476,46248.47
81475,1480.48
81474,25283.61
81473,26458.06
81472,61348.31
81471,72724.59
81470,110294.0
81469,73319.03
81468,44222.62
81467,44040.08
81466,48460.73
81465,43371.4
81464,61481.96
81463,105162.32
81462,52786.2
81461,26794.89
81460,33315.68
81459,36075.84
81458,48816.06
81457,68146.74
81456,100495.57
81455,68960.37
81454,24222.47
81453,27423.31
81452,33850.16
81451,35058.81
81450,70516.23
81449,95730.63
81448,72908.07
81447,47773.04
81446,43274.8
81445,53720.9
81444,46976.6
81443,62459.64
81442,89609.2
81441,85274.85
81440,33992.64
81439,41149.61
81438,41527.15
81437,65439.22
81436,75586.34
81435,89325.67
81434,64996.37
81433,99594.88
81432,33698.34
81431,37142.57
81430,49424.53
81429,54179.03
81428,66511.14
81427,60749.62
81426,32035.53
81425,42522.29
81424,59483.1
81423,59054.55
81422,66764.41
81421,82043.85
81420,75411.06
81419,49560.58
81418,50961.55
81417,51179.13
81416,62462.62
81415,81509.97
81414,87171.23
81413,72104.09
81412,32169.5
81411,36150.4
81410,39421.74
81409,39926.15
81408,62259.0
81407,62787.41
81406,63618.46
81405,31059.29
81404,22340.97
81403,34260.63
81402,40314.36
81401,45243.65
81400,48786.17
81399,35938.73
81398,35188.22
