34354,41654.41
34353,58465.35
34352,43298.0
34351,17626.63
34350,13002.17
34349,18215.83
34348,18880.81
34347,546.68
34346,36342.86
34345,25675.46
34344,12091.33
34343,16591.68
34342,17075.67
34341,25732.73
34340,32507.79
34339,52509.84
34338,27299.55
34337,33505.11
34336,19249.55
34335,15673.77
34334,17126.35
34333,22287.43
34332,51266.67
34331,35236.87
34330,16547.99
34329,14752.43
34328,19669.32
34327,17492.91
34326,31494.92
34325,47224.41
34324,32410.96
34323,15208.1
34322,15110.73
34321,18566.94
34320,22308.64
34319,33132.95
34318,55126.09
34317,26592.84
34316,16495.7
34315,18483.7
34314,24473.25
34313,45053.54
34312,48213.77
34311,82350.37
34310,53322.37
34309,45960.95
34308,25703.25
34307,29929.43
34306,22250.97
34305,38278.61
34304,62056.22
34303,37503.46
34302,17901.47
34301,16782.41
34300,20637.57
34299,22495.25
34298,33121.99
34297,56106.61
34296,35721.24
34295,24795.16
34294,19015.15
34293,22954.95
34292,46357.83
34291,44351.09
34290,76180.11
34289,60206.14
34288,35125.0
34287,43303.82
34286,53150.02
34285,31258.28
34284,36767.69
34283,62629.04
34282,43311.51
34281,25800.96
34280,27164.65
34279,43281.75
34278,39102.34
34277,45899.92
34276,63295.28
34275,46451.79
34274,31605.95
34273,34244.86
34272,42995.72
34271,34510.81
34270,60257.34
34269,79417.05
34268,21433.38
34267,17747.04
34266,22157.13
34265,25447.39
34264,33321.23
34263,48083.71
34262,37325.39
34261,16088.95
34260,21543.94
34259,32142.22
34258,33436.06
34257,40279.09
34256,65923.84
34255,49306.98
34254,1379.44
34253,22084.34
34252,22667.58
34251,27516.16
34250,36492.84
34249,51328.45
34248,36254.93
34247,20567.11
34246,21704.2
34245,22622.72
34244,38882.91
34243,48080.75
34242,66984.95
34241,50852.16
34240,31687.72
34239,16776.37
34238,36431.49
34237,31682.51
34236,467.35
34235,80317.82
34234,41244.27
34233,24788.37
34232,25337.81
34231,25395.09
34230,38908.29
34229,45489.04
34228,72380.06
34227,40278.71
34226,19677.33
34225,28647.4
34224,23069.72
34223,30851.46
34222,63299.09
34221,72336.08
34220,51559.39
34219,28644.55
34218,33612.6
34217,37008.33
34216,34152.46
34215,46784.06
34214,64289.44
34213,52705.56
34212,20226.49
34211,28334.18
34210,26009.41
34209,138.74
34208,44216.66
34207,61738.24
34206,44047.99
34205,53221.01
34204,21569.28
34203,26100.69
34202,34386.97
34201,40301.12
34200,46404.69
34199,39570.44
34198,25074.49
34197,41100.04
34196,38403.5
34195,37721.76
34194,49764.32
34193,72906.97
34192,52718.71
34191,34566.23
34190,34910.03
34189,31038.74
34188,43095.46
34187,57389.24
34186,59485.53
34185,51302.44
34184,23429.38
34183,19122.34
34182,29041.12
34181,22671.12
34180,43454.1
34179,44235.64
34178,41889.46
34177,25631.11
34176,21713.77
34175,24405.55
34174,32023.44
34173,31939.03
34172,42201.86
34171,35453.15
34170,26376.21
