131025,27128.73
131024,56063.23
131023,49575.54
131022,17247.43
131021,18069.55
131020,15765.17
131019,17243.18
131018,844.21
131017,33291.01
131016,25321.67
131015,11254.48
131014,15054.12
131013,14652.88
131012,26792.23
131011,33834.81
131010,43128.53
131009,31542.52
131008,33513.06
131007,21704.01
131006,23319.34
131005,20244.88
131004,24328.59
131003,46456.59
131002,43821.8
131001,14214.55
131000,14608.23
130999,13962.13
130998,14066.53
130997,32562.25
130996,50389.23
130995,30413.34
130994,20211.97
130993,19293.39
130992,25140.84
130991,22761.56
130990,27895.0
130989,40717.28
130988,25689.34
130987,18465.5
130986,16136.15
130985,22383.2
130984,39878.56
130983,52566.98
130982,70528.29
130981,48081.37
130980,39442.21
130979,21568.91
130978,32082.5
130977,25807.14
130976,39943.65
130975,56992.52
130974,51252.16
130973,20519.92
130972,19289.35
130971,18281.78
130970,13555.81
130969,25558.97
130968,50354.27
130967,34308.47
130966,31324.65
130965,17076.15
130964,18269.19
130963,46754.38
130962,43793.21
130961,67845.9
130960,64090.77
130959,41914.15
130958,46062.73
130957,64069.25
130956,28614.73
130955,34025.52
130954,58091.48
130953,49201.72
130952,20291.08
130951,21859.76
130950,45836.07
130949,37053.17
130948,45774.25
130947,74282.82
130946,50394.42
130945,38836.14
130944,46626.81
130943,58551.0
130942,37500.82
130941,60408.34
130940,85065.63
130939,20334.46
130938,23059.28
130937,21817.24
130936,23206.2
130935,34651.46
130934,46736.22
130933,30305.47
130932,412.24
130931,13377.07
130930,34748.09
130929,32936.89
130928,41712.64
130927,56472.54
130926,51056.96
130925,13051.3
130924,914.2
130923,716.06
130922,226.62
130921,35236.29
130920,45015.89
130919,40934.3
130918,812.78
130917,21742.32
130916,23234.43
130915,53216.26
130914,53129.08
130913,73904.69
130912,48740.97
130911,33060.68
130910,39079.52
130909,40320.23
130908,35128.79
130907,50601.52
130906,76935.91
130905,39091.04
130904,23928.46
130903,29012.22
130902,34981.97
130901,48754.28
130900,55985.91
130899,83476.36
130898,52844.47
130897,18800.13
130896,21520.27
130895,22642.05
130894,23549.29
130893,54143.9
130892,69608.74
130891,49770.32
130890,34376.45
130889,35363.54
130888,39483.63
130887,36229.54
130886,47606.69
130885,69629.49
130884,56808.23
130883,21915.88
130882,24177.14
130881,30705.77
130880,48294.98
130879,51290.54
130878,62162.84
130877,52836.5
130876,57386.26
130875,29779.74
130874,29727.46
130873,44680.51
130872,43241.8
130871,52179.12
130870,45647.16
130869,21208.74
130868,48134.14
130867,48196.77
130866,41613.42
130865,46539.45
130864,62264.99
130863,53420.0
130862,34820.56
130861,34923.64
130860,38801.39
130859,44150.41
130858,53920.3
130857,63197.52
130856,53954.47
130855,27305.92
130854,42197.21
130853,30686.37
130852,32326.15
130851,45442.35
130850,47939.93
130849,50528.48
130848,23994.34
130847,21706.8
130846,30876.53
130845,34976.19
130844,37737.73
130843,36719.06
130842,28582.69
130841,26259.21
