139652,21826.01
139651,34122.04
139650,28435.77
139649,12528.99
139648,12100.63
139647,11909.83
139646,10223.32
139645,406.91
139644,21844.01
139643,20357.51
139642,9784.34
139641,10526.41
139640,7476.47
139639,19347.59
139638,19566.59
139637,26243.48
139636,19767.21
139635,19386.71
139634,8966.77
139633,14637.76
139632,16300.55
139631,14888.46
139630,24477.05
139629,24946.39
139628,11070.36
139627,10017.13
139626,10059.04
139625,12207.83
139624,18823.36
139623,29140.78
139622,20299.99
139621,13478.2
139620,12667.07
139619,17110.39
139618,18644.22
139617,23148.04
139616,30932.37
139615,19411.59
139614,14786.47
139613,14160.81
139612,17311.99
139611,32364.51
139610,35309.23
139609,54371.02
139608,37587.89
139607,34982.36
139606,16844.59
139605,20372.11
139604,15043.68
139603,23929.79
139602,35307.54
139601,31718.08
139600,13947.12
139599,13772.1
139598,12041.79
139597,15395.12
139596,20586.41
139595,25841.62
139594,26750.87
139593,19434.61
139592,12313.5
139591,11567.12
139590,30851.54
139589,29842.1
139588,42326.68
139587,39794.32
139586,17810.28
139585,28271.07
139584,36371.02
139583,21468.84
139582,22694.98
139581,33353.01
139580,29361.26
139579,13317.57
139578,11415.26
139577,21315.71
139576,25946.06
139575,30557.34
139574,40522.02
139573,34973.95
139572,20957.13
139571,23773.64
139570,25244.05
139569,30817.61
139568,36719.97
139567,60417.33
139566,-28.69
139565,18679.64
139564,14595.19
139563,19765.59
139562,18352.34
139561,29951.94
139560,34960.88
139559,30983.65
139558,289.69
139557,14852.45
139556,26611.79
139555,25692.81
139554,32569.88
139553,45375.92
139552,46362.15
139551,18230.3
139550,13110.35
139549,15953.69
139548,17479.71
139547,21115.78
139546,31545.23
139545,28793.43
139544,15498.54
139543,13760.62
139542,15865.07
139541,32128.11
139540,29424.5
139539,45653.79
139538,32362.72
139537,19996.59
139536,21939.25
139535,20253.3
139534,23897.64
139533,1278.37
139532,50349.31
139531,32414.12
139530,19666.91
139529,19903.71
139528,21880.24
139527,28163.36
139526,39438.21
139525,59626.56
139524,39611.33
139523,15701.68
139522,11349.42
139521,15004.59
139520,17885.87
139519,37918.34
139518,43265.64
139517,33133.68
139516,24142.54
139515,21431.34
139514,23829.89
139513,25203.28
139512,33434.0
139511,41788.92
139510,46099.44
139509,17182.18
139508,15712.4
139507,23532.13
139506,415.01
139505,38195.67
139504,41457.31
139503,31780.15
139502,43832.32
139501,18075.1
139500,20806.24
139499,25786.34
139498,27583.97
139497,38511.66
139496,30584.61
139495,19356.89
139494,29754.04
139493,22589.35
139492,27075.15
139491,34075.07
139490,44933.06
139489,35282.38
139488,21744.71
139487,20784.3
139486,21765.66
139485,29012.87
139484,38386.72
139483,45710.86
139482,37807.53
139481,15885.51
139480,17225.33
139479,17390.05
139478,26712.33
139477,28329.58
139476,30202.38
139475,31567.63
139474,15387.05
139473,10973.32
139472,15232.22
139471,19914.49
139470,24214.03
139469,30272.6
139468,30005.99
139467,18249.82
