62742,25672.0
62741,55659.83
62740,47965.88
62739,21800.65
62738,21925.65
62737,21578.63
62736,23332.33
62735,1608.91
62734,38214.87
62733,28943.32
62732,20947.31
62731,17148.59
62730,15825.57
62729,35074.23
62728,34138.15
62727,48033.45
62726,43892.1
62725,41783.68
62724,23073.08
62723,29212.24
62722,29729.25
62721,30518.23
62720,5618.13
62719,30234.63
62718,21817.42
62717,22539.68
62716,20611.15
62715,21297.2
62714,28992.78
62713,49420.7
62712,36277.38
62711,23220.93
62710,17706.01
62709,21829.42
62708,25094.8
62707,18596.05
62706,52846.06
62705,36081.73
62704,15243.17
62703,22252.29
62702,21951.75
62701,45304.48
62700,51820.54
62699,69399.62
62698,48073.28
62697,36839.36
62696,24133.17
62695,31774.12
62694,26544.86
62693,33231.27
62692,57134.76
62691,47310.88
62690,24499.09
62689,16545.49
62688,19342.62
62687,20844.87
62686,31746.33
62685,56417.37
62684,41787.23
62683,30106.92
62682,22315.99
62681,28154.01
62680,39572.11
62679,42914.2
62678,79628.82
62677,65398.79
62676,37575.86
62675,43126.13
62674,60976.12
62673,35049.32
62672,40725.53
62671,73713.08
62670,66872.86
62669,20360.02
62668,26359.08
62667,41417.39
62666,33042.19
62665,45124.07
62664,78967.02
62663,58982.35
62662,30424.73
62661,36733.61
62660,48880.08
62659,38872.44
62658,68589.43
62657,85527.97
62656,-59.99
62655,25069.43
62654,25738.05
62653,32105.0
62652,31870.04
62651,33737.35
62650,61504.6
62649,49313.17
62648,1464.61
62647,31762.1
62646,36953.34
62645,40825.27
62644,47764.64
62643,67832.66
62642,61421.82
62641,23791.95
62640,2005.47
62639,1428.95
62638,442.35
62637,31587.12
62636,49542.92
62635,44402.66
62634,1716.31
62633,23423.71
62632,27057.35
62631,47630.35
62630,53689.02
62629,79640.82
62628,67208.5
62627,37490.86
62626,40440.28
62625,40723.9
62624,40216.51
62623,51323.94
62622,76398.84
62621,52777.14
62620,32105.71
62619,34962.34
62618,43914.55
62617,49331.39
62616,61923.58
62615,101431.82
62614,66024.12
62613,25832.22
62612,32677.03
62611,33582.4
62610,31000.51
62609,47040.02
62608,78249.15
62607,64428.07
62606,36817.97
62605,42068.67
62604,46076.04
62603,44476.07
62602,50649.04
62601,77566.07
62600,74851.85
62599,27194.76
62598,32686.28
62597,40697.29
62596,41240.13
62595,56725.06
62594,83622.51
62593,67062.75
62592,84115.55
62591,36910.02
62590,33163.42
62589,43462.66
62588,43465.36
62587,62535.69
62586,62919.36
62585,30987.3
62584,49651.14
62583,53379.22
62582,50055.71
62581,52423.6
62580,91620.47
62579,76654.64
62578,48045.14
62577,48660.55
62576,45886.84
62575,54413.1
62574,68691.91
62573,91619.02
62572,71002.44
62571,32569.59
62570,34731.02
62569,36519.12
62568,37420.22
62567,50010.71
62566,56037.58
62565,56186.15
62564,31617.98
62563,24385.63
62562,34704.66
62561,39495.9
62560,41685.99
62559,62059.15
62558,46157.97
62557,43620.7
