128726,40512.06
128725,66407.77
128724,54591.2
128723,20202.75
128722,19047.4
128721,21947.52
128720,21273.23
128719,1228.73
128718,41879.75
128717,26668.98
128716,13025.69
128715,15445.2
128714,16859.22
128713,31552.79
128712,36928.59
128711,43153.11
128710,45820.24
128709,37056.92
128708,24775.84
128707,27360.13
128706,26310.32
128705,30298.71
128704,38821.54
128703,26100.76
128702,17950.51
128701,15527.0
128700,22259.47
128699,19713.17
128698,29877.27
128697,57189.87
128696,40507.25
128695,21513.53
128694,21219.84
128693,21235.81
128692,28289.65
128691,9321.69
128690,47764.95
128689,39832.04
128688,9347.82
128687,21571.78
128686,25658.2
128685,45882.78
128684,52138.01
128683,91501.49
128682,42158.32
128681,53438.9
128680,26593.04
128679,37042.16
128678,28282.73
128677,44131.75
128676,71604.9
128675,48603.27
128674,21291.34
128673,21139.59
128672,22315.52
128671,20857.8
128670,39751.51
128669,59307.77
128668,40282.9
128667,32161.4
128666,22358.97
128665,20830.66
128664,53007.19
128663,55822.8
128662,95457.61
128661,77970.04
128660,38223.99
128659,43650.91
128658,59167.43
128657,33153.18
128656,49085.48
128655,69471.85
128654,57496.82
128653,26249.71
128652,24179.07
128651,49191.59
128650,39498.78
128649,50261.13
128648,94654.47
128647,66677.06
128646,29850.72
128645,39905.39
128644,52572.93
128643,42670.02
128642,67708.33
128641,100042.81
128640,-15.39
128639,21213.83
128638,27106.17
128637,27213.07
128636,30874.2
128635,34384.36
128634,64186.56
128633,50493.55
128632,1300.9
128631,25492.09
128630,35733.78
128629,30870.56
128628,54846.59
128627,82837.49
128626,68664.51
128625,25191.43
128624,2320.55
128623,1140.55
128622,155.4
128621,40806.16
128620,60117.21
128619,46216.02
128618,784.54
128617,27547.79
128616,27074.57
128615,51499.41
128614,66179.7
128613,85055.78
128612,60935.2
128611,36447.03
128610,32366.29
128609,39753.03
128608,42307.2
128607,57371.93
128606,87572.92
128605,52714.4
128604,28797.37
128603,31889.58
128602,35598.81
128601,44986.28
128600,58181.32
128599,91459.07
128598,57464.69
128597,28464.8
128596,23375.33
128595,33176.86
128594,36233.71
128593,65419.09
128592,87673.12
128591,73352.72
128590,44809.4
128589,42335.73
128588,49476.96
128587,49148.42
128586,58329.42
128585,77974.47
128584,83112.36
128583,32324.46
128582,35380.69
128581,41339.8
128580,54032.76
128579,68135.02
128578,85939.76
128577,54773.98
128576,91042.68
128575,30937.81
128574,40748.05
128573,47211.07
128572,52085.83
128571,63751.29
128570,61497.19
128569,28585.56
128568,49383.57
128567,54772.96
128566,50739.28
128565,55755.37
128564,78713.88
128563,72659.38
128562,40479.56
128561,43921.15
128560,46233.91
128559,54086.86
128558,67944.69
128557,85801.88
128556,54455.55
128555,32423.81
128554,35444.06
128553,34328.98
128552,39605.99
128551,52849.68
128550,55882.36
128549,59495.74
128548,26485.77
128547,24068.81
128546,34882.85
128545,36525.69
128544,45538.34
128543,54694.98
128542,39786.39
128541,30906.37
