173180,22115.95
173179,38503.22
173178,31144.12
173177,16841.66
173176,11897.13
173175,11389.66
173174,18484.9
173173,1096.1
173172,29515.61
173171,21312.7
173170,12702.29
173169,16448.49
173168,12715.68
173167,21673.7
173166,23331.4
173165,32818.17
173164,26153.66
173163,27519.1
173162,13178.0
173161,17513.08
173160,17978.27
173159,18026.57
173158,33999.41
173157,24138.64
173156,14683.86
173155,13357.42
173154,16333.47
173153,13769.75
173152,21982.98
173151,39470.82
173150,13150.96
173149,12991.27
173148,16184.94
173147,18043.63
173146,22739.16
173145,26382.95
173144,30688.38
173143,18131.77
173142,17700.03
173141,18072.1
173140,20297.92
173139,37234.48
173138,39878.08
173137,59230.27
173136,38148.2
173135,34895.61
173134,20695.72
173133,26986.9
173132,14615.07
173131,27817.27
173130,41898.39
173129,34798.13
173128,18799.8
173127,17769.67
173126,18467.97
173125,13898.46
173124,27192.13
173123,41271.77
173122,28015.06
173121,24399.67
173120,18643.77
173119,21358.16
173118,35739.09
173117,35176.19
173116,50963.35
173115,43020.51
173114,21481.92
173113,26948.91
173112,39731.72
173111,26564.42
173110,29903.5
173109,43927.52
173108,37734.06
173107,18853.96
173106,19286.09
173105,31185.16
173104,27227.24
173103,35256.47
173102,50599.51
173101,39919.47
173100,24640.7
173099,24695.44
173098,32165.31
173097,29797.62
173096,36085.27
173095,55834.66
173094,-5.09
173093,12827.16
173092,16098.87
173091,20272.89
173090,23098.62
173089,30267.17
173088,35987.49
173087,31911.95
173086,20632.59
173085,26553.6
173084,28208.31
173083,32684.29
173082,54812.2
173081,42573.62
173080,19386.27
173079,32000.63
173078,36593.68
173077,35696.28
173076,20995.1
173075,22677.58
173074,33550.54
173073,31679.08
173072,51560.54
173071,38795.38
173070,21861.33
173069,22879.82
173068,25408.89
173067,25766.99
173066,34938.02
173065,49593.87
173064,35592.63
173063,18698.54
173062,22045.5
173061,20060.42
173060,23613.73
173059,42457.7
173058,59601.42
173057,41196.03
173056,19721.78
173055,22627.2
173054,24122.67
173053,23393.13
173052,48453.35
173051,51877.31
173050,39926.56
173049,23363.87
173048,27883.67
173047,27705.48
173046,26415.56
173045,32674.58
173044,48297.13
173043,46188.41
173042,21074.73
173041,18285.04
173040,22699.93
173039,28041.69
173038,32896.69
173037,41274.31
173036,37114.62
173035,44596.3
173034,22604.6
173033,23693.56
173032,30715.64
173031,37385.13
173030,39844.83
173029,39122.97
173028,24978.66
173027,37063.27
173026,36824.54
173025,34892.99
173024,42239.67
173023,51553.86
173022,38611.61
173021,27481.27
173020,26443.56
173019,25653.47
173018,28593.48
173017,38585.76
173016,44909.35
173015,44765.13
173014,22609.16
173013,22642.55
173012,25415.03
173011,25990.63
173010,29363.15
173009,33432.09
173008,38658.95
173007,20104.19
173006,14561.18
173005,18627.38
173004,28260.04
173003,33071.78
173002,36311.01
173001,26662.56
173000,21280.43
