3267,39578.03
3266,65716.51
3265,62199.72
3264,17713.69
3263,22891.48
3262,18363.08
3261,22539.21
3260,1786.04
3259,42066.67
3258,27881.27
3257,17266.99
3256,18223.41
3255,16234.07
3254,46566.6
3253,45354.9
3252,68918.92
3251,43624.85
3250,41240.8
3249,23080.86
3248,33360.71
3247,32067.51
3246,35597.07
3245,65029.27
3244,54201.2
3243,16073.54
3242,15829.62
3241,20884.26
3240,22290.09
3239,38219.65
3238,53488.04
3237,38599.75
3236,25723.96
3235,18576.78
3234,27450.36
3233,31937.41
3232,35573.0
3231,57324.9
3230,37517.82
3229,18002.27
3228,20534.89
3227,29512.85
3226,55798.34
3225,63159.35
3224,101871.03
3223,63283.27
3222,49223.18
3221,32518.73
3220,45007.41
3219,31441.8
3218,52269.66
3217,84074.86
3216,61981.95
3215,20946.56
3214,22061.43
3213,26928.15
3212,25573.35
3211,42385.66
3210,66868.28
3209,43369.74
3208,38712.47
3207,17822.76
3206,23439.43
3205,60433.82
3204,71218.38
3203,103396.56
3202,91414.69
3201,52863.91
3200,61634.53
3199,91152.72
3198,35637.08
3197,52615.89
3196,76447.73
3195,67761.83
3194,24792.62
3193,25838.07
3192,56087.62
3191,50514.57
3190,51833.07
3189,100598.77
3188,86198.91
3187,45599.67
3186,56116.32
3185,52942.94
3184,42459.09
3183,88706.46
3182,116552.91
3181,-42.98
3180,28207.79
3179,18928.39
3178,19838.19
3177,27384.15
3176,40016.94
3175,47601.69
3174,47807.19
3173,18668.93
3172,23066.68
3171,54698.12
3170,43787.1
3169,64289.63
3168,100618.21
3167,83142.07
3166,3220.76
3165,23555.1
3164,21967.57
3163,29390.02
3162,35986.7
3161,53082.63
3160,51113.13
3159,23073.28
3158,23057.89
3157,25237.21
3156,62383.16
3155,60480.34
3154,85337.52
3153,70734.53
3152,45731.17
3151,42522.53
3150,45009.8
3149,46932.23
3148,2297.1
3147,99939.7
3146,50144.15
3145,31108.02
3144,31348.79
3143,47881.02
3142,65386.64
3141,70284.75
3140,106139.2
3139,72806.34
3138,21740.79
3137,20788.14
3136,22423.97
3135,29988.91
3134,65449.02
3133,81965.71
3132,66971.4
3131,33254.63
3130,42556.27
3129,45193.39
3128,46579.93
3127,57351.71
3126,78521.99
3125,89346.15
3124,30577.4
3123,40416.59
3122,40072.47
3121,1128.57
3120,66601.9
3119,76822.27
3118,60673.13
3117,64053.46
3116,28870.29
3115,40322.47
3114,40827.77
3113,44870.0
3112,70274.81
3111,52923.5
3110,28429.09
3109,68177.03
3108,63802.21
3107,57256.58
3106,75346.89
3105,96445.52
3104,70909.5
3103,49491.82
3102,49850.21
3101,50813.1
3100,59328.49
3099,72070.06
3098,83194.52
3097,80865.66
3096,28001.69
3095,29659.67
3094,26935.92
3093,39317.36
3092,55956.15
3091,52241.17
3090,66291.81
3089,31561.0
3088,22926.81
3087,32790.01
3086,38835.64
3085,38132.71
3084,48463.27
3083,39572.57
3082,27155.55
