192323,21017.69
192322,27403.83
192321,27447.9
192320,12230.55
192319,13927.73
192318,13789.5
192317,13636.76
192316,761.7
192315,18750.76
192314,14673.69
192313,13826.1
192312,14849.95
192311,11830.4
192310,23855.75
192309,18936.48
192308,29817.81
192307,27922.74
192306,22624.51
192305,18688.54
192304,19180.52
192303,15982.47
192302,15750.74
192301,27961.95
192300,22545.65
192299,12119.35
192298,8267.88
192297,12750.74
192296,13032.87
192295,23491.59
192294,30812.04
192293,17161.07
192292,15041.42
192291,15595.31
192290,17084.4
192289,15014.03
192288,19650.48
192287,27186.74
192286,20714.92
192285,15881.59
192284,19119.46
192283,21323.44
192282,35243.75
192281,43201.11
192280,57814.39
192279,32281.58
192278,28943.84
192277,24037.19
192276,27976.72
192275,16948.74
192274,30160.21
192273,41040.35
192272,24917.12
192271,15525.84
192270,14577.93
192269,16270.63
192268,15527.39
192267,21070.91
192266,30656.63
192265,21097.89
192264,22020.87
192263,17580.09
192262,19633.21
192261,37247.86
192260,41315.68
192259,49195.64
192258,37330.15
192257,31347.46
192256,35156.03
192255,40922.61
192254,25080.94
192253,26457.99
192252,36048.31
192251,32883.87
192250,17861.12
192249,18809.25
192248,33229.66
192247,29679.22
192246,37587.5
192245,44111.87
192244,37422.24
192243,32039.73
192242,29831.46
192241,34669.56
192240,28508.69
192239,37281.12
192238,53027.76
192237,18623.67
192236,19966.0
192235,19775.96
192234,20330.69
192233,23556.69
192232,33002.98
192231,24434.27
192230,15623.57
192229,18205.67
192228,31895.71
192227,29565.11
192226,31885.92
192225,40266.47
192224,36598.94
192223,1036.31
192222,16681.2
192221,16205.69
192220,18300.23
192219,22410.96
192218,28566.8
192217,29305.18
192216,13928.23
192215,13093.12
192214,17895.84
192213,35097.4
192212,31591.17
192211,40091.38
192210,31656.72
192209,24283.78
192208,25908.52
192207,28666.23
192206,28055.57
192205,789.66
192204,42863.4
192203,33746.73
192202,24924.53
192201,22413.22
192200,21450.88
192199,38486.0
192198,35808.24
192197,52749.98
192196,34429.79
192195,18661.84
192194,13515.4
192193,18328.1
192192,17459.57
192191,37802.01
192190,39158.29
192189,31071.91
192188,22661.3
192187,25372.84
192186,29076.22
192185,22182.4
192184,30636.0
192183,43426.96
192182,33546.44
192181,19477.48
192180,15914.65
192179,17831.64
192178,105.75
192177,26222.66
192176,37684.82
192175,26042.76
192174,34918.77
192173,14207.0
192172,16855.55
192171,24121.61
192170,23035.33
192169,27679.87
192168,24663.68
192167,13170.01
192166,30237.27
192165,28236.27
192164,26000.23
192163,28507.77
192162,40522.03
192161,24848.86
192160,23576.76
192159,22753.85
192158,23210.34
192157,27270.96
192156,34806.75
192155,40237.32
192154,34475.48
192153,15867.36
192152,14679.0
192151,16959.07
192150,21370.87
192149,25327.45
192148,26504.31
192147,27365.6
192146,18459.39
192145,12595.15
192144,15401.63
192143,18804.34
192142,19107.15
192141,30879.99
192140,27286.33
192139,22250.94
