20707,29269.71
20706,40671.57
20705,28050.91
20704,13770.24
20703,13652.73
20702,13687.13
20701,14917.74
20700,694.03
20699,29257.7
20698,15879.56
20697,7471.35
20696,9741.58
20695,9378.0
20694,16729.19
20693,20776.85
20692,37735.85
20691,12374.74
20690,25838.64
20689,16897.82
20688,15601.16
20687,16668.79
20686,9925.38
20685,701.4
20684,14251.84
20683,15520.28
20682,12137.61
20681,12579.37
20680,11643.08
20679,23621.62
20678,45228.81
20677,20339.23
20676,12352.03
20675,14435.19
20674,13971.32
20673,14823.8
20672,22076.22
20671,37947.54
20670,19000.75
20669,11572.9
20668,12097.31
20667,17841.15
20666,32733.78
20665,42509.7
20664,62902.94
20663,38120.44
20662,10635.47
20661,15838.52
20660,22960.7
20659,17116.98
20658,31005.84
20657,51850.88
20656,29880.83
20655,14115.9
20654,13637.72
20653,10332.78
20652,13342.96
20651,19692.51
20650,43993.23
20649,22335.41
20648,19004.3
20647,14254.49
20646,14386.78
20645,37638.72
20644,32213.1
20643,64619.61
20642,38699.33
20641,23135.65
20640,27714.24
20639,33847.18
20638,22905.26
20637,34111.31
20636,56825.72
20635,41258.32
20634,15701.34
20633,16313.37
20632,29309.66
20631,28953.95
20630,37329.24
20629,66582.69
20628,32419.01
20627,23126.05
20626,29575.36
20625,27942.4
20624,30275.33
20623,51694.4
20622,65984.12
20621,-10.61
20620,23258.22
20619,14224.99
20618,16593.91
20617,21916.71
20616,27322.57
20615,44210.23
20614,23265.16
20613,1376.01
20612,11782.91
20611,22743.99
20610,21764.53
20609,31410.57
20608,57752.3
20607,37107.11
20606,15486.64
20605,671.06
20604,802.05
20603,208.11
20602,23289.84
20601,37768.0
20600,25191.33
20599,496.59
20598,13932.31
20597,13979.3
20596,28423.35
20595,35220.63
20594,58641.11
20593,32942.74
20592,21606.68
20591,27409.46
20590,23791.5
20589,23950.6
20588,34536.01
20587,58345.9
20586,27805.11
20585,17225.87
20584,18047.15
20583,23231.08
20582,28854.76
20581,35422.21
20580,64927.77
20579,35315.27
20578,12863.96
20577,18264.43
20576,18224.13
20575,16142.23
20574,38973.38
20573,47897.18
20572,40127.06
20571,21605.17
20570,22540.19
20569,26047.67
20568,21292.49
20567,30518.94
20566,59468.61
20565,38915.0
20564,18518.72
20563,19608.02
20562,16874.09
20561,28548.74
20560,34342.9
20559,46861.46
20558,35240.31
20557,52106.28
20556,18344.47
20555,24209.79
20554,25202.24
20553,32986.11
20552,39626.28
20551,34825.51
20550,17253.24
20549,30708.44
20548,29733.81
20547,32237.16
20546,38081.13
20545,52083.47
20544,31241.64
20543,24866.07
20542,25910.52
20541,28881.63
20540,30183.15
20539,41294.04
20538,51009.93
20537,27987.73
20536,16472.63
20535,14871.73
20534,16467.76
20533,19978.22
20532,30120.11
20531,33010.19
20530,31232.39
20529,14278.39
20528,13449.52
20527,17868.05
20526,25963.56
20525,27596.57
20524,32825.94
20523,27419.4
20522,22412.99
