11682,32387.36
11681,56359.21
11680,36831.9
11679,16143.13
11678,16011.79
11677,13932.02
11676,15315.55
11675,774.32
11674,36720.29
11673,13240.04
11672,8452.64
11671,10455.73
11670,11391.49
11669,24596.34
11668,25990.88
11667,34993.35
11666,23833.23
11665,24303.03
11664,18982.29
11663,13632.08
11662,19076.39
11661,23452.85
11660,42069.44
11659,27047.13
11658,10833.12
11657,11240.77
11656,14642.73
11655,14416.51
11654,29909.06
11653,43840.98
11652,25444.52
11651,19048.88
11650,18407.72
11649,18294.81
11648,21835.45
11647,32168.17
11646,49985.31
11645,27451.54
11644,16090.85
11643,14874.1
11642,25033.14
11641,49828.06
11640,57121.07
11639,83842.91
11638,39249.01
11637,31659.06
11636,27306.26
11635,37642.52
11634,24413.43
11633,43283.54
11632,59070.33
11631,38983.86
11630,18262.4
11629,16838.89
11628,13411.18
11627,14011.11
11626,31088.9
11625,58369.1
11624,31146.23
11623,26075.44
11622,16539.67
11621,20589.56
11620,38387.08
11619,53633.39
11618,76778.75
11617,57911.35
11616,36675.17
11615,42960.63
11614,56682.46
11613,27154.77
11612,35514.91
11611,58882.09
11610,40356.89
11609,20981.4
11608,19452.35
11607,44519.78
11606,37475.67
11605,43180.02
11604,65882.64
11603,38530.07
11602,29234.7
11601,37100.93
11600,42132.81
11599,31459.69
11598,52676.24
11597,70788.86
11596,19503.72
11595,18140.01
11594,19539.54
11593,20742.92
11592,33994.82
11591,42627.17
11590,30129.18
11589,765.81
11588,13304.87
11587,37544.26
11586,27291.73
11585,42240.21
11584,61826.66
11583,40730.9
11582,14480.94
11581,16716.71
11580,18197.89
11579,21937.55
11578,29125.9
11577,39286.18
11576,31352.33
11575,19843.71
11574,21157.45
11573,22573.19
11572,43698.44
11571,48709.62
11570,59476.91
11569,43363.55
11568,26044.7
11567,29637.53
11566,32482.7
11565,31610.17
11564,697.89
11563,58852.61
11562,36777.25
11561,20143.07
11560,26005.61
11559,20760.88
11558,38954.68
11557,49901.21
11556,67932.99
11555,43965.92
11554,17017.89
11553,17646.13
11552,20733.94
11551,18426.8
11550,48329.35
11549,60479.95
11548,36671.76
11547,28020.75
11546,28081.58
11545,30875.98
11544,30321.32
11543,36114.21
11542,61861.1
11541,40340.17
11540,17217.15
11539,22820.99
11538,26065.52
11537,290.27
11536,47283.13
11535,53668.46
11534,31844.55
11533,39871.87
11532,20810.6
11531,27002.05
11530,31586.68
11529,42508.38
11528,53381.84
11527,36706.39
11526,21819.8
11525,39915.28
11524,40573.22
11523,33466.58
11522,49980.45
11521,57015.96
11520,38320.99
11519,29957.0
11518,31804.59
11517,32065.64
11516,38558.99
11515,54743.72
11514,54617.1
11513,40888.66
11512,20844.61
11511,23541.54
11510,24056.7
11509,27921.2
11508,40309.53
11507,36784.29
11506,38066.01
11505,17920.37
11504,15387.42
11503,19492.26
11502,24042.98
11501,37605.97
11500,34461.63
11499,26423.11
11498,27112.72
