220244,19120.07
220243,25838.48
220242,19708.6
220241,11649.39
220240,9537.98
220239,8641.12
220238,9302.92
220237,489.66
220236,16787.4
220235,12682.16
220234,8099.7
220233,6684.91
220232,6118.87
220231,14172.21
220230,13619.4
220229,20806.06
220228,15124.33
220227,19025.28
220226,12231.95
220225,10809.93
220224,8773.11
220223,8579.14
220222,17146.98
220221,12446.48
220220,8409.36
220219,7084.69
220218,8428.54
220217,7983.31
220216,16095.37
220215,25598.13
220214,15605.06
220213,11444.09
220212,10719.56
220211,11379.26
220210,9987.25
220209,17253.93
220208,27671.9
220207,8265.99
220206,9179.19
220205,8689.96
220204,14025.9
220203,24397.67
220202,22881.22
220201,42857.05
220200,26499.41
220199,19633.78
220198,13758.23
220197,14290.24
220196,11908.3
220195,22174.02
220194,28279.47
220193,17541.74
220192,11138.91
220191,9221.62
220190,8934.67
220189,10236.69
220188,17826.54
220187,31999.77
220186,14946.87
220185,15668.42
220184,15306.1
220183,11833.23
220182,21728.66
220181,23331.22
220180,43027.7
220179,24004.06
220178,17241.18
220177,17144.31
220176,25164.79
220175,21715.85
220174,23642.72
220173,36971.21
220172,31975.84
220171,16790.33
220170,15398.75
220169,26566.72
220168,18932.69
220167,23542.12
220166,43714.79
220165,23731.63
220164,17492.41
220163,19555.46
220162,19052.63
220161,22095.87
220160,38633.77
220159,44644.96
220158,16089.06
220157,11284.52
220156,13057.54
220155,16550.96
220154,18040.15
220153,30144.18
220152,17585.95
220151,12045.51
220150,9364.23
220149,23750.25
220148,19388.27
220147,26459.49
220146,36418.78
220145,26003.31
220144,1022.05
220143,9771.24
220142,13380.34
220141,10352.17
220140,16661.54
220139,25817.46
220138,17354.59
220137,13850.35
220136,11588.89
220135,9089.51
220134,15804.5
220133,21028.34
220132,34844.03
220131,19999.73
220130,17809.79
220129,15147.89
220128,14750.75
220127,16848.54
220126,736.13
220125,31585.72
220124,25080.31
220123,13199.64
220122,15272.66
220121,16455.59
220120,20667.39
220119,28376.73
220118,41137.99
220117,24722.31
220116,11167.91
220115,13703.48
220114,15184.31
220113,15003.7
220112,27840.13
220111,32465.45
220110,27084.98
220109,13221.29
220108,14258.36
220107,14082.74
220106,15997.81
220105,21682.51
220104,34927.42
220103,24058.29
220102,10981.2
220101,11874.36
220100,11935.1
220099,19054.05
220098,24480.98
220097,33317.49
220096,26121.67
220095,27076.67
220094,11735.94
220093,10142.04
220092,15834.7
220091,18601.81
220090,28772.9
220089,23127.27
220088,13066.62
220087,16838.56
220086,17210.11
220085,21289.01
220084,23256.93
220083,27791.19
220082,22121.82
220081,14937.48
220080,15111.64
220079,14600.82
220078,16683.02
220077,20046.07
220076,26301.53
220075,19907.87
220074,10983.74
220073,12466.9
220072,15297.49
220071,12828.18
220070,19981.75
220069,21293.19
220068,20595.79
220067,10140.75
220066,8632.74
220065,10704.2
220064,13309.18
220063,17196.46
220062,21873.43
220061,17865.39
220060,15279.67
