146736,29658.25
146735,35724.78
146734,28076.55
146733,11171.72
146732,12199.74
146731,12378.57
146730,15161.5
146729,790.97
146728,28153.23
146727,18198.87
146726,10554.81
146725,10771.03
146724,11224.17
146723,16640.13
146722,21756.42
146721,27990.34
146720,17136.7
146719,21664.91
146718,13882.29
146717,13173.54
146716,13275.11
146715,16558.23
146714,27478.27
146713,20787.69
146712,11984.62
146711,10994.03
146710,10742.19
146709,10713.11
146708,22623.59
146707,31229.79
146706,19775.68
146705,14903.96
146704,13842.29
146703,15040.76
146702,15521.13
146701,25912.74
146700,30940.11
146699,16630.09
146698,13901.44
146697,14663.06
146696,17560.47
146695,25458.4
146694,35973.96
146693,56201.75
146692,30944.05
146691,28444.13
146690,17262.52
146689,20338.97
146688,16355.73
146687,27459.03
146686,41578.41
146685,29137.66
146684,14684.64
146683,14566.24
146682,17381.88
146681,15421.73
146680,19815.37
146679,34937.84
146678,30393.72
146677,20832.64
146676,14500.8
146675,16246.62
146674,29137.86
146673,30169.9
146672,43853.54
146671,41990.41
146670,19625.85
146669,22901.98
146668,34507.96
146667,20125.77
146666,23602.78
146665,40524.67
146664,26935.72
146663,14232.33
146662,20504.28
146661,26875.19
146660,22872.37
146659,28318.83
146658,41610.46
146657,31951.75
146656,20905.24
146655,22036.03
146654,26255.66
146653,24014.06
146652,34537.11
146651,55365.1
146650,17158.06
146649,17737.29
146648,18921.34
146647,21759.32
146646,30189.82
146645,33984.78
146644,28727.88
146643,20987.81
146642,19074.16
146641,26460.71
146640,26251.41
146639,34853.09
146638,43098.59
146637,34770.83
146636,634.55
146635,16173.54
146634,20420.37
146633,19973.34
146632,22527.07
146631,29393.19
146630,26735.31
146629,18961.66
146628,18466.21
146627,19271.81
146626,28601.78
146625,35802.37
146624,48288.95
146623,35329.35
146622,19677.15
146621,24812.76
146620,21752.06
146619,23811.76
146618,7.0
146617,46360.82
146616,33831.12
146615,19397.5
146614,21984.89
146613,22470.62
146612,27575.17
146611,39107.71
146610,49133.47
146609,30666.99
146608,18395.59
146607,20460.22
146606,18829.15
146605,21975.73
146604,40027.24
146603,44026.12
146602,31484.95
146601,20609.62
146600,22821.45
146599,23495.92
146598,20774.08
146597,32621.52
146596,38923.94
146595,35144.97
146594,17140.45
146593,15920.66
146592,16490.17
146591,319.85
146590,26848.37
146589,39229.89
146588,28033.86
146587,33539.25
146586,15976.6
146585,14956.81
146584,20109.86
146583,30607.58
146582,36693.38
146581,29798.52
146580,21814.6
146579,29575.15
146578,30312.24
146577,29715.71
146576,37794.81
146575,46333.2
146574,34018.59
146573,22683.5
146572,23479.69
146571,25476.59
146570,27545.99
146569,35168.09
146568,41258.33
146567,33004.41
146566,18904.9
146565,18497.18
146564,23258.63
146563,21917.91
146562,30152.8
146561,27705.37
146560,31466.11
146559,18517.07
146558,15160.97
146557,20641.78
146556,26010.28
146555,28581.75
146554,33081.1
146553,27450.28
146552,19746.9
