113781,21112.53
113780,35206.7
113779,25870.91
113778,15463.37
113777,12642.35
113776,13559.78
113775,13625.53
113774,699.92
113773,23585.16
113772,26513.97
113771,12865.64
113770,13229.78
113769,11666.1
113768,17190.19
113767,24572.49
113766,32213.55
113765,23727.79
113764,28038.95
113763,15300.45
113762,17650.28
113761,13356.57
113760,15811.34
113759,32288.33
113758,18269.14
113757,10662.97
113756,10647.13
113755,12193.85
113754,13193.88
113753,25652.2
113752,33694.54
113751,14457.18
113750,4067.27
113749,5526.76
113748,13051.43
113747,14263.0
113746,15624.23
113745,26958.67
113744,15207.7
113743,12479.0
113742,20379.69
113741,21838.3
113740,33629.52
113739,42255.87
113738,61407.0
113737,34773.33
113736,32018.61
113735,21984.25
113734,23214.9
113733,16880.38
113732,29425.59
113731,42630.11
113730,30643.79
113729,17272.56
113728,14178.48
113727,13599.47
113726,16745.47
113725,20333.21
113724,32938.81
113723,23610.68
113722,21004.36
113721,14892.56
113720,16422.62
113719,24766.55
113718,33756.61
113717,48773.64
113716,38197.1
113715,23965.04
113714,30972.7
113713,34086.58
113712,21596.01
113711,27616.57
113710,38878.0
113709,35042.0
113708,17633.35
113707,22177.74
113706,31776.9
113705,28089.54
113704,22727.22
113703,48721.85
113702,34093.62
113701,25785.57
113700,25532.12
113699,24178.76
113698,24322.36
113697,31094.17
113696,33231.16
113695,17722.59
113694,14850.35
113693,16027.64
113692,18068.65
113691,22422.29
113690,35841.86
113689,23484.29
113688,1355.17
113687,16786.86
113686,26496.58
113685,26344.01
113684,31289.18
113683,42205.53
113682,37891.17
113681,15445.0
113680,16854.97
113679,17023.8
113678,19160.55
113677,22822.54
113676,17368.26
113675,24084.87
113674,16744.89
113673,14590.84
113672,14075.15
113671,32084.34
113670,33126.24
113669,47845.75
113668,33941.64
113667,23422.44
113666,18796.76
113665,23522.87
113664,20240.39
113663,610.77
113662,47020.95
113661,31741.48
113660,21531.34
113659,24317.12
113658,21469.32
113657,28473.71
113656,33879.09
113655,54141.31
113654,38453.61
113653,17036.13
113652,17873.86
113651,16253.92
113650,20978.6
113649,30433.46
113648,43558.05
113647,39007.49
113646,26336.1
113645,24647.4
113644,27695.17
113643,25786.22
113642,33961.15
113641,49405.64
113640,43805.57
113639,20364.24
113638,24503.98
113637,25182.25
113636,90.73
113635,26854.33
113634,36501.73
113633,33606.58
113632,35754.23
113631,21248.56
113630,18585.36
113629,25446.87
113628,25292.07
113627,34785.32
113626,30166.64
113625,20247.08
113624,29275.85
113623,27720.92
113622,30564.41
113621,30194.21
113620,43615.15
113619,36967.2
113618,23413.34
113617,29831.76
113616,32591.93
113615,30398.41
113614,36641.77
113613,44108.26
113612,35117.43
113611,18246.17
113610,19451.7
113609,18944.77
113608,24095.37
113607,26903.6
113606,27950.74
113605,34610.64
113604,17001.49
113603,11483.39
113602,17738.99
113601,17400.36
113600,23485.08
113599,29297.42
113598,23707.83
113597,16046.08
