149224,23844.59
149223,34043.09
149222,27996.01
149221,6416.05
149220,10652.06
149219,11913.15
149218,9535.74
149217,1240.2
149216,19518.33
149215,19319.8
149214,9973.96
149213,9402.37
149212,7477.66
149211,16399.87
149210,18397.25
149209,27848.49
149208,19168.92
149207,18823.71
149206,16404.13
149205,9828.63
149204,9593.48
149203,8059.66
149202,26366.15
149201,21535.46
149200,8019.34
149199,9066.82
149198,9848.39
149197,11236.38
149196,19874.06
149195,28505.18
149194,18792.77
149193,10674.07
149192,16020.25
149191,15020.77
149190,13352.91
149189,21966.34
149188,35306.51
149187,15453.5
149186,10834.05
149185,12795.51
149184,13939.04
149183,26444.81
149182,34343.29
149181,60512.67
149180,25299.09
149179,26311.57
149178,15643.85
149177,18957.39
149176,13205.7
149175,21168.01
149174,39753.68
149173,23130.53
149172,12097.78
149171,9289.76
149170,13221.83
149169,14053.65
149168,21453.8
149167,37371.83
149166,21745.16
149165,15786.85
149164,12160.67
149163,11737.52
149162,26960.76
149161,33222.85
149160,50796.85
149159,31998.94
149158,20712.1
149157,19820.86
149156,19771.64
149155,16919.84
149154,23284.28
149153,45092.5
149152,30255.72
149151,13334.53
149150,16735.27
149149,29654.44
149148,23169.33
149147,31847.36
149146,44877.19
149145,26741.03
149144,26005.67
149143,24213.53
149142,30317.3
149141,30435.17
149140,41084.27
149139,62069.13
149138,11593.65
149137,11356.14
149136,7273.72
149135,18127.69
149134,21086.39
149133,30804.97
149132,18791.15
149131,15130.98
149130,22406.48
149129,21749.09
149128,29919.48
149127,41710.17
149126,31063.77
149125,11842.07
149124,13048.18
149123,9228.9
149122,15411.13
149121,19283.18
149120,32055.05
149119,21361.75
149118,8254.67
149117,10538.83
149116,12965.24
149115,23195.64
149114,28118.62
149113,36969.81
149112,25257.1
149111,20331.73
149110,14408.74
149109,19582.53
149108,25174.72
149107,50601.8
149106,25877.59
149105,14822.53
149104,19201.6
149103,20107.39
149102,27621.83
149101,36451.47
149100,59159.21
149099,26797.18
149098,13973.34
149097,16191.41
149096,17358.26
149095,14532.38
149094,37297.26
149093,41124.28
149092,24965.74
149091,15875.21
149090,21749.27
149089,18339.01
149088,20655.41
149087,28780.89
149086,41857.03
149085,33119.13
149084,12517.33
149083,16593.32
149082,14529.76
149081,23845.37
149080,35090.54
149079,24070.06
149078,25337.84
149077,14132.59
149076,14683.03
149075,16950.28
149074,22041.18
149073,31215.0
149072,22497.5
149071,11382.54
149070,22627.94
149069,23182.41
149068,25122.1
149067,29097.66
149066,38407.29
149065,23522.34
149064,16425.71
149063,17859.07
149062,18546.65
149061,25477.65
149060,28440.71
149059,42100.08
149058,25238.78
149057,14876.4
149056,12166.63
149055,13524.6
149054,18120.16
149053,24796.71
149052,27050.2
149051,23023.76
149050,10421.24
149049,10170.79
149048,15079.32
149047,18048.69
149046,21308.89
149045,25719.63
149044,16477.37
149043,16987.28
