166876,14898.49
166875,21415.45
166874,19793.4
166873,4978.38
166872,6662.05
166871,10630.48
166870,11485.99
166869,647.4
166868,20758.76
166867,12873.2
166866,10238.78
166865,6899.35
166864,8404.45
166863,14758.93
166862,13831.17
166861,20622.73
166860,17872.78
166859,17641.63
166858,8168.59
166857,12194.98
166856,8706.72
166855,11728.91
166854,25057.32
166853,18974.67
166852,7132.99
166851,9154.91
166850,9691.47
166849,9130.09
166848,15485.05
166847,25599.51
166846,17088.68
166845,11027.53
166844,9423.62
166843,11311.98
166842,13210.23
166841,13864.02
166840,29376.42
166839,22660.95
166838,14380.06
166837,10756.21
166836,15592.9
166835,18067.1
166834,23167.27
166833,35684.91
166832,24365.87
166831,23994.11
166830,14443.27
166829,12395.63
166828,9635.95
166827,18370.51
166826,32430.0
166825,21381.0
166824,11686.58
166823,10085.62
166822,10400.84
166821,9810.49
166820,13243.5
166819,29431.86
166818,16523.8
166817,15670.02
166816,11517.41
166815,13256.37
166814,21068.64
166813,23376.81
166812,37740.43
166811,31769.86
166810,14490.78
166809,17258.28
166808,22243.33
166807,16298.85
166806,17555.95
166805,33907.3
166804,28933.53
166803,11007.76
166802,13790.16
166801,19417.78
166800,15838.51
166799,20229.72
166798,34621.95
166797,32255.4
166796,16492.33
166795,16667.68
166794,20878.97
166793,20441.27
166792,25085.68
166791,42289.29
166790,13043.23
166789,16293.58
166788,19746.76
166787,20622.03
166786,24220.35
166785,27650.58
166784,29497.6
166783,14.99
166782,17859.48
166781,20868.31
166780,17346.71
166779,25811.05
166778,41316.49
166777,32569.02
166776,10931.71
166775,16884.56
166774,32851.06
166773,28869.79
166772,1.7
166771,19615.28
166770,21870.92
166769,22576.38
166768,23468.07
166767,44151.79
166766,30618.24
166765,14164.15
166764,15951.59
166763,15230.91
166762,15808.38
166761,18217.94
166760,40586.88
166759,27414.67
166758,15124.27
166757,17745.64
166756,14918.69
166755,21347.72
166754,26425.03
166753,44839.87
166752,33496.23
166751,15766.52
166750,12346.22
166749,15741.01
166748,16228.82
166747,23928.49
166746,39624.45
166745,35484.19
166744,15786.15
166743,16983.73
166742,19321.35
166741,17527.94
166740,21600.73
166739,41897.09
166738,32338.6
166737,11228.15
166736,13534.72
166735,15467.39
166734,15480.3
166733,24080.76
166732,37444.35
166731,29518.82
166730,28219.24
166729,9764.22
166728,14768.01
166727,13672.66
166726,22678.72
166725,33501.97
166724,34082.41
166723,18246.97
166722,28747.71
166721,23639.65
166720,26530.08
166719,24807.18
166718,45947.88
166717,37532.43
166716,20728.44
166715,18310.72
166714,18142.31
166713,22902.68
166712,27512.61
166711,38701.81
166710,28251.81
166709,12680.32
166708,14198.14
166707,19958.94
166706,16596.52
166705,25925.98
166704,23870.97
166703,26982.36
166702,19208.69
166701,20407.16
166700,14824.93
166699,19078.28
166698,21252.87
166697,28500.72
166696,24514.91
166695,20068.31
