156130,15509.18
156129,29461.01
156128,23646.92
156127,5238.97
156126,4984.02
156125,7720.63
156124,7646.3
156123,579.19
156122,13592.7
156121,8551.99
156120,6529.24
156119,3115.15
156118,4282.48
156117,15587.09
156116,17470.99
156115,26904.97
156114,12920.29
156113,13645.98
156112,9639.06
156111,9516.96
156110,10549.59
156109,10157.82
156108,21130.08
156107,17420.32
156106,9860.71
156105,5880.93
156104,6611.23
156103,7003.38
156102,13605.16
156101,23125.36
156100,17844.86
156099,8589.56
156098,8690.64
156097,9494.35
156096,8973.48
156095,9726.25
156094,21924.51
156093,14456.53
156092,5613.55
156091,6307.09
156090,5936.41
156089,19229.42
156088,25798.46
156087,40771.75
156086,27883.78
156085,19435.62
156084,8156.17
156083,11662.55
156082,10331.1
156081,22609.62
156080,30781.37
156079,24897.94
156078,9614.49
156077,8132.23
156076,9417.52
156075,6731.01
156074,14159.68
156073,29768.3
156072,16137.43
156071,13601.88
156070,9052.69
156069,6793.41
156068,22821.28
156067,27146.38
156066,48013.45
156065,31700.96
156064,21608.72
156063,27881.48
156062,35912.72
156061,12223.99
156060,21226.89
156059,35340.38
156058,25255.41
156057,11032.37
156056,8571.25
156055,24142.53
156054,20662.02
156053,26665.59
156052,43444.59
156051,30873.28
156050,17787.11
156049,21953.21
156048,27244.19
156047,21087.41
156046,36180.17
156045,48822.77
156044,12189.96
156043,9277.92
156042,9818.69
156041,11258.83
156040,15773.63
156039,21930.5
156038,15221.9
156037,900.45
156036,9666.28
156035,19420.77
156034,16184.48
156033,24326.12
156032,28200.01
156031,24114.34
156030,8246.59
156029,706.31
156028,757.31
156027,78.18
156026,16600.88
156025,27199.82
156024,18983.68
156023,701.7
156022,12472.94
156021,12991.22
156020,29600.48
156019,29334.05
156018,43237.81
156017,27815.48
156016,15939.65
156015,20622.86
156014,23672.75
156013,20201.45
156012,26161.19
156011,40265.32
156010,25546.82
156009,13246.62
156008,14038.0
156007,15424.46
156006,22618.1
156005,28356.61
156004,39002.88
156003,20975.46
156002,10334.97
156001,10084.07
156000,10741.64
155999,12345.91
155998,30594.85
155997,41484.05
155996,26145.22
155995,17859.94
155994,16065.26
155993,18080.71
155992,16694.04
155991,24810.72
155990,33939.4
155989,29370.47
155988,8584.43
155987,10799.7
155986,12554.84
155985,16655.92
155984,22583.6
155983,28979.65
155982,27786.96
155981,26803.27
155980,14443.1
155979,12349.58
155978,20652.76
155977,19641.74
155976,22776.49
155975,24923.84
155974,10332.06
155973,30454.63
155972,25165.68
155971,19063.0
155970,24477.76
155969,30593.89
155968,27712.09
155967,19472.06
155966,21930.57
155965,20995.74
155964,23292.41
155963,33387.92
155962,33741.21
155961,21993.34
155960,11317.33
155959,14400.37
155958,9512.9
155957,14361.06
155956,16869.39
155955,19473.25
155954,21908.46
155953,10125.83
155952,8068.22
155951,13367.66
155950,12304.39
155949,18519.4
155948,20087.35
155947,11560.48
155946,10812.34
