10142,64175.81
10141,113426.3
10140,56842.86
10139,22232.53
10138,28332.97
10137,25623.68
10136,30053.17
10135,2212.16
10134,63468.02
10133,32549.48
10132,18637.08
10131,23401.48
10130,25540.57
10129,52501.33
10128,50974.61
10127,107580.0
10126,65007.89
10125,59059.71
10124,42606.77
10123,48396.01
10122,46378.59
10121,55289.03
10120,115877.32
10119,73406.98
10118,21316.0
10117,15391.64
10116,25079.23
10115,24250.93
10114,51354.35
10113,101515.47
10112,59512.31
10111,35573.09
10110,14047.03
10109,22773.26
10108,39732.17
10107,55129.9
10106,104466.56
10105,55138.33
10104,24440.13
10103,34417.16
10102,39202.62
10101,94125.27
10100,97624.74
10099,185510.46
10098,99825.9
10097,68605.33
10096,51865.61
10095,64470.11
10094,51873.6
10093,95686.09
10092,147958.16
10091,94268.44
10090,31384.65
10089,32056.15
10088,37562.86
10087,36787.0
10086,66475.39
10085,119948.68
10084,72737.62
10083,43395.97
10082,26961.22
10081,35388.55
10080,98080.58
10079,109433.1
10078,174037.81
10077,134564.57
10076,73569.49
10075,89481.61
10074,126056.1
10073,54526.73
10072,75777.2
10071,128012.13
10070,103079.76
10069,33779.12
10068,37144.26
10067,68542.64
10066,77875.67
10065,93872.8
10064,182591.81
10063,116019.24
10062,76051.92
10061,85228.84
10060,58355.17
10059,30481.04
10058,103751.67
10057,136135.43
10056,51424.83
10055,44944.83
10054,41104.45
10053,48744.1
10052,64295.74
10051,99694.93
10050,68610.28
10049,2005.94
10048,27622.69
10047,55762.29
10046,50897.86
10045,70949.32
10044,146479.64
10043,94541.19
10042,31028.46
10041,38491.11
10040,36863.06
10039,49800.1
10038,66125.63
10037,96480.71
10036,74343.99
10035,46579.18
10034,38491.8
10033,41013.92
10032,104731.03
10031,121853.15
10030,172178.79
10029,129511.08
10028,70806.11
10027,70339.67
10026,70199.67
10025,71865.14
10024,2013.6
10023,157464.79
10022,77784.65
10021,43871.01
10020,42014.25
10019,56020.27
10018,83415.23
10017,94567.5
10016,133725.66
10015,74967.66
10014,31566.95
10013,36862.85
10012,40600.39
10011,38590.38
10010,119127.18
10009,141397.35
10008,105708.08
10007,63392.2
10006,65631.25
10005,65378.32
10004,66113.45
10003,95563.39
10002,121274.68
10001,105242.47
10000,44427.73
9999,48438.68
9998,52406.23
9997,786.39
9996,93163.4
9995,117506.15
9994,88982.77
9993,76201.51
9992,42858.26
9991,48437.46
9990,62290.78
9989,72674.09
9988,112891.08
9987,87290.74
9986,45922.87
9985,97598.4
9984,93284.15
9983,86063.24
9982,111626.75
9981,122688.36
9980,91307.35
9979,77861.29
9978,72755.6
9977,72964.77
9976,89483.84
9975,71801.65
9974,111801.04
9973,79317.59
9972,39784.02
9971,49060.14
9970,49792.88
9969,58313.31
9968,81617.19
9967,68467.44
9966,81558.01
9965,41292.72
9964,31134.54
9963,41545.62
9962,59415.05
9961,59955.52
9960,64298.04
9959,43817.59
9958,36930.6
