53136,46160.93
53135,76039.04
53134,54572.77
53133,17270.92
53132,18040.94
53131,15597.87
53130,22704.85
53129,1018.47
53128,48212.71
53127,22370.52
53126,12863.16
53125,13520.02
53124,19908.71
53123,32292.89
53122,38538.56
53121,56260.53
53120,38908.31
53119,36250.14
53118,24371.11
53117,14217.07
53116,25856.64
53115,29342.51
53114,71107.52
53113,41595.18
53112,16674.01
53111,22076.5
53110,20977.52
53109,19049.47
53108,38874.49
53107,70510.57
53106,42459.12
53105,20386.58
53104,16544.0
53103,25884.09
53102,26666.77
53101,39082.62
53100,70375.39
53099,36904.55
53098,18292.11
53097,19792.88
53096,27191.23
53095,67865.42
53094,77265.84
53093,129297.48
53092,51376.83
53091,52806.83
53090,38643.93
53089,41494.53
53088,36751.29
53087,55994.18
53086,85847.82
53085,63846.98
53084,26186.35
53083,22384.0
53082,21601.4
53081,20723.23
53080,44482.85
53079,81434.13
53078,49324.77
53077,33834.65
53076,21001.78
53075,25036.53
53074,56269.38
53073,75269.31
53072,116769.67
53071,84384.59
53070,48279.94
53069,56097.67
53068,69671.26
53067,36777.7
53066,56587.75
53065,95449.98
53064,80242.48
53063,26679.45
53062,33501.74
53061,57725.16
53060,47824.45
53059,59850.76
53058,102403.38
53057,79039.68
53056,48151.04
53055,51646.61
53054,62468.55
53053,45566.59
53052,79380.88
53051,101046.11
53050,28816.37
53049,29318.25
53048,26179.33
53047,29527.71
53046,46854.03
53045,64955.6
53044,47091.6
53043,1591.49
53042,22037.98
53041,37577.02
53040,37264.49
53039,53188.43
53038,88567.28
53037,57179.06
53036,18012.91
53035,2353.63
53034,2169.83
53033,294.57
53032,42606.35
53031,61972.11
53030,51901.07
53029,1203.58
53028,25381.77
53027,29245.64
53026,53696.31
53025,67745.26
53024,89954.08
53023,62942.25
53022,41070.96
53021,39732.42
53020,42457.24
53019,42737.31
53018,58589.28
53017,108038.36
53016,61452.75
53015,31816.3
53014,37018.48
53013,37297.71
53012,52782.83
53011,69814.2
53010,97430.56
53009,65972.47
53008,23608.86
53007,27276.29
53006,27537.61
53005,33381.5
53004,66969.26
53003,95326.54
53002,64691.42
53001,35765.08
53000,37552.24
52999,46797.65
52998,40924.23
52997,52908.15
52996,83831.15
52995,71637.84
52994,29292.06
52993,31708.85
52992,37892.62
52991,53309.91
52990,69527.56
52989,79416.89
52988,46926.4
52987,74868.34
52986,35597.27
52985,32874.94
52984,49763.52
52983,55963.7
52982,70819.43
52981,57402.69
52980,28372.19
52979,61977.82
52978,52976.97
52977,51548.64
52976,69955.17
52975,81518.87
52974,72316.96
52973,46490.55
52972,43160.7
52971,46633.34
52970,57728.7
52969,72272.84
52968,90020.81
52967,56811.96
52966,29416.02
52965,29052.23
52964,32280.79
52963,42521.14
52962,52008.39
52961,61459.46
52960,61670.82
52959,28351.62
52958,24519.9
52957,29772.62
52956,39319.82
52955,44656.44
52954,45915.09
52953,42556.96
52952,39121.64
