10913,24076.74
10912,42477.27
10911,32396.46
10910,11125.34
10909,15501.73
10908,11997.32
10907,13119.26
10906,903.55
10905,29769.88
10904,19222.1
10903,11462.55
10902,9994.57
10901,11236.55
10900,15285.58
10899,22860.84
10898,38138.73
10897,17916.65
10896,22009.04
10895,12330.01
10894,15911.11
10893,15991.53
10892,19529.88
10891,39313.0
10890,28436.54
10889,7937.73
10888,11125.62
10887,10961.06
10886,11688.33
10885,23716.19
10884,37687.5
10883,27527.47
10882,13703.7
10881,8266.13
10880,12304.62
10879,17087.17
10878,19886.24
10877,38106.75
10876,19532.12
10875,9600.95
10874,13567.78
10873,16237.24
10872,30174.13
10871,35404.97
10870,68287.05
10869,28161.54
10868,27556.07
10867,21868.43
10866,25989.98
10865,19293.49
10864,32338.38
10863,56533.11
10862,36120.35
10861,16148.62
10860,15942.19
10859,16093.39
10858,11947.06
10857,23798.57
10856,46330.8
10855,25484.28
10854,20561.94
10853,12940.97
10852,15221.71
10851,30641.0
10850,39388.48
10849,65110.45
10848,46001.37
10847,26230.2
10846,30377.08
10845,42072.48
10844,22854.5
10843,31929.81
10842,44014.78
10841,32609.37
10840,20078.75
10839,15634.26
10838,33721.75
10837,27916.13
10836,34650.46
10835,54263.25
10834,34447.9
10833,20749.57
10832,26903.23
10831,30578.58
10830,22653.73
10829,34362.32
10828,59534.1
10827,-8.15
10826,17088.82
10825,15426.04
10824,16630.33
10823,16620.12
10822,24643.34
10821,43605.84
10820,24639.58
10819,12996.15
10818,15186.69
10817,18019.12
10816,21706.53
10815,29919.87
10814,56018.73
10813,36524.24
10812,709.13
10811,14043.53
10810,17349.75
10809,19297.36
10808,25836.54
10807,44698.65
10806,29667.48
10805,15909.58
10804,15820.49
10803,14552.14
10802,30997.14
10801,37730.54
10800,53320.97
10799,34818.02
10798,23086.08
10797,26634.01
10796,20625.31
10795,21385.83
10794,131.78
10793,60100.74
10792,32472.8
10791,16373.5
10790,19645.6
10789,21984.4
10788,23631.83
10787,33524.01
10786,56969.15
10785,41120.37
10784,15007.25
10783,14774.5
10782,20706.02
10781,18148.09
10780,32445.3
10779,51371.46
10778,32188.29
10777,21788.01
10776,25968.23
10775,26001.77
10774,23791.49
10773,35760.04
10772,48950.83
10771,42148.2
10770,17988.31
10769,20095.79
10768,26683.07
10767,391.03
10766,31911.88
10765,48819.89
10764,32738.08
10763,38347.08
10762,15340.39
10761,19164.62
10760,22660.47
10759,28198.43
10758,44209.38
10757,28273.12
10756,23011.91
10755,34823.96
10754,33202.78
10753,34441.23
10752,39280.89
10751,52783.36
10750,42479.35
10749,24237.13
10748,28536.59
10747,26320.33
10746,30602.44
10745,35824.98
10744,50997.23
10743,39203.85
10742,14545.6
10741,17859.1
10740,16399.55
10739,22036.85
10738,31323.09
10737,31294.24
10736,32807.75
10735,14249.62
10734,12619.04
10733,17270.65
10732,24585.46
10731,23337.49
10730,35141.02
10729,22399.11
10728,17038.84
