3074,22566.18
3073,58606.34
3072,37990.61
3071,11752.33
3070,16167.23
3069,19900.06
3068,16954.14
3067,1413.4
3066,40882.87
3065,11428.58
3064,12090.56
3063,10534.08
3062,15560.33
3061,22001.26
3060,28011.6
3059,38126.77
3058,27232.47
3057,26214.24
3056,18752.56
3055,17340.85
3054,22661.09
3053,20406.36
3052,39419.43
3051,26797.8
3050,15634.75
3049,11352.24
3048,15189.65
3047,12945.67
3046,31918.81
3045,39089.58
3044,25069.39
3043,21129.38
3042,15806.87
3041,20956.14
3040,21097.5
3039,27481.99
3038,49718.2
3037,24688.21
3036,16209.6
3035,8452.48
3034,17605.65
3033,42517.38
3032,54906.51
3031,79926.01
3030,56482.38
3029,54477.48
3028,35146.73
3027,35749.87
3026,34497.08
3025,54173.61
3024,79684.11
3023,48375.53
3022,22080.74
3021,20989.45
3020,11744.24
3019,12302.6
3018,40593.04
3017,51398.37
3016,30642.2
3015,22298.43
3014,13852.35
3013,11675.82
3012,40070.31
3011,54812.51
3010,76852.35
3009,57945.64
3008,39914.69
3007,44890.08
3006,55069.12
3005,35578.33
3004,43368.8
3003,65202.5
3002,51758.45
3001,20793.71
3000,24107.91
2999,42629.33
2998,42077.46
2997,53356.6
2996,80675.59
2995,43125.17
2994,38018.17
2993,37703.75
2992,35972.11
2991,36353.59
2990,74254.35
2989,79088.57
2988,29212.39
2987,25768.87
2986,23976.21
2985,26611.49
2984,35231.29
2983,49036.83
2982,27077.36
2981,2324.87
2980,25916.7
2979,33099.54
2978,32006.36
2977,51369.08
2976,60849.71
2975,36049.51
2974,20946.29
2973,2720.09
2972,1548.65
2971,476.59
2970,33565.6
2969,49747.33
2968,34671.95
2967,1372.83
2966,22661.21
2965,22561.89
2964,54469.03
2963,62608.13
2962,85178.07
2961,48019.71
2960,39770.82
2959,41793.04
2958,40190.31
2957,37687.71
2956,51610.62
2955,78258.5
2954,44837.99
2953,30470.02
2952,32000.98
2951,35820.47
2950,42782.44
2949,52049.13
2948,88693.73
2947,42837.98
2946,28839.59
2945,22843.63
2944,24759.37
2943,27993.02
2942,62480.84
2941,84954.7
2940,53241.35
2939,36452.39
2938,39044.39
2937,41774.87
2936,40055.74
2935,50489.51
2934,75162.67
2933,65428.48
2932,35255.85
2931,26270.31
2930,35328.6
2929,45258.9
2928,61579.72
2927,69557.0
2926,48646.78
2925,39237.93
2924,27392.54
2923,28624.9
2922,37864.16
2921,43587.42
2920,59678.99
2919,52664.03
2918,29989.98
2917,55421.77
2916,47702.03
2915,47179.35
2914,60961.91
2913,77347.71
2912,54473.22
2911,40437.88
2910,42105.42
2909,39411.11
2908,45133.52
2907,59622.39
2906,59089.64
2905,40347.89
2904,28891.39
2903,27405.27
2902,34135.7
2901,35508.0
2900,47310.17
2899,45046.18
2898,45257.02
2897,31338.49
2896,22782.83
2895,31421.88
2894,32868.78
2893,52008.74
2892,40700.63
2891,31778.28
2890,20558.62
