104952,29866.97
104951,53010.28
104950,54579.93
104949,18547.23
104948,20828.25
104947,20693.54
104946,22420.16
104945,2328.64
104944,42817.17
104943,33887.29
104942,14169.62
104941,15558.04
104940,19395.1
104939,37069.86
104938,38474.06
104937,57607.33
104936,42026.48
104935,45248.06
104934,31840.49
104933,28921.73
104932,30943.0
104931,38603.55
104930,288.61
104929,16023.7
104928,19738.07
104927,20873.63
104926,22234.19
104925,20087.46
104924,37201.65
104923,58618.79
104922,42319.94
104921,18178.33
104920,19480.53
104919,19630.38
104918,23519.13
104917,28638.18
104916,45375.13
104915,29864.39
104914,20612.28
104913,17343.0
104912,20351.34
104911,47826.42
104910,56638.52
104909,92108.41
104908,56288.93
104907,39548.04
104906,27021.35
104905,39469.67
104904,33365.87
104903,42301.99
104902,64964.87
104901,53304.47
104900,21919.78
104899,21242.95
104898,23608.05
104897,21997.5
104896,31394.12
104895,53933.32
104894,39169.31
104893,32146.79
104892,20328.58
104891,23604.38
104890,59241.37
104889,52897.08
104888,101281.02
104887,66939.28
104886,44751.49
104885,50037.75
104884,72821.17
104883,35719.21
104882,40754.63
104881,71836.24
104880,55588.4
104879,19790.21
104878,21505.51
104877,55415.57
104876,40909.45
104875,43254.67
104874,97329.05
104873,66535.93
104872,38413.67
104871,44168.71
104870,51940.53
104869,41528.32
104868,68411.2
104867,87542.73
104866,29921.35
104865,23246.33
104864,26890.39
104863,31785.5
104862,33751.93
104861,52395.55
104860,46104.92
104859,1606.7
104858,11213.99
104857,32582.54
104856,27393.81
104855,38705.05
104854,59413.4
104853,53372.45
104852,18388.84
104851,18876.88
104850,21107.04
104849,24997.48
104848,32095.95
104847,48668.93
104846,41080.01
104845,23140.67
104844,24290.81
104843,28740.08
104842,55290.45
104841,67257.05
104840,100118.53
104839,73118.01
104838,41573.99
104837,42389.32
104836,50234.62
104835,47163.16
104834,2360.39
104833,82371.99
104832,54191.93
104831,40713.17
104830,33276.1
104829,35347.79
104828,52126.95
104827,55454.51
104826,83414.98
104825,51570.43
104824,21814.79
104823,26167.92
104822,26929.29
104821,32052.99
104820,54923.45
104819,78717.48
104818,62552.36
104817,40779.4
104816,36884.85
104815,47073.55
104814,40990.64
104813,48912.82
104812,76316.5
104811,77510.35
104810,28517.16
104809,37638.38
104808,36744.02
104807,439.93
104806,71269.98
104805,76798.52
104804,57274.92
104803,87938.28
104802,36040.74
104801,35983.93
104800,44682.48
104799,44754.93
104798,61743.5
104797,62338.31
104796,24100.18
104795,55987.68
104794,46236.34
104793,49081.1
104792,56966.2
104791,77993.65
104790,68235.75
104789,40326.73
104788,38946.08
104787,44506.05
104786,59745.22
104785,66210.79
104784,78549.35
104783,58621.02
104782,34231.39
104781,35415.95
104780,31337.22
104779,34695.82
104778,49797.53
104777,54793.55
104776,54689.58
104775,28102.35
104774,26012.56
104773,33513.19
104772,34604.35
104771,41554.92
104770,48017.54
104769,32639.74
104768,30967.95
