18017,27549.69
18016,51347.53
18015,37431.71
18014,13167.2
18013,12392.24
18012,12453.15
18011,14087.68
18010,214.55
18009,32915.02
18008,18684.14
18007,12236.38
18006,11272.48
18005,10410.53
18004,20481.8
18003,25808.06
18002,40399.26
18001,20870.23
18000,33417.8
17999,15362.2
17998,19463.08
17997,18347.23
17996,7796.6
17995,8429.59
17994,16623.56
17993,13507.07
17992,9952.88
17991,11730.02
17990,16836.71
17989,26525.8
17988,45280.74
17987,25656.81
17986,16395.55
17985,16057.17
17984,15418.53
17983,14760.84
17982,24331.64
17981,43410.51
17980,24350.97
17979,12974.68
17978,15545.44
17977,22651.72
17976,36215.74
17975,40118.03
17974,73489.37
17973,42317.36
17972,20320.9
17971,22192.06
17970,22953.08
17969,19792.07
17968,34047.37
17967,47549.96
17966,32327.15
17965,16937.09
17964,15716.7
17963,11414.23
17962,16899.35
17961,33055.79
17960,52198.44
17959,32863.84
17958,24297.51
17957,18012.01
17956,17846.22
17955,35281.75
17954,34906.82
17953,72450.0
17952,47838.59
17951,30720.75
17950,37203.27
17949,45147.68
17948,26077.76
17947,37465.5
17946,59523.2
17945,38114.23
17944,16412.64
17943,16856.97
17942,36678.99
17941,33072.99
17940,46751.0
17939,64380.52
17938,45619.97
17937,24529.89
17936,25419.57
17935,36031.62
17934,32800.15
17933,47416.17
17932,79296.15
17931,22066.03
17930,18618.22
17929,22066.51
17928,24874.49
17927,32352.87
17926,45815.14
17925,29488.09
17924,525.77
17923,17867.93
17922,32583.37
17921,31655.78
17920,38471.93
17919,52288.51
17918,39051.44
17917,12125.28
17916,11814.91
17915,16364.28
17914,17052.21
17913,25675.92
17912,40947.76
17911,28533.77
17910,14834.62
17909,18743.8
17908,17464.5
17907,34132.8
17906,37927.67
17905,56602.93
17904,38871.81
17903,33025.64
17902,24604.76
17901,29046.25
17900,25872.76
17899,637.36
17898,60590.04
17897,39493.78
17896,22210.95
17895,22971.11
17894,24087.43
17893,37158.68
17892,45079.72
17891,78186.28
17890,41087.96
17889,16485.06
17888,16833.46
17887,19369.66
17886,22271.51
17885,40924.06
17884,51837.22
17883,43739.42
17882,28129.36
17881,24296.14
17880,32152.43
17879,27833.11
17878,40387.76
17877,57170.79
17876,46687.73
17875,17896.39
17874,19499.16
17873,21686.19
17872,514.83
17871,41784.19
17870,49920.37
17869,47907.98
17868,57878.67
17867,18743.01
17866,21508.8
17865,28170.57
17864,35548.72
17863,49140.03
17862,40059.31
17861,22512.04
17860,30055.51
17859,35251.59
17858,32509.5
17857,38114.16
17856,60150.58
17855,48287.57
17854,29751.26
17853,36982.01
17852,32955.67
17851,43073.72
17850,48196.63
17849,60818.59
17848,38192.74
17847,20464.78
17846,18269.85
17845,23537.16
17844,22466.06
17843,36039.04
17842,39699.88
17841,36353.68
17840,18557.75
17839,16787.15
17838,18738.33
17837,28437.43
17836,32061.29
17835,41488.48
17834,31069.43
17833,30342.57
