78702,33855.2
78701,42769.6
78700,48110.96
78699,6938.69
78698,9558.82
78697,20041.26
78696,16597.71
78695,2025.62
78694,35607.03
78693,21672.67
78692,12220.08
78691,10453.2
78690,10210.54
78689,34438.21
78688,40306.53
78687,56562.74
78686,35548.13
78685,33844.08
78684,22845.25
78683,28937.29
78682,29556.55
78681,24913.95
78680,60380.59
78679,51300.13
78678,10220.89
78677,10982.77
78676,12742.16
78675,11802.87
78674,30545.72
78673,51795.1
78672,32222.71
78671,16637.93
78670,12222.51
78669,14982.32
78668,21338.0
78667,27364.18
78666,39746.7
78665,28550.07
78664,14858.49
78663,15410.07
78662,16421.74
78661,52964.81
78660,52974.0
78659,87600.62
78658,50158.8
78657,34222.63
78656,26823.28
78655,32668.41
78654,21814.38
78653,34703.78
78652,67284.15
78651,55092.82
78650,20469.0
78649,14240.95
78648,18015.05
78647,15884.53
78646,29177.86
78645,49208.36
78644,37095.31
78643,29649.81
78642,10574.06
78641,16621.78
78640,53456.29
78639,55286.28
78638,82812.53
78637,84553.79
78636,45108.46
78635,51250.05
78634,74740.73
78633,27079.1
78632,35945.13
78631,57686.23
78630,54388.17
78629,16364.05
78628,17380.07
78627,36639.19
78626,36865.35
78625,40994.87
78624,84638.32
78623,75474.76
78622,39188.04
78621,40767.86
78620,51881.7
78619,26848.18
78618,57088.32
78617,84498.09
78616,21736.09
78615,16255.02
78614,21928.35
78613,20203.54
78612,27857.19
78611,35867.94
78610,34441.89
78609,717.88
78608,15722.23
78607,28091.1
78606,31675.64
78605,35920.17
78604,61759.96
78603,58795.24
78602,14894.02
78601,15256.73
78600,16301.64
78599,20344.01
78598,22166.15
78597,41562.58
78596,40475.79
78595,19767.19
78594,16522.11
78593,19857.54
78592,57247.04
78591,56121.13
78590,83899.03
78589,56928.57
78588,39574.66
78587,38928.83
78586,34340.22
78585,36257.27
78584,680.04
78583,88485.79
78582,39944.68
78581,19750.59
78580,26671.2
78579,24188.89
78578,44901.47
78577,52782.58
78576,87069.37
78575,51771.46
78574,15859.81
78573,14886.69
78572,18651.66
78571,18547.54
78570,51913.51
78569,68887.33
78568,60097.69
78567,36475.44
78566,35148.1
78565,33795.79
78564,32343.17
78563,42076.98
78562,56673.35
78561,71125.48
78560,23512.86
78559,27285.46
78558,27797.78
78557,392.95
78556,47904.24
78555,53608.57
78554,47959.69
78553,55878.34
78552,23836.81
78551,24518.5
78550,29344.6
78549,33427.85
78548,54415.92
78547,49832.46
78546,19557.4
78545,58641.99
78544,57937.04
78543,43324.3
78542,61109.36
78541,76009.37
78540,61458.42
78539,43977.26
78538,40309.49
78537,41601.47
78536,50187.3
78535,60167.15
78534,72002.91
78533,50125.54
78532,18078.03
78531,19379.34
78530,20629.05
78529,29804.47
78528,43319.16
78527,40975.11
78526,57711.73
78525,18853.01
78524,16964.6
78523,20773.86
78522,30443.59
78521,31451.41
78520,33554.38
78519,29925.94
78518,18788.32
