192516,26427.01
192515,48348.51
192514,40287.77
192513,19909.67
192512,22613.79
192511,15876.0
192510,16673.31
192509,406.85
192508,34947.93
192507,23871.75
192506,15629.32
192505,17443.67
192504,19201.76
192503,28838.44
192502,24002.99
192501,36250.65
192500,35747.12
192499,33961.36
192498,24706.21
192497,23753.78
192496,19448.2
192495,22067.23
192494,40554.8
192493,35067.04
192492,12279.7
192491,15458.06
192490,15114.42
192489,15725.57
192488,29544.64
192487,41228.09
192486,24867.97
192485,19142.56
192484,21562.08
192483,19285.65
192482,18268.89
192481,26697.69
192480,36414.82
192479,28258.44
192478,18690.77
192477,27215.91
192476,25463.61
192475,44068.36
192474,43488.14
192473,72441.41
192472,48038.84
192471,40811.39
192470,27063.08
192469,30826.28
192468,25410.23
192467,37723.61
192466,44122.92
192465,31834.99
192464,19463.36
192463,17721.68
192462,24885.34
192461,21109.43
192460,26880.58
192459,42421.32
192458,26205.89
192457,28197.39
192456,20501.24
192455,22314.68
192454,52059.86
192453,50179.95
192452,58142.56
192451,44120.95
192450,29264.47
192449,40821.88
192448,43531.29
192447,31933.83
192446,33269.75
192445,50763.26
192444,38182.26
192443,20774.99
192442,23166.81
192441,42559.49
192440,35141.46
192439,44267.16
192438,60194.1
192437,44085.57
192436,33947.3
192435,34155.02
192434,37274.86
192433,32436.4
192432,43406.87
192431,60866.59
192430,-21.79
192429,28956.24
192428,19524.83
192427,23042.7
192426,27199.46
192425,28879.76
192424,43601.11
192423,30492.79
192422,915.78
192421,21285.79
192420,40907.17
192419,38726.2
192418,37409.67
192417,56074.82
192416,48880.68
192415,18585.46
192414,1911.39
192413,1425.75
192412,226.17
192411,28263.27
192410,37049.96
192409,29107.49
192408,951.96
192407,20111.02
192406,20249.2
192405,37818.79
192404,36846.72
192403,50316.09
192402,33945.36
192401,28786.47
192400,31977.74
192399,30786.72
192398,30541.9
192397,42988.8
192396,51369.17
192395,37289.3
192394,24443.33
192393,26004.54
192392,25849.21
192391,36447.77
192390,44369.24
192389,65853.75
192388,45192.4
192387,20679.91
192386,19547.37
192385,23853.69
192384,19782.77
192383,44825.76
192382,53549.8
192381,44398.72
192380,31158.28
192379,33298.85
192378,33928.29
192377,26575.93
192376,38322.79
192375,50316.64
192374,43964.98
192373,18645.35
192372,23275.58
192371,24343.0
192370,32635.82
192369,39357.13
192368,43656.03
192367,39606.45
192366,36255.51
192365,16839.65
192364,16660.76
192363,23490.6
192362,28074.1
192361,40513.02
192360,36757.29
192359,17182.83
192358,33925.63
192357,33475.73
192356,28512.2
192355,37662.78
192354,49600.09
192353,44587.36
192352,28629.84
192351,31685.2
192350,27716.36
192349,29999.9
192348,35945.03
192347,38933.03
192346,38630.78
192345,18602.95
192344,19374.26
192343,17051.13
192342,22058.34
192341,32764.69
192340,34399.9
192339,38743.01
192338,15947.7
192337,17218.22
192336,23359.56
192335,21149.23
192334,26380.74
192333,32787.59
192332,25257.52
192331,25920.51
