88694,28061.84
88693,48897.93
88692,46038.91
88691,15364.43
88690,19755.74
88689,20722.2
88688,15102.02
88687,1403.49
88686,34229.29
88685,20517.26
88684,17925.67
88683,16639.15
88682,15370.28
88681,22964.0
88680,31175.48
88679,40206.97
88678,34635.67
88677,29921.76
88676,22764.53
88675,26562.26
88674,28886.87
88673,21442.24
88672,40190.09
88671,29483.05
88670,14498.89
88669,14778.54
88668,19331.0
88667,16201.91
88666,30779.6
88665,49469.33
88664,26446.67
88663,19121.91
88662,18079.87
88661,17679.76
88660,19601.48
88659,11065.53
88658,45590.02
88657,30163.65
88656,10036.01
88655,20002.5
88654,23877.24
88653,46724.5
88652,45101.82
88651,69315.45
88650,36806.6
88649,44020.76
88648,21735.02
88647,32526.42
88646,20473.1
88645,34322.36
88644,48981.99
88643,42131.1
88642,17192.16
88641,20311.19
88640,22280.91
88639,17275.59
88638,28361.58
88637,47813.27
88636,31403.88
88635,26088.0
88634,20715.37
88633,20556.0
88632,47218.65
88631,40861.19
88630,76549.3
88629,64927.76
88628,40346.58
88627,45061.78
88626,61940.03
88625,28663.91
88624,35439.89
88623,61949.88
88622,50239.48
88621,21848.73
88620,22135.79
88619,48555.99
88618,38619.54
88617,47957.91
88616,74612.7
88615,53371.81
88614,29360.43
88613,40323.62
88612,48803.68
88611,38276.63
88610,53580.25
88609,83747.9
88608,23417.86
88607,25615.75
88606,24783.63
88605,25625.59
88604,31115.55
88603,54194.38
88602,41258.06
88601,819.32
88600,20551.76
88599,37741.93
88598,27360.65
88597,38881.31
88596,71818.31
88595,59637.29
88594,25123.2
88593,1104.2
88592,979.87
88591,125.78
88590,31570.41
88589,53866.59
88588,38369.6
88587,931.22
88586,24078.19
88585,23509.56
88584,44371.63
88583,49905.28
88582,77029.84
88581,56287.56
88580,36355.68
88579,31975.52
88578,35486.49
88577,36735.16
88576,48835.3
88575,79335.0
88574,48552.91
88573,24071.89
88572,24413.04
88571,30196.16
88570,42095.34
88569,48120.59
88568,75394.11
88567,47984.23
88566,21592.75
88565,26452.51
88564,31161.26
88563,28485.23
88562,58703.09
88561,79962.72
88560,61957.7
88559,39158.57
88558,40698.33
88557,46239.57
88556,39253.36
88555,53293.29
88554,70690.06
88553,69113.16
88552,31244.45
88551,29410.35
88550,35535.61
88549,42363.85
88548,50246.22
88547,66603.18
88546,48866.23
88545,69595.78
88544,32025.22
88543,34334.03
88542,38006.18
88541,38121.82
88540,55127.01
88539,45310.45
88538,28304.05
88537,49225.11
88536,46819.9
88535,45988.91
88534,49422.66
88533,63317.85
88532,59444.41
88531,34703.93
88530,40640.93
88529,37815.94
88528,45864.74
88527,51522.98
88526,69642.78
88525,59999.79
88524,32584.81
88523,29951.46
88522,27715.87
88521,30106.28
88520,45645.38
88519,47195.15
88518,49601.4
88517,23429.48
88516,21226.16
88515,32059.26
88514,37618.44
88513,36502.34
88512,45905.37
88511,30607.64
88510,23416.07
