120120,32139.96
120119,44023.77
120118,34584.23
120117,17493.58
120116,19287.87
120115,17228.51
120114,17564.5
120113,1188.76
120112,35871.18
120111,26454.36
120110,10129.73
120109,14559.98
120108,14701.56
120107,21939.16
120106,26461.0
120105,47015.81
120104,30598.86
120103,35052.18
120102,21676.31
120101,19910.27
120100,18405.69
120099,1318.43
120098,4365.44
120097,17124.08
120096,18659.8
120095,13214.13
120094,17304.37
120093,14792.28
120092,25983.03
120091,48462.84
120090,31135.04
120089,15319.24
120088,16767.78
120087,15729.65
120086,19475.62
120085,25544.48
120084,52424.96
120083,19209.72
120082,11311.5
120081,17039.41
120080,21785.72
120079,35893.55
120078,38545.27
120077,78331.81
120076,47603.95
120075,10372.9
120074,23619.39
120073,27868.27
120072,19281.58
120071,26583.78
120070,52437.39
120069,35209.28
120068,15085.3
120067,16694.47
120066,11706.4
120065,17938.96
120064,25926.36
120063,48280.38
120062,29920.97
120061,25266.67
120060,16458.94
120059,17558.12
120058,33956.56
120057,41984.67
120056,68462.1
120055,48303.45
120054,31294.64
120053,36649.56
120052,43758.42
120051,30834.75
120050,40793.23
120049,67572.12
120048,47821.58
120047,20125.98
120046,24365.68
120045,34316.4
120044,31498.68
120043,46397.84
120042,72913.85
120041,46534.16
120040,29868.32
120039,31429.5
120038,40258.4
120037,32472.54
120036,57878.36
120035,77901.44
120034,-24.54
120033,22455.7
120032,22552.12
120031,20218.79
120030,25279.71
120029,33112.75
120028,44884.64
120027,31907.31
120026,983.97
120025,13064.03
120024,26421.52
120023,25335.59
120022,40925.84
120021,50130.73
120020,43466.12
120019,16050.54
120018,15688.55
120017,18570.97
120016,22115.55
120015,26310.92
120014,39947.03
120013,34263.3
120012,16232.45
120011,20659.33
120010,21600.6
120009,33747.02
120008,38208.03
120007,63898.08
120006,44963.14
120005,28410.96
120004,28990.96
120003,36843.59
120002,32146.84
120001,601.74
120000,71343.16
119999,42833.96
119998,24480.31
119997,23561.15
119996,24949.35
119995,32044.76
119994,46637.78
119993,69884.2
119992,38696.85
119991,21146.27
119990,23143.43
119989,24114.39
119988,23628.46
119987,47257.03
119986,64338.15
119985,51167.2
119984,28079.61
119983,25174.01
119982,26076.45
119981,28365.84
119980,36128.02
119979,61345.5
119978,45968.05
119977,22986.54
119976,19787.08
119975,22587.93
119974,338.33
119973,40771.08
119972,55018.01
119971,47115.87
119970,61129.7
119969,23810.66
119968,24438.29
119967,29597.26
119966,37724.74
119965,56910.41
119964,44964.13
119963,25214.11
119962,39985.0
119961,34171.14
119960,39810.04
119959,45696.6
119958,62698.15
119957,49633.94
119956,28942.6
119955,30827.5
119954,31132.78
119953,38316.96
119952,45839.94
119951,53984.03
119950,44211.35
119949,18339.22
119948,22323.13
119947,26521.23
119946,26363.77
119945,36934.22
119944,40106.78
119943,42165.48
119942,24367.41
119941,15724.28
119940,24876.38
119939,28012.62
119938,29686.16
119937,43879.3
119936,36825.43
119935,28602.01
