144623,26376.51
144622,39433.46
144621,16820.29
144620,8549.76
144619,14411.59
144618,14608.11
144617,21581.26
144616,792.24
144615,31483.54
144614,24980.43
144613,16706.09
144612,11528.59
144611,13830.77
144610,24154.89
144609,27412.16
144608,36066.21
144607,27084.78
144606,30309.61
144605,18245.87
144604,17274.89
144603,18878.12
144602,21717.01
144601,36001.61
144600,30103.32
144599,13809.31
144598,14756.41
144597,14767.69
144596,11621.89
144595,24556.32
144594,39892.28
144593,25540.69
144592,15766.56
144591,14816.37
144590,17724.77
144589,23146.43
144588,23634.31
144587,42306.97
144586,24710.55
144585,15732.64
144584,19064.45
144583,20454.61
144582,41366.66
144581,49707.27
144580,69011.64
144579,43005.86
144578,38447.39
144577,24204.45
144576,25277.47
144575,19867.75
144574,35227.35
144573,56363.38
144572,39225.04
144571,16811.88
144570,14910.05
144569,17667.97
144568,20124.05
144567,27119.85
144566,42222.87
144565,24478.57
144564,22896.88
144563,16863.05
144562,19124.14
144561,42668.79
144560,47386.24
144559,61904.28
144558,52831.8
144557,30534.41
144556,31689.35
144555,44995.42
144554,28067.17
144553,30225.7
144552,50935.03
144551,39675.86
144550,19592.36
144549,14233.33
144548,39521.95
144547,29308.23
144546,32591.88
144545,54266.15
144544,35602.43
144543,27918.76
144542,27165.75
144541,36241.25
144540,29477.88
144539,40909.96
144538,56452.85
144537,16323.69
144536,20745.79
144535,22740.51
144534,26273.48
144533,34066.34
144532,48106.57
144531,42139.06
144530,16950.39
144529,21121.63
144528,28531.64
144527,37789.49
144526,49316.59
144525,67618.45
144524,54725.6
144523,1396.11
144522,19465.49
144521,20746.37
144520,19995.37
144519,32903.99
144518,38034.49
144517,38436.28
144516,24976.76
144515,23703.24
144514,24399.09
144513,39528.69
144512,44892.41
144511,58554.48
144510,43523.54
144509,28961.74
144508,25660.0
144507,29348.04
144506,30235.38
144505,1298.86
144504,59284.87
144503,36798.52
144502,26531.22
144501,26180.5
144500,28212.54
144499,36897.52
144498,53844.88
144497,69016.5
144496,57540.49
144495,21607.52
144494,23720.95
144493,25139.03
144492,27170.71
144491,54208.13
144490,58378.93
144489,47356.29
144488,28630.83
144487,26712.79
144486,32503.73
144485,29347.91
144484,39396.95
144483,54601.87
144482,50022.14
144481,22206.59
144480,19072.26
144479,20577.98
144478,290.08
144477,33934.64
144476,42719.35
144475,40117.51
144474,48750.13
144473,21911.56
144472,25152.89
144471,29123.31
144470,36728.0
144469,52419.82
144468,46208.84
144467,25507.07
144466,42069.01
144465,38443.09
144464,31972.6
144463,45194.2
144462,62054.22
144461,47902.72
144460,31526.06
144459,34955.86
144458,31644.3
144457,35455.99
144456,47301.98
144455,59861.42
144454,46418.58
144453,25030.86
144452,26300.69
144451,24802.55
144450,26939.85
144449,37180.83
144448,39007.94
144447,43177.21
144446,21053.28
144445,21066.38
144444,23392.49
144443,31029.74
144442,32659.02
144441,37828.8
144440,34702.07
144439,19036.21
