181025,23778.93
181024,33675.57
181023,27222.65
181022,13829.4
181021,12129.31
181020,10685.99
181019,12136.72
181018,743.74
181017,19976.47
181016,13486.03
181015,8312.64
181014,10675.1
181013,9358.61
181012,17297.61
181011,16828.8
181010,27620.99
181009,10414.85
181008,22067.18
181007,12621.7
181006,12163.28
181005,13552.64
181004,7464.97
181003,11504.43
181002,14426.95
181001,10321.82
181000,8250.1
180999,8406.17
180998,10120.79
180997,19062.59
180996,28282.18
180995,23307.9
180994,14357.96
180993,13289.8
180992,11551.23
180991,11553.44
180990,19101.27
180989,33551.92
180988,15954.11
180987,9388.64
180986,15965.08
180985,16793.54
180984,29516.96
180983,28308.76
180982,51913.69
180981,28726.7
180980,16019.02
180979,14017.03
180978,19029.85
180977,14118.62
180976,27870.31
180975,38247.1
180974,23373.19
180973,12231.27
180972,11544.88
180971,10250.99
180970,13670.48
180969,22056.12
180968,36240.29
180967,21712.67
180966,21161.9
180965,18519.28
180964,13332.21
180963,24794.67
180962,30183.73
180961,50535.99
180960,32397.26
180959,21237.89
180958,24467.98
180957,32538.8
180956,20812.38
180955,32355.47
180954,52069.64
180953,35798.2
180952,18983.4
180951,18159.01
180950,30778.14
180949,26194.89
180948,31847.35
180947,48350.38
180946,29901.7
180945,17982.98
180944,24851.35
180943,27598.11
180942,25916.43
180941,42224.89
180940,67682.22
180939,16622.99
180938,17538.49
180937,19053.95
180936,18148.58
180935,25518.99
180934,31868.56
180933,24467.74
180932,11738.47
180931,12604.25
180930,24688.89
180929,21477.59
180928,34690.99
180927,45184.51
180926,37409.23
180925,897.36
180924,11872.69
180923,14612.89
180922,18970.63
180921,24990.1
180920,28336.42
180919,21895.32
180918,14868.34
180917,15024.22
180916,15879.28
180915,22111.2
180914,28410.36
180913,46309.97
180912,32202.51
180911,21786.65
180910,21536.02
180909,22446.33
180908,22601.55
180907,507.93
180906,44232.6
180905,25331.73
180904,19696.27
180903,20405.35
180902,18669.28
180901,23418.89
180900,35953.0
180899,62527.82
180898,31856.39
180897,14838.8
180896,16375.05
180895,18024.41
180894,16463.33
180893,37466.23
180892,46889.45
180891,32842.59
180890,18690.29
180889,20954.76
180888,23908.83
180887,17881.83
180886,29043.29
180885,43866.5
180884,29741.67
180883,16018.82
180882,16716.8
180881,18070.2
180880,440.11
180879,33923.38
180878,39628.8
180877,31406.45
180876,37284.16
180875,16283.06
180874,17809.76
180873,21904.22
180872,27572.04
180871,36516.52
180870,34663.64
180869,17961.4
180868,30490.77
180867,27987.85
180866,29338.79
180865,37463.6
180864,39561.54
180863,34496.16
180862,25052.88
180861,25600.1
180860,23787.94
180859,33023.46
180858,33023.08
180857,52159.91
180856,32657.24
180855,15245.43
180854,17394.9
180853,17661.33
180852,18776.34
180851,28690.5
180850,28743.12
180849,26071.56
180848,17066.49
180847,10743.25
180846,14913.48
180845,21016.03
180844,26258.56
180843,28820.8
180842,23520.78
180841,21398.45
