159968,30201.25
159967,47540.75
159966,34186.21
159965,13649.59
159964,13094.81
159963,14811.19
159962,14987.88
159961,707.99
159960,25668.44
159959,25167.18
159958,10711.55
159957,10829.45
159956,10824.44
159955,21276.97
159954,23705.47
159953,32837.1
159952,24017.02
159951,23259.5
159950,15802.1
159949,17111.79
159948,13826.79
159947,19298.93
159946,39353.73
159945,25190.07
159944,13383.53
159943,11356.35
159942,14631.39
159941,15445.64
159940,27324.54
159939,32983.09
159938,24419.03
159937,16035.4
159936,15795.43
159935,16348.84
159934,19649.17
159933,27198.87
159932,40698.74
159931,22225.26
159930,17086.74
159929,16894.05
159928,21416.57
159927,37532.65
159926,43844.56
159925,70018.7
159924,39710.81
159923,28934.27
159922,21453.46
159921,23617.56
159920,18701.51
159919,32248.65
159918,45333.3
159917,28859.27
159916,16197.07
159915,9633.31
159914,16072.46
159913,19742.35
159912,25955.0
159911,42095.21
159910,26294.07
159909,22677.43
159908,16504.09
159907,21157.53
159906,35208.74
159905,41398.68
159904,62586.87
159903,41512.75
159902,29471.41
159901,30695.69
159900,44434.75
159899,25841.51
159898,31553.92
159897,54603.62
159896,42331.9
159895,22678.65
159894,24138.41
159893,37845.47
159892,27879.28
159891,38549.28
159890,68486.51
159889,40526.96
159888,30507.44
159887,34386.41
159886,36867.53
159885,28374.59
159884,57764.49
159883,67115.83
159882,22464.19
159881,20655.52
159880,18703.4
159879,23737.45
159878,22978.3
159877,48473.46
159876,31001.18
159875,952.59
159874,15610.23
159873,37077.06
159872,32528.62
159871,40356.18
159870,56283.24
159869,43483.64
159868,17665.69
159867,20219.82
159866,19838.41
159865,21162.81
159864,26410.03
159863,37273.56
159862,30038.24
159861,14585.46
159860,14639.96
159859,21316.8
159858,39906.35
159857,40405.62
159856,49939.12
159855,34410.51
159854,23220.09
159853,28338.17
159852,27860.09
159851,25998.22
159850,661.89
159849,58986.01
159848,36252.28
159847,23705.72
159846,24759.44
159845,26612.58
159844,35932.38
159843,43931.46
159842,59356.98
159841,32017.27
159840,17719.16
159839,24326.21
159838,19407.7
159837,20489.45
159836,43058.09
159835,58182.2
159834,34876.36
159833,27234.73
159832,25791.56
159831,30630.49
159830,32880.51
159829,31334.88
159828,60390.68
159827,39957.35
159826,21990.95
159825,24906.48
159824,24428.75
159823,363.45
159822,35485.39
159821,48903.08
159820,35938.95
159819,39448.95
159818,18207.58
159817,17696.88
159816,27344.92
159815,30036.06
159814,38688.92
159813,34833.35
159812,16196.06
159811,31313.73
159810,31464.3
159809,33864.57
159808,33368.45
159807,51588.18
159806,37141.25
159805,21355.42
159804,28311.31
159803,27373.78
159802,30913.88
159801,43009.75
159800,56267.92
159799,34740.62
159798,18495.4
159797,21291.56
159796,20967.28
159795,20333.7
159794,30728.1
159793,33134.6
159792,34993.5
159791,17388.34
159790,14843.78
159789,20509.31
159788,24363.52
159787,30281.99
159786,34643.43
159785,26871.17
159784,22722.08
