72171,23198.31
72170,48376.88
72169,36894.03
72168,17415.33
72167,16135.86
72166,15391.89
72165,13609.5
72164,1030.59
72163,28110.24
72162,18969.57
72161,7921.53
72160,11609.98
72159,13448.81
72158,14837.54
72157,20603.05
72156,30241.93
72155,20937.61
72154,23223.13
72153,16248.65
72152,15502.49
72151,13605.79
72150,11024.96
72149,26837.9
72148,24850.84
72147,13355.64
72146,12519.51
72145,12810.56
72144,10791.32
72143,24855.44
72142,38172.75
72141,23360.65
72140,13842.6
72139,13865.9
72138,14071.67
72137,18737.18
72136,26616.95
72135,43137.67
72134,20795.23
72133,13204.25
72132,16677.63
72131,22626.99
72130,36699.91
72129,47084.63
72128,81131.29
72127,43660.45
72126,25551.48
72125,23260.94
72124,22197.65
72123,15324.74
72122,31613.03
72121,48671.85
72120,25285.42
72119,13450.41
72118,17266.28
72117,17032.86
72116,14678.86
72115,24837.91
72114,42466.82
72113,21953.58
72112,21327.22
72111,18212.3
72110,18484.14
72109,30040.27
72108,44659.76
72107,62779.92
72106,44148.66
72105,22822.56
72104,30236.75
72103,39747.08
72102,24795.16
72101,33502.03
72100,57719.82
72099,41583.65
72098,22479.78
72097,20721.84
72096,38469.28
72095,30986.35
72094,41955.11
72093,67178.03
72092,43964.45
72091,23410.26
72090,35356.47
72089,35937.73
72088,30722.79
72087,60756.8
72086,84395.77
72085,18437.01
72084,19888.53
72083,21812.5
72082,22992.08
72081,29355.25
72080,44682.47
72079,29118.99
72078,14870.25
72077,18275.68
72076,25160.5
72075,30860.53
72074,38950.6
72073,51944.66
72072,35889.6
72071,990.96
72070,12970.7
72069,15083.64
72068,18209.6
72067,26611.53
72066,39278.8
72065,26662.36
72064,13763.22
72063,13104.36
72062,18464.15
72061,26783.21
72060,35192.73
72059,53899.18
72058,32264.59
72057,20732.64
72056,22565.8
72055,27019.43
72054,23258.39
72053,785.26
72052,53388.47
72051,41045.09
72050,20481.47
72049,22852.27
72048,22494.31
72047,33342.8
72046,48059.27
72045,80173.66
72044,36056.96
72043,18865.85
72042,22439.33
72041,21525.23
72040,19823.24
72039,40993.05
72038,53954.76
72037,35597.79
72036,25038.21
72035,23423.47
72034,31672.54
72033,33152.42
72032,34488.88
72031,59566.73
72030,40802.9
72029,25842.31
72028,23691.58
72027,25091.91
72026,280.92
72025,41224.78
72024,51484.38
72023,32690.1
72022,41070.19
72021,18740.83
72020,19599.46
72019,24275.04
72018,32024.82
72017,42048.07
72016,28153.66
72015,15247.73
72014,28354.29
72013,28463.37
72012,32365.35
72011,38821.44
72010,50857.85
72009,36067.82
72008,25102.73
72007,22828.48
72006,29796.05
72005,31817.9
72004,40421.13
72003,62989.16
72002,42212.11
72001,19964.97
72000,17796.44
71999,20854.45
71998,19869.65
71997,30932.96
71996,35748.41
71995,35270.4
71994,14466.85
71993,13643.72
71992,22545.0
71991,23979.26
71990,29731.84
71989,40702.03
71988,28894.03
71987,21511.92
