59470,47688.05
59469,102618.48
59468,502.3
59467,22661.37
59466,27842.19
59465,32361.34
59464,31546.45
59463,1616.23
59462,67483.78
59461,160.68
59460,23701.52
59459,23102.04
59458,19544.48
59457,56762.99
59456,56951.75
59455,103125.99
59454,942.73
59453,69433.41
59452,41910.14
59451,46741.69
59450,52596.4
59449,52095.47
59448,1601.28
59447,393.65
59446,26066.38
59445,21382.04
59444,29922.61
59443,23057.7
59442,47001.59
59441,79372.54
59440,99.53
59439,30546.01
59438,27818.07
59437,24521.69
59436,35182.71
59435,35242.79
59434,74779.1
59433,278.96
59432,26759.75
59431,21880.85
59430,28743.65
59429,83562.02
59428,84909.02
59427,120190.52
59426,326.79
59425,73365.07
59424,35463.45
59423,53341.79
59422,39668.59
59421,69835.7
59420,104569.98
59419,445.14
59418,30883.74
59417,25972.12
59416,25285.48
59415,31093.73
59414,48951.58
59413,92969.44
59412,478.16
59411,44776.45
59410,31573.75
59409,29834.18
59408,96103.63
59407,88504.51
59406,158727.56
59405,979.75
59404,80026.58
59403,88377.11
59402,120796.4
59401,59052.07
59400,70511.59
59399,121361.67
59398,907.93
59397,32603.76
59396,38217.7
59395,84395.34
59394,70402.1
59393,83438.42
59392,157360.21
59391,1646.25
59390,65556.69
59389,66771.35
59388,94524.3
59387,64577.74
59386,108370.91
59385,139697.46
59384,41382.46
59383,39265.31
59382,45483.8
59381,45246.35
59380,59417.33
59379,100949.81
59378,668.89
59377,626.12
59376,40439.21
59375,72703.16
59374,63344.04
59373,79034.28
59372,130450.62
59371,1227.42
59370,36047.58
59369,786.6
59368,1091.82
59367,225.68
59366,59283.42
59365,91665.63
59364,677.03
59363,1020.3
59362,44647.43
59361,43893.69
59360,103215.64
59359,103962.39
59358,157649.16
59357,867.85
59356,78432.61
59355,62402.97
59354,77357.43
59353,75895.96
59352,91812.23
59351,150017.38
59350,1424.31
59349,42388.55
59348,47178.35
59347,52936.24
59346,82433.64
59345,94182.28
59344,167987.62
59343,1067.74
59342,31826.54
59341,43011.56
59340,39417.92
59339,48821.25
59338,104418.42
59337,143162.11
59336,1143.96
59335,67052.57
59334,70245.11
59333,78257.27
59332,69931.1
59331,90292.7
59330,146810.5
59329,516.99
59328,49084.43
59327,51019.31
59326,60419.32
59325,81437.24
59324,114165.46
59323,146010.75
59322,616.11
59321,146159.89
59320,56414.76
59319,53230.96
59318,62862.28
59317,65505.79
59316,104641.95
59315,1261.8
59314,57764.9
59313,92288.36
59312,84992.61
59311,80942.55
59310,96379.31
59309,162619.94
59308,1142.87
59307,72728.14
59306,85552.08
59305,84486.86
59304,92006.18
59303,119050.05
59302,163644.5
59301,552.14
59300,57058.65
59299,57602.87
59298,58440.25
59297,63746.2
59296,95482.5
59295,96500.28
59294,423.37
59293,58163.59
59292,40489.04
59291,56562.12
59290,64601.5
59289,68321.7
59288,103501.36
59287,374.5
59286,70504.19
