133332,45826.38
133331,65506.84
133330,57437.29
133329,22770.87
133328,20739.89
133327,17133.51
133326,21104.74
133325,423.27
133324,43701.8
133323,33787.6
133322,14577.48
133321,16034.65
133320,17127.53
133319,24785.43
133318,34902.81
133317,51652.03
133316,30922.52
133315,37504.72
133314,18394.02
133313,26706.93
133312,21681.22
133311,26402.73
133310,48185.89
133309,29288.06
133308,13776.18
133307,14262.36
133306,19285.7
133305,22146.32
133304,30186.58
133303,53785.22
133302,39324.56
133301,16653.43
133300,18977.65
133299,28359.94
133298,25406.33
133297,34285.98
133296,61535.7
133295,27667.82
133294,22500.29
133293,21702.7
133292,28809.99
133291,50837.92
133290,61043.06
133289,102311.53
133288,62020.69
133287,42638.48
133286,32023.79
133285,36531.57
133284,26581.36
133283,46300.51
133282,71115.91
133281,46770.26
133280,27285.32
133279,21963.14
133278,26752.74
133277,23526.11
133276,38296.54
133275,69207.13
133274,40981.38
133273,35836.6
133272,26740.5
133271,26583.55
133270,45970.56
133269,48257.75
133268,83225.52
133267,56714.57
133266,28960.25
133265,40222.54
133264,51684.95
133263,35994.64
133262,45989.29
133261,67736.43
133260,45190.6
133259,32020.51
133258,30231.23
133257,54149.67
133256,46579.04
133255,45515.69
133254,64650.74
133253,43026.69
133252,33362.2
133251,35932.79
133250,43028.44
133249,40425.33
133248,77281.31
133247,100173.17
133246,28378.98
133245,30592.57
133244,27727.82
133243,30487.39
133242,29211.0
133241,56285.79
133240,34564.49
133239,475.33
133238,23163.54
133237,38150.11
133236,40748.04
133235,46610.12
133234,80088.1
133233,49746.27
133232,22315.35
133231,970.04
133230,499.8
133229,116.5
133228,32880.77
133227,58458.77
133226,38286.08
133225,1173.63
133224,22216.42
133223,23974.2
133222,39157.21
133221,47461.73
133220,65146.15
133219,41245.94
133218,36544.75
133217,29693.15
133216,37700.77
133215,37844.98
133214,47640.05
133213,72291.37
133212,45395.08
133211,31163.34
133210,31632.09
133209,36555.32
133208,42182.87
133207,61308.62
133206,92798.54
133205,58052.79
133204,28606.63
133203,30354.4
133202,27627.2
133201,34310.0
133200,49696.45
133199,74011.24
133198,46861.05
133197,33243.53
133196,27545.97
133195,41098.84
133194,41067.95
133193,54412.08
133192,73911.94
133191,55511.5
133190,33424.77
133189,27089.74
133188,35185.81
133187,49501.33
133186,48560.77
133185,64706.56
133184,45697.43
133183,59958.52
133182,29432.27
133181,21748.19
133180,33966.4
133179,46698.21
133178,57589.75
133177,41399.06
133176,30435.14
133175,45793.15
133174,41627.22
133173,40877.56
133172,48031.53
133171,67602.18
133170,47594.6
133169,35619.03
133168,36269.15
133167,38194.24
133166,47969.04
133165,61047.92
133164,72842.41
133163,45050.56
133162,30887.73
133161,27534.26
133160,30863.91
133159,32495.28
133158,47940.49
133157,49574.53
133156,41524.08
133155,25038.24
133154,22898.25
133153,26978.98
133152,33591.18
133151,38551.08
133150,54379.61
133149,41734.92
133148,32866.44
