124351,30366.65
124350,48320.91
124349,41604.2
124348,13887.52
124347,13011.88
124346,10408.99
124345,13178.27
124344,1042.28
124343,25984.09
124342,22119.8
124341,12592.56
124340,12487.97
124339,12643.19
124338,21857.45
124337,23271.94
124336,35212.03
124335,22092.34
124334,25723.3
124333,10760.71
124332,13352.05
124331,13143.33
124330,16469.34
124329,35136.03
124328,30683.04
124327,13520.26
124326,12657.02
124325,14231.07
124324,13791.67
124323,22930.79
124322,36920.1
124321,24631.91
124320,14822.42
124319,15541.37
124318,16849.55
124317,22140.23
124316,24534.97
124315,40658.08
124314,19507.03
124313,14049.89
124312,18397.48
124311,21380.9
124310,34928.08
124309,47339.33
124308,73134.58
124307,40868.02
124306,32715.54
124305,19585.64
124304,25416.5
124303,19430.63
124302,34168.14
124301,54145.85
124300,37786.06
124299,15215.73
124298,17729.04
124297,19586.23
124296,14886.35
124295,27116.1
124294,41016.76
124293,29036.92
124292,24838.69
124291,17724.73
124290,17753.71
124289,34206.17
124288,44962.03
124287,66324.87
124286,49179.71
124285,24170.96
124284,33003.03
124283,40820.67
124282,26378.79
124281,31931.39
124280,50142.15
124279,40940.87
124278,17932.89
124277,19517.57
124276,36469.78
124275,36027.9
124274,32118.62
124273,55975.39
124272,38609.59
124271,26882.69
124270,28784.12
124269,35197.78
124268,30007.41
124267,51743.69
124266,64513.26
124265,19786.02
124264,16215.22
124263,17748.46
124262,20202.01
124261,24996.5
124260,38482.72
124259,28566.92
124258,738.92
124257,15597.64
124256,19952.05
124255,26936.79
124254,32154.68
124253,52599.64
124252,41347.12
124251,14883.8
124250,883.0
124249,426.58
124248,129.17
124247,23243.19
124246,44538.86
124245,34099.93
124244,563.95
124243,19440.16
124242,18011.12
124241,38545.32
124240,41136.91
124239,52125.65
124238,33836.86
124237,23989.22
124236,22185.54
124235,28890.3
124234,26985.23
124233,40466.7
124232,67422.06
124231,32454.87
124230,17406.87
124229,23532.26
124228,18851.26
124227,31665.42
124226,42282.99
124225,64255.15
124224,45181.15
124223,20933.17
124222,21046.81
124221,21610.0
124220,25728.12
124219,47191.78
124218,59778.45
124217,38101.42
124216,26345.28
124215,28654.77
124214,30939.4
124213,35675.86
124212,37946.19
124211,49212.41
124210,37574.36
124209,18934.02
124208,21294.65
124207,22157.85
124206,25682.59
124205,39393.59
124204,47181.25
124203,28946.55
124202,43320.22
124201,20341.68
124200,19638.27
124199,24507.92
124198,31266.9
124197,47226.2
124196,33295.65
124195,19155.22
124194,39732.2
124193,33388.15
124192,29644.57
124191,39979.12
124190,53235.39
124189,39297.01
124188,27513.85
124187,31922.18
124186,29701.99
124185,35209.46
124184,44971.45
124183,58990.62
124182,43928.01
124181,23436.08
124180,19630.52
124179,18778.0
124178,25607.92
124177,33020.19
124176,37744.81
124175,35445.72
124174,17889.53
124173,11428.58
124172,19988.86
124171,24997.62
124170,26217.16
124169,32547.96
124168,26792.5
124167,17445.28
