214292,13222.3
214291,21204.57
214290,20383.46
214289,10952.05
214288,8196.57
214287,7476.71
214286,8631.58
214285,556.09
214284,13238.4
214283,11421.04
214282,6231.58
214281,7138.93
214280,6527.66
214279,9964.64
214278,11063.91
214277,16106.97
214276,11413.29
214275,12547.37
214274,6064.7
214273,7938.09
214272,8515.5
214271,8941.89
214270,17226.09
214269,11277.08
214268,4363.79
214267,4822.41
214266,6575.09
214265,6350.41
214264,7925.16
214263,16604.43
214262,14192.86
214261,10862.54
214260,8780.06
214259,10845.78
214258,10204.45
214257,14881.91
214256,16144.67
214255,11177.54
214254,9880.59
214253,10932.9
214252,9214.73
214251,17757.65
214250,24022.61
214249,30651.85
214248,18069.38
214247,17341.97
214246,12488.29
214245,10706.34
214244,10158.47
214243,18355.26
214242,22572.75
214241,18290.48
214240,10721.17
214239,6878.93
214238,10930.6
214237,10366.31
214236,17065.84
214235,18881.94
214234,14453.56
214233,13810.9
214232,9208.35
214231,10126.8
214230,19495.38
214229,19485.38
214228,23968.52
214227,21027.43
214226,12714.01
214225,14760.06
214224,19206.29
214223,13983.06
214222,15612.46
214221,18533.78
214220,23327.26
214219,8614.04
214218,12402.48
214217,17831.56
214216,16153.81
214215,21251.15
214214,27987.46
214213,23168.64
214212,17390.45
214211,15059.53
214210,20475.07
214209,16413.29
214208,27900.21
214207,31897.88
214206,9263.04
214205,10525.74
214204,10923.47
214203,15694.45
214202,17021.94
214201,18588.14
214200,13493.51
214199,7258.54
214198,9106.71
214197,16216.39
214196,15294.91
214195,22715.91
214194,29508.5
214193,25383.91
214192,955.68
214191,10357.53
214190,9241.95
214189,11522.33
214188,13207.85
214187,21804.64
214186,12747.49
214185,6166.61
214184,8632.88
214183,9607.37
214182,15359.14
214181,15586.33
214180,20026.35
214179,17972.75
214178,8521.63
214177,11293.26
214176,11345.92
214175,12605.85
214174,730.5
214173,25834.89
214172,20452.02
214171,9936.57
214170,12254.54
214169,14290.39
214168,23258.77
214167,27465.22
214166,37544.34
214165,25642.93
214164,14874.7
214163,11126.38
214162,12906.96
214161,9593.64
214160,21244.81
214159,27778.11
214158,19411.35
214157,11617.72
214156,13015.54
214155,12602.69
214154,13869.18
214153,13737.75
214152,23756.88
214151,20032.55
214150,9423.0
214149,8366.63
214148,11140.43
214147,16431.94
214146,18142.4
214145,22987.89
214144,19938.54
214143,17444.46
214142,9529.08
214141,10617.21
214140,16861.98
214139,16453.47
214138,22459.39
214137,20040.82
214136,9855.96
214135,18243.7
214134,16113.81
214133,18093.93
214132,16037.0
214131,24949.83
214130,22532.57
214129,11804.71
214128,17107.51
214127,12765.0
214126,17735.39
214125,22035.89
214124,28317.78
214123,20982.21
214122,8224.78
214121,7675.93
214120,8874.45
214119,10791.29
214118,17629.25
214117,15952.38
214116,17552.3
214115,8206.72
214114,4146.6
214113,9124.57
214112,12975.02
214111,15925.16
214110,16587.14
214109,17338.77
214108,11547.48
