7094,38469.81
7093,59394.46
7092,46700.6
7091,13989.6
7090,14824.97
7089,14535.55
7088,17067.36
7087,835.77
7086,38880.02
7085,19900.68
7084,13551.51
7083,14606.85
7082,12848.7
7081,32224.79
7080,35470.91
7079,67941.19
7078,37088.78
7077,34451.42
7076,21888.22
7075,22096.16
7074,23629.14
7073,26477.5
7072,61185.02
7071,44638.41
7070,10690.96
7069,12648.12
7068,14847.47
7067,14777.77
7066,28304.6
7065,51775.06
7064,32947.28
7063,20713.82
7062,16011.9
7061,22653.58
7060,22953.07
7059,36391.64
7058,63186.49
7057,36806.33
7056,16842.42
7055,18206.61
7054,22187.08
7053,47968.07
7052,61047.09
7051,106512.38
7050,57211.56
7049,39128.13
7048,30277.98
7047,36360.59
7046,25769.44
7045,43400.61
7044,69608.69
7043,53927.3
7042,23842.75
7041,21960.9
7040,22803.17
7039,22831.84
7038,34156.39
7037,66531.91
7036,43019.82
7035,26319.08
7034,13402.03
7033,21995.52
7032,47354.53
7031,62534.56
7030,100696.38
7029,74925.6
7028,37456.05
7027,42330.56
7026,52176.21
7025,31318.99
7024,40743.19
7023,70193.81
7022,55787.62
7021,22010.86
7020,18929.63
7019,37484.98
7018,37782.31
7017,52811.0
7016,93795.37
7015,71599.05
7014,35656.0
7013,42159.38
7012,43186.95
7011,30714.96
7010,69895.76
7009,91210.38
7008,-30.68
7007,26637.34
7006,22355.77
7005,22154.28
7004,26121.89
7003,33911.23
7002,47720.61
7001,45715.63
7000,991.96
6999,16069.71
6998,28333.37
6997,28525.96
6996,40001.82
6995,84512.75
6994,59698.76
6993,16581.83
6992,1498.01
6991,761.6
6990,226.35
6989,30781.48
6988,46507.45
6987,38802.66
6986,1524.16
6985,16603.39
6984,19797.39
6983,43981.19
6982,58677.62
6981,76259.54
6980,58584.7
6979,31556.51
6978,30261.97
6977,31826.54
6976,33683.44
6975,48658.21
6974,84831.13
6973,47448.93
6972,23976.21
6971,27697.92
6970,23311.71
6969,43553.5
6968,48242.73
6967,94234.1
6966,47501.99
6965,18036.85
6964,21257.33
6963,21349.4
6962,23305.89
6961,48018.61
6960,71167.51
6959,55781.06
6958,32439.56
6957,30838.53
6956,35429.16
6955,29473.34
6954,46050.86
6953,64008.24
6952,62000.95
6951,24331.77
6950,26578.75
6949,28861.15
6948,41777.1
6947,49202.56
6946,71287.23
6945,50937.71
6944,49524.73
6943,24724.81
6942,24527.92
6941,34601.47
6940,38792.51
6939,61313.82
6938,46999.32
6937,24814.25
6936,49045.77
6935,41640.42
6934,43978.78
6933,53220.96
6932,74343.82
6931,57911.14
6930,37155.79
6929,33560.6
6928,44381.0
6927,45226.21
6926,55287.45
6925,70871.92
6924,49228.13
6923,19089.89
6922,21491.92
6921,19472.03
6920,28377.08
6919,42280.04
6918,39217.18
6917,51004.24
6916,22763.81
6915,14883.65
6914,21477.81
6913,27410.45
6912,36956.3
6911,45778.32
6910,36087.96
6909,19789.75
