207577,19188.13
207576,35943.42
207575,35428.15
207574,10946.91
207573,11926.45
207572,13747.17
207571,16311.2
207570,888.46
207569,26564.31
207568,20100.85
207567,10209.16
207566,8362.85
207565,11248.38
207564,15551.22
207563,22163.6
207562,26413.47
207561,22297.71
207560,20617.66
207559,13102.24
207558,15056.49
207557,17752.97
207556,16305.77
207555,28317.04
207554,22138.82
207553,10428.65
207552,10448.3
207551,11475.9
207550,12130.51
207549,20201.72
207548,28616.64
207547,19202.28
207546,14585.31
207545,17828.94
207544,17851.47
207543,17869.31
207542,22059.81
207541,29774.78
207540,16893.41
207539,14393.14
207538,13903.24
207537,15900.54
207536,31952.06
207535,40603.22
207534,48756.45
207533,36132.18
207532,32148.75
207531,17290.08
207530,20548.23
207529,17104.51
207528,27352.81
207527,35490.66
207526,31030.32
207525,13950.86
207524,14965.32
207523,12206.19
207522,13002.45
207521,21905.15
207520,33229.13
207519,19309.39
207518,20198.46
207517,16883.26
207516,17511.09
207515,29545.15
207514,37146.53
207513,50112.46
207512,39738.96
207511,21432.15
207510,25063.39
207509,41495.87
207508,19948.48
207507,28327.82
207506,38731.46
207505,36343.58
207504,15113.52
207503,16953.08
207502,27859.74
207501,28297.24
207500,34694.87
207499,44243.94
207498,40634.33
207497,25300.32
207496,29494.1
207495,36710.45
207494,29676.61
207493,47189.91
207492,64744.91
207491,15788.91
207490,14856.54
207489,21352.65
207488,22866.42
207487,25620.51
207486,34417.42
207485,18698.53
207484,566.05
207483,15098.06
207482,28644.8
207481,25835.71
207480,35525.39
207479,46383.84
207478,41001.91
207477,13413.1
207476,579.83
207475,320.06
207474,108.88
207473,27058.9
207472,30438.16
207471,28575.07
207470,731.85
207469,13975.13
207468,15516.43
207467,27476.48
207466,35193.22
207465,39195.26
207464,35747.22
207463,20438.79
207462,19664.5
207461,23229.49
207460,26151.16
207459,33993.72
207458,47998.96
207457,30851.91
207456,17471.4
207455,23198.89
207454,23813.97
207453,32425.65
207452,44915.61
207451,64526.66
207450,38283.77
207449,17052.06
207448,16842.76
207447,16704.18
207446,18675.36
207445,36736.02
207444,47485.93
207443,32230.94
207442,22905.41
207441,22487.96
207440,23490.53
207439,25718.63
207438,32011.43
207437,44469.62
207436,40476.92
207435,14913.38
207434,16879.94
207433,17382.28
207432,25007.78
207431,35169.73
207430,37443.64
207429,35119.98
207428,39538.17
207427,20901.23
207426,16826.12
207425,25060.54
207424,30330.66
207423,38519.86
207422,32990.41
207421,20319.56
207420,32583.8
207419,27694.63
207418,26649.43
207417,36232.7
207416,41114.47
207415,38568.87
207414,21838.49
207413,27677.63
207412,27452.58
207411,35130.75
207410,47602.25
207409,54291.17
207408,43252.79
207407,16714.84
207406,20888.83
207405,22889.47
207404,24311.01
207403,31008.27
207402,34840.73
207401,36794.86
207400,15187.09
207399,11517.01
207398,18675.0
207397,23128.11
207396,27841.76
207395,38232.93
207394,26776.71
207393,21342.57
