135621,54248.03
135620,97457.55
135619,43062.89
135618,29587.82
135617,24492.82
135616,6425.27
135615,2290.69
135614,38419.2
135613,26759.22
135612,13324.16
135611,27749.88
135610,38377.43
135609,10382.23
135608,4823.4
135607,79247.2
135606,107237.02
135605,42937.34
135604,26827.65
135603,23797.94
135602,3663.98
135601,1195.37
135600,109099.97
135599,30741.11
135598,17502.39
135597,711.09
135596,36248.31
135595,1909.07
135594,336.11
135593,99531.58
135592,79311.94
135591,20663.26
135590,29779.31
135589,25447.95
135588,4502.35
135587,550.83
135586,61147.39
135585,42498.82
135584,22921.53
135583,29546.09
135582,54616.71
135581,13939.23
135580,3373.23
135579,80081.26
135578,88561.94
135577,44218.34
135576,38736.33
135575,39860.6
135574,8703.13
135573,1511.07
135572,105430.04
135571,92536.43
135570,36834.28
135569,26408.51
135568,33288.41
135567,5310.24
135566,529.01
135565,142906.66
135564,60544.37
135563,21266.79
135562,30658.23
135561,31835.78
135560,6913.26
135559,1350.92
135558,101453.9
135557,44498.84
135556,45583.54
135555,54138.86
135554,41969.73
135553,12005.49
135552,5714.52
135551,42625.9
135550,46277.38
135549,21187.56
135548,30828.85
135547,27623.96
135546,7691.56
135545,978.36
135544,84897.56
135543,32612.59
135542,35195.08
135541,43664.79
135540,24270.46
135539,1738.48
135538,71899.92
135537,25840.55
135536,50555.13
135535,30679.89
135534,21802.47
135533,3460.69
135532,271.15
135531,53284.58
135530,20252.54
135529,16616.47
135528,65671.89
135527,47810.56
135526,9967.62
135525,2126.0
135524,103087.31
135523,20207.01
135522,14366.68
135521,14820.66
135520,25036.86
135519,956.36
135518,383.3
135517,81355.91
135516,20049.42
135515,5424.92
135514,40035.34
135513,60512.97
135512,10735.97
135511,1775.47
135510,128478.86
135509,122162.28
135508,64859.39
135507,53915.64
135506,38572.08
135505,2485.21
135504,286.46
135503,133270.39
135502,43984.21
135501,20234.95
135500,24391.84
135499,51085.01
135498,7723.12
135497,629.97
135496,146052.82
135495,33750.09
135494,3616.62
135493,91199.6
135492,25678.9
135491,6928.93
135490,1898.63
135489,167340.12
135488,173692.73
135487,77950.83
135486,71778.94
135485,94514.72
135484,12025.64
135483,1313.48
135482,178479.01
135481,163610.01
135480,88493.92
135479,6283.99
135478,80352.92
135477,5618.86
135476,638.63
135475,96.64
135474,126680.67
135473,129234.38
135472,7408.33
135471,69767.43
135470,4943.6
135469,1886.26
135468,143596.24
135467,13325.47
135466,134786.92
135465,109015.45
135464,72649.81
135463,15385.19
135462,7654.04
135461,248892.41
135460,81616.53
135459,42817.38
135458,10829.99
135457,80274.04
135456,5413.26
135455,2021.94
135454,129460.34
135453,88035.25
135452,32836.07
135451,4678.05
135450,64028.26
135449,5742.57
135448,788.95
135447,103103.03
135446,47342.66
135445,12771.52
135444,544.41
135443,47124.39
135442,1659.83
135441,209.1
135440,30.07
