187337,27295.16
187336,45941.2
187335,38841.89
187334,9738.96
187333,12896.47
187332,12684.14
187331,17550.16
187330,341.59
187329,26460.28
187328,21978.74
187327,11444.98
187326,12184.27
187325,12104.44
187324,23103.4
187323,26235.88
187322,28986.02
187321,36424.18
187320,23054.88
187319,17329.2
187318,19935.58
187317,17829.11
187316,18344.81
187315,41984.33
187314,28091.11
187313,14206.5
187312,11692.41
187311,13288.16
187310,14641.74
187309,24176.42
187308,40637.25
187307,26186.08
187306,16992.69
187305,16481.52
187304,13768.1
187303,17084.76
187302,8867.36
187301,33948.97
187300,28761.3
187299,8487.01
187298,16415.61
187297,18680.37
187296,34482.53
187295,41560.2
187294,69769.92
187293,33932.54
187292,36867.02
187291,16669.84
187290,28548.61
187289,18989.75
187288,30582.12
187287,43693.43
187286,37297.99
187285,16323.46
187284,16374.18
187283,13249.25
187282,15466.28
187281,21479.24
187280,41211.28
187279,27682.78
187278,19293.79
187277,12857.24
187276,18180.19
187275,36399.26
187274,24164.15
187273,76940.69
187272,56195.87
187271,31909.23
187270,32298.41
187269,42486.67
187268,23439.3
187267,31192.78
187266,48760.31
187265,42240.61
187264,14692.76
187263,14488.47
187262,27876.31
187261,25550.01
187260,35959.6
187259,68949.66
187258,49751.85
187257,19941.6
187256,28748.1
187255,35754.99
187254,29868.05
187253,44302.91
187252,68649.39
187251,17151.88
187250,18468.48
187249,19306.01
187248,18477.38
187247,27201.05
187246,48407.46
187245,35061.28
187244,733.16
187243,16258.67
187242,24418.65
187241,25198.11
187240,37079.52
187239,59540.26
187238,49371.93
187237,18457.8
187236,790.21
187235,761.02
187234,144.34
187233,24981.2
187232,43511.45
187231,33042.23
187230,807.48
187229,19706.16
187228,18729.6
187227,38581.85
187226,43783.92
187225,60192.91
187224,50155.08
187223,28510.96
187222,22061.19
187221,27123.92
187220,28177.27
187219,36543.99
187218,63017.14
187217,37821.25
187216,22167.23
187215,21378.49
187214,21093.29
187213,33058.59
187212,40899.35
187211,65309.5
187210,36820.63
187209,16685.34
187208,13424.19
187207,24409.31
187206,21890.63
187205,51050.36
187204,57487.09
187203,51295.64
187202,31593.38
187201,24387.58
187200,31981.14
187199,26353.94
187198,41232.99
187197,53386.19
187196,60471.69
187195,20284.58
187194,21081.54
187193,25487.73
187192,30843.16
187191,44898.41
187190,47864.31
187189,52716.74
187188,56761.4
187187,21933.38
187186,24895.63
187185,31557.74
187184,35243.74
187183,39200.82
187182,40709.25
187181,21233.11
187180,39693.78
187179,39260.25
187178,28986.34
187177,39697.27
187176,59716.79
187175,44721.87
187174,27682.5
187173,30430.7
187172,30430.46
187171,39135.99
187170,47546.41
187169,53362.16
187168,35216.58
187167,23895.45
187166,25943.44
187165,24892.98
187164,29328.15
187163,36573.48
187162,38857.01
187161,39524.86
187160,23495.15
187159,16594.49
187158,24935.65
187157,28134.06
187156,29708.25
187155,31344.48
187154,23422.45
187153,21429.33
