111089,37311.62
111088,58075.95
111087,50019.22
111086,15695.87
111085,14969.9
111084,19504.25
111083,14452.25
111082,364.53
111081,33265.55
111080,34786.31
111079,18027.99
111078,14897.62
111077,18893.08
111076,30980.41
111075,35061.07
111074,55899.88
111073,40218.96
111072,37725.59
111071,18314.75
111070,17693.85
111069,21178.11
111068,27429.98
111067,58954.96
111066,45074.58
111065,14039.2
111064,16212.01
111063,17082.51
111062,14895.79
111061,33125.22
111060,50179.57
111059,35115.02
111058,19156.82
111057,23500.71
111056,21601.45
111055,24985.05
111054,34979.6
111053,49460.18
111052,30565.95
111051,16843.15
111050,16403.82
111049,16571.87
111048,41461.89
111047,58923.29
111046,95554.94
111045,33431.37
111044,47154.11
111043,30871.09
111042,40607.34
111041,26470.37
111040,40808.95
111039,66748.09
111038,52196.14
111037,22508.11
111036,22791.17
111035,18909.53
111034,25044.68
111033,37761.45
111032,62089.3
111031,41193.11
111030,31872.91
111029,20709.18
111028,23754.26
111027,52641.58
111026,62044.2
111025,102114.72
111024,72237.08
111023,45891.45
111022,54918.04
111021,66298.8
111020,38049.27
111019,50732.68
111018,71781.27
111017,69019.03
111016,24695.35
111015,22142.26
111014,44375.5
111013,41286.38
111012,49959.59
111011,87105.27
111010,53032.18
111009,34572.87
111008,40648.63
111007,52746.49
111006,41983.57
111005,69052.95
111004,83355.95
111003,-22.94
111002,23408.88
111001,19957.51
111000,23055.46
110999,32044.93
110998,36531.9
110997,57801.07
110996,37068.72
110995,46.9
110994,17364.22
110993,40968.94
110992,38251.3
110991,46720.03
110990,70822.76
110989,63256.79
110988,17326.31
110987,112.83
110986,39904.57
110985,42200.81
110984,51970.08
110983,73.98
110982,26756.73
110981,28325.33
110980,50645.12
110979,55171.11
110978,83254.61
110977,67661.71
110976,35737.48
110975,36305.76
110974,50545.72
110973,45057.78
110972,52455.94
110971,97551.21
110970,47613.24
110969,27338.15
110968,29721.29
110967,35221.68
110966,41354.53
110965,54423.63
110964,63234.38
110963,56655.11
110962,21098.55
110961,27551.59
110960,24224.83
110959,28629.48
110958,61294.85
110957,76642.69
110956,53221.72
110955,39360.08
110954,40215.44
110953,41876.35
110952,37148.06
110951,53190.74
110950,76322.79
110949,69638.85
110948,29600.77
110947,27689.1
110946,30687.8
110945,41030.06
110944,52165.95
110943,72247.66
110942,52613.87
110941,69995.72
110940,28715.1
110939,28361.45
110938,39565.01
110937,41350.9
110936,61030.91
110935,45474.13
110934,29515.64
110933,48588.16
110932,51976.42
110931,48481.08
110930,57367.17
110929,79417.97
110928,69467.36
110927,41942.61
110926,44340.15
110925,44147.53
110924,54582.6
110923,65343.06
110922,76667.09
110921,56972.8
110920,23097.51
110919,25947.7
110918,24735.12
110917,34734.07
110916,44637.87
110915,44695.1
110914,54600.46
110913,24152.88
110912,22404.56
110911,21997.4
110910,28813.62
110909,36196.36
110908,43953.99
110907,33414.65
110906,31951.39
