75243,25708.48
75242,52039.49
75241,48858.69
75240,12250.66
75239,13599.45
75238,16971.55
75237,16224.39
75236,929.84
75235,38445.68
75234,17528.45
75233,14843.32
75232,13397.0
75231,15173.31
75230,27392.2
75229,26740.48
75228,46842.97
75227,35304.3
75226,37144.14
75225,19263.61
75224,22700.8
75223,22108.16
75222,25768.74
75221,46133.05
75220,42186.92
75219,14262.65
75218,19422.0
75217,22051.32
75216,22755.95
75215,29656.56
75214,50783.33
75213,34296.88
75212,13607.63
75211,17198.21
75210,20721.59
75209,15750.23
75208,27053.13
75207,52322.26
75206,32250.05
75205,20494.22
75204,18766.09
75203,21407.59
75202,49147.28
75201,54021.71
75200,81310.6
75199,54956.89
75198,42934.34
75197,28458.79
75196,40336.6
75195,28602.95
75194,40684.48
75193,59887.19
75192,56752.31
75191,18821.68
75190,16049.42
75189,8576.68
75188,16264.03
75187,30971.02
75186,53637.28
75185,41285.98
75184,29653.61
75183,14544.15
75182,17253.37
75181,33749.64
75180,46514.74
75179,78196.76
75178,63601.81
75177,41769.23
75176,52079.94
75175,68765.79
75174,31853.42
75173,40063.14
75172,65742.47
75171,52496.55
75170,18310.68
75169,23249.61
75168,41691.56
75167,37455.33
75166,41595.04
75165,76000.47
75164,69344.04
75163,37586.14
75162,43468.13
75161,51711.59
75160,32596.07
75159,69571.72
75158,87557.04
75157,27248.27
75156,34182.93
75155,32024.16
75154,31174.24
75153,34785.62
75152,46023.86
75151,40246.43
75150,21103.15
75149,18884.97
75148,37752.89
75147,33077.82
75146,38366.06
75145,56682.11
75144,43097.14
75143,1015.52
75142,20187.55
75141,24762.26
75140,24258.03
75139,32976.35
75138,49211.73
75137,45388.78
75136,29922.58
75135,30870.93
75134,30422.62
75133,46710.69
75132,53058.58
75131,83058.94
75130,57620.98
75129,36019.96
75128,38569.84
75127,44052.67
75126,38560.33
75125,1225.54
75124,82629.85
75123,50035.15
75122,30023.24
75121,33961.28
75120,31758.21
75119,51686.48
75118,56203.56
75117,86900.46
75116,50745.57
75115,25258.74
75114,23011.03
75113,34310.83
75112,25527.68
75111,63281.56
75110,74357.99
75109,56029.93
75108,38738.56
75107,35200.85
75106,43955.01
75105,38896.65
75104,44577.66
75103,69850.35
75102,70200.57
75101,30889.4
75100,35585.16
75099,39480.3
75098,1082.22
75097,67070.95
75096,68143.89
75095,54495.14
75094,62214.87
75093,33325.16
75092,32837.48
75091,45073.97
75090,47837.34
75089,66046.55
75088,52499.47
75087,28141.26
75086,54249.06
75085,50082.59
75084,44015.3
75083,52474.88
75082,85380.22
75081,58406.98
75080,42532.43
75079,40020.71
75078,42606.8
75077,51175.33
75076,62709.86
75075,85540.72
75074,66724.39
75073,30498.04
75072,28806.75
75071,35205.17
75070,36117.03
75069,46238.16
75068,52193.98
75067,59601.4
75066,26397.26
75065,18594.63
75064,30191.47
75063,38748.57
75062,37665.31
75061,41912.56
75060,33818.9
75059,27776.95
