154787,19594.27
154786,31615.99
154785,26049.82
154784,7996.77
154783,9672.03
154782,10473.65
154781,13073.57
154780,494.05
154779,16893.09
154778,12786.07
154777,7697.63
154776,8969.84
154775,8491.13
154774,15187.82
154773,15774.24
154772,24367.5
154771,15875.0
154770,15813.22
154769,10859.03
154768,10878.97
154767,11634.7
154766,10735.96
154765,25902.41
154764,15129.09
154763,9628.61
154762,7459.55
154761,7713.8
154760,9055.03
154759,17753.46
154758,28747.82
154757,16416.0
154756,13118.06
154755,11519.12
154754,13683.85
154753,17739.67
154752,16859.07
154751,31265.37
154750,15565.31
154749,11236.5
154748,14604.65
154747,17918.72
154746,29339.64
154745,32625.65
154744,50595.76
154743,28144.97
154742,23967.66
154741,16907.92
154740,18603.56
154739,15775.87
154738,22332.39
154737,37992.91
154736,21255.8
154735,13474.93
154734,11572.91
154733,12686.02
154732,16108.8
154731,21838.08
154730,36841.32
154729,21221.49
154728,21775.19
154727,13976.24
154726,16353.94
154725,26958.51
154724,27070.12
154723,44486.7
154722,33775.52
154721,19657.64
154720,22925.17
154719,22180.48
154718,21016.47
154717,20913.83
154716,39120.9
154715,28446.94
154714,17120.61
154713,18298.18
154712,24961.5
154711,23116.47
154710,24819.9
154709,32687.16
154708,26092.93
154707,17806.87
154706,19423.89
154705,20503.17
154704,20784.97
154703,35471.72
154702,47861.85
154701,11748.13
154700,9247.48
154699,11035.38
154698,18215.93
154697,18764.29
154696,31216.8
154695,24627.58
154694,12796.69
154693,22571.05
154692,20782.6
154691,24757.71
154690,37984.17
154689,29241.26
154688,9475.97
154687,79.98
154686,17829.93
154685,26407.24
154684,19787.13
154683,3.0
154682,13207.07
154681,9300.18
154680,20504.9
154679,19502.31
154678,36067.28
154677,23207.04
154676,13371.05
154675,12867.05
154674,17201.78
154673,19423.35
154672,15075.71
154671,49562.14
154670,29319.92
154669,16405.66
154668,17972.81
154667,19927.83
154666,32505.8
154665,35762.1
154664,54212.36
154663,29765.04
154662,11857.97
154661,13877.79
154660,14146.2
154659,16144.45
154658,27629.71
154657,39459.42
154656,27371.31
154655,17723.49
154654,16093.44
154653,21035.95
154652,15793.73
154651,23657.11
154650,38427.63
154649,27267.1
154648,11401.81
154647,15059.16
154646,16564.78
154645,23216.74
154644,23293.96
154643,34051.28
154642,25266.68
154641,34743.91
154640,12259.06
154639,17026.64
154638,17383.24
154637,27206.94
154636,32670.06
154635,24753.25
154634,13041.81
154633,23165.88
154632,23264.44
154631,19595.41
154630,27292.88
154629,33778.31
154628,29279.0
154627,19266.17
154626,20051.11
154625,17887.53
154624,24381.97
154623,30599.85
154622,39857.73
154621,30053.62
154620,14213.53
154619,17036.16
154618,14375.51
154617,19726.95
154616,21161.9
154615,22670.0
154614,26408.62
154613,11508.08
154612,9656.21
154611,14133.49
154610,19574.6
154609,23141.65
154608,27044.44
154607,20293.44
154606,14965.9
