59278,27969.02
59277,65478.95
59276,69719.89
59275,18219.2
59274,22948.81
59273,22015.96
59272,25578.31
59271,1263.43
59270,44950.19
59269,34571.6
59268,18494.5
59267,19793.33
59266,24212.07
59265,44954.71
59264,52780.67
59263,71832.84
59262,54585.87
59261,51924.27
59260,27983.44
59259,35437.39
59258,35996.79
59257,37010.6
59256,2408.44
59255,40556.97
59254,23369.24
59253,23001.04
59252,23444.67
59251,24536.03
59250,45552.88
59249,62872.8
59248,44286.89
59247,22495.5
59246,21362.69
59245,22545.2
59244,32320.37
59243,31853.2
59242,59337.61
59241,43102.16
59240,23791.29
59239,30658.52
59238,30363.4
59237,62974.52
59236,65431.82
59235,88125.45
59234,52771.14
59233,44066.83
59232,29115.97
59231,43438.18
59230,32004.19
59229,47545.13
59228,64531.68
59227,59832.78
59226,24790.14
59225,20673.09
59224,26807.72
59223,24118.92
59222,42851.05
59221,66843.24
59220,45927.33
59219,37558.1
59218,26986.1
59217,29037.13
59216,60166.3
59215,60780.32
59214,99669.83
59213,86688.24
59212,53716.34
59211,63892.47
59210,82341.19
59209,47096.41
59208,55329.81
59207,81463.32
59206,68834.43
59205,28221.01
59204,35930.92
59203,60244.39
59202,51405.99
59201,62392.79
59200,109373.18
59199,69682.76
59198,42985.89
59197,56639.3
59196,71779.11
59195,57631.44
59194,84901.02
59193,112808.73
59192,-69.99
59191,34368.95
59190,32438.57
59189,30964.89
59188,39538.15
59187,44788.72
59186,65639.3
59185,55157.3
59184,20109.58
59183,28162.91
59182,46305.02
59181,44832.23
59180,54597.11
59179,79281.25
59178,73278.76
59177,2060.74
59176,29018.12
59175,39458.94
59174,35990.69
59173,45038.87
59172,65255.39
59171,65041.46
59170,41818.51
59169,37550.11
59168,41597.83
59167,79960.59
59166,89803.37
59165,101630.94
59164,85713.28
59163,51380.02
59162,52095.95
59161,68048.54
59160,55372.04
59159,1992.72
59158,95815.74
59157,65014.25
59156,35226.39
59155,37714.41
59154,49386.86
59153,57679.81
59152,76350.84
59151,109508.88
59150,65701.33
59149,35460.5
59148,35169.83
59147,36411.24
59146,39246.16
59145,77022.7
59144,95621.59
59143,88885.85
59142,52475.85
59141,58759.09
59140,67574.77
59139,55959.76
59138,66765.08
59137,96420.05
59136,94998.49
59135,35302.97
59134,39355.76
59133,58857.06
59132,680.55
59131,81669.49
59130,93358.48
59129,88556.8
59128,77435.25
59127,49127.8
59126,48107.37
59125,59246.31
59124,55102.9
59123,71144.11
59122,70474.89
59121,36210.86
59120,72133.56
59119,63341.6
59118,69870.6
59117,68871.31
59116,96801.44
59115,85731.52
59114,53406.25
59113,59839.72
59112,66825.93
59111,79757.68
59110,85999.51
59109,110816.13
59108,92452.32
59107,47053.99
59106,48834.07
59105,63506.26
59104,54413.28
59103,62954.63
59102,68841.2
59101,78687.42
59100,37709.11
59099,36374.9
59098,48960.72
59097,48837.13
59096,49771.24
59095,63804.03
59094,55398.67
59093,46137.59
