75435,33748.53
75434,43037.16
75433,36430.72
75432,12939.5
75431,13074.31
75430,11449.93
75429,13090.57
75428,436.47
75427,32269.43
75426,26058.54
75425,11156.69
75424,11706.82
75423,11510.32
75422,15534.47
75421,24348.77
75420,33266.61
75419,24888.54
75418,25835.82
75417,13235.95
75416,13435.68
75415,12518.19
75414,16602.57
75413,35425.91
75412,26649.44
75411,10744.56
75410,9252.34
75409,11513.5
75408,10041.93
75407,21506.31
75406,36034.85
75405,25619.13
75404,13635.18
75403,13445.63
75402,15617.33
75401,18622.38
75400,24584.85
75399,38453.72
75398,24559.74
75397,14052.65
75396,15609.91
75395,19948.7
75394,37323.06
75393,44670.58
75392,72855.65
75391,43814.87
75390,28507.04
75389,19374.73
75388,20206.78
75387,19859.25
75386,32296.7
75385,59154.8
75384,38910.95
75383,15818.57
75382,12289.79
75381,15643.31
75380,13073.25
75379,25268.22
75378,50560.7
75377,30076.86
75376,20378.05
75375,17063.81
75374,20287.19
75373,33761.08
75372,42468.76
75371,63622.78
75370,43926.85
75369,24532.8
75368,23976.76
75367,36618.27
75366,31045.74
75365,36119.58
75364,57180.32
75363,40214.78
75362,15671.43
75361,22958.12
75360,34107.85
75359,31591.8
75358,40418.92
75357,62707.46
75356,40918.8
75355,24270.69
75354,27842.61
75353,30178.87
75352,26012.4
75351,57279.22
75350,74572.52
75349,15217.6
75348,17782.47
75347,14026.37
75346,24353.91
75345,28773.6
75344,47393.16
75343,31786.53
75342,13457.87
75341,11243.74
75340,29204.03
75339,31724.09
75338,43916.84
75337,64028.76
75336,49064.71
75335,1059.63
75334,14891.22
75333,16117.85
75332,22297.62
75331,27024.1
75330,40525.45
75329,28502.09
75328,13902.75
75327,16309.33
75326,16514.92
75325,31716.94
75324,42208.27
75323,59439.8
75322,41763.62
75321,25352.28
75320,18538.47
75319,26353.95
75318,25560.47
75317,1332.44
75316,69017.4
75315,42698.81
75314,17058.51
75313,22571.18
75312,26659.94
75311,37338.69
75310,49978.43
75309,78221.58
75308,51150.22
75307,16803.25
75306,21416.85
75305,21919.79
75304,23674.3
75303,44841.8
75302,63084.9
75301,44294.14
75300,25916.67
75299,21503.98
75298,28621.62
75297,24182.22
75296,38451.27
75295,58513.92
75294,51168.52
75293,18996.03
75292,19449.1
75291,20537.47
75290,118.79
75289,40120.1
75288,59315.95
75287,40524.75
75286,47997.84
75285,14387.27
75284,22870.02
75283,21400.17
75282,29838.02
75281,49527.83
75280,34496.58
75279,16580.05
75278,33072.54
75277,26885.63
75276,31610.36
75275,43555.6
75274,57125.8
75273,39181.07
75272,22130.36
75271,29375.01
75270,28685.22
75269,34952.92
75268,52566.41
75267,62652.14
75266,49857.45
75265,19551.69
75264,19776.21
75263,17322.1
75262,21481.2
75261,39339.21
75260,42409.89
75259,43575.88
75258,19983.1
75257,16482.13
75256,19971.47
75255,25860.04
75254,29639.64
75253,44627.65
75252,30875.15
75251,26586.37
