177210,18540.38
177209,28929.93
177208,25218.72
177207,12427.51
177206,12568.36
177205,8449.61
177204,9893.56
177203,751.75
177202,20711.84
177201,18067.89
177200,9196.21
177199,11348.38
177198,7442.6
177197,14520.1
177196,16683.82
177195,20097.06
177194,17870.99
177193,18725.48
177192,10084.34
177191,11570.85
177190,14835.55
177189,12061.43
177188,22458.15
177187,16395.66
177186,10791.09
177185,9256.11
177184,8459.61
177183,8792.99
177182,16972.2
177181,27853.7
177180,21429.32
177179,13020.72
177178,12381.71
177177,10344.86
177176,15147.11
177175,19598.69
177174,27970.13
177173,12425.76
177172,11038.69
177171,10687.86
177170,16781.82
177169,28194.38
177168,33557.84
177167,52025.98
177166,29552.07
177165,25922.16
177164,17307.07
177163,16438.46
177162,13499.67
177161,26304.79
177160,41099.55
177159,27392.98
177158,12215.98
177157,9814.23
177156,13700.23
177155,14552.57
177154,20500.06
177153,32802.81
177152,24350.82
177151,19329.19
177150,14545.41
177149,17675.82
177148,28644.33
177147,30114.8
177146,46844.73
177145,31355.99
177144,22733.85
177143,23701.78
177142,29814.56
177141,21217.15
177140,23856.21
177139,37479.97
177138,29284.43
177137,17837.32
177136,15508.94
177135,18446.12
177134,23217.56
177133,27927.93
177132,43515.69
177131,28894.91
177130,16908.8
177129,20104.53
177128,24645.07
177127,23920.59
177126,38831.87
177125,57585.28
177124,14256.54
177123,11797.6
177122,15960.2
177121,16014.99
177120,24163.86
177119,29715.5
177118,24159.54
177117,370.73
177116,15204.92
177115,28319.71
177114,22420.76
177113,32278.62
177112,45926.23
177111,35666.37
177110,11709.19
177109,608.09
177108,593.69
177107,156.55
177106,21513.82
177105,33115.12
177104,19482.22
177103,643.4
177102,12501.9
177101,14692.19
177100,22433.2
177099,29878.15
177098,47002.69
177097,29744.98
177096,19864.89
177095,17030.18
177094,21235.23
177093,19711.79
177092,31388.68
177091,46788.46
177090,25735.72
177089,17975.49
177088,19528.38
177087,19777.06
177086,31863.14
177085,39520.9
177084,61170.03
177083,36470.48
177082,14463.71
177081,16815.29
177080,13142.96
177079,16604.41
177078,36601.14
177077,39181.4
177076,31915.93
177075,22576.56
177074,23644.03
177073,22462.24
177072,25342.42
177071,34185.3
177070,43207.49
177069,36374.07
177068,15971.38
177067,13223.2
177066,18357.15
177065,24439.21
177064,33899.78
177063,35833.22
177062,23458.21
177061,27497.33
177060,14789.52
177059,13366.03
177058,17928.65
177057,25898.25
177056,31382.0
177055,24896.11
177054,13144.87
177053,23220.59
177052,21872.53
177051,20233.05
177050,26271.81
177049,31457.12
177048,29896.9
177047,21787.68
177046,21435.09
177045,17325.19
177044,23188.14
177043,31902.96
177042,42210.01
177041,28502.58
177040,11668.64
177039,13752.76
177038,12525.19
177037,18016.4
177036,23814.93
177035,24997.4
177034,25464.98
177033,12528.21
177032,13125.18
177031,14376.34
177030,19728.76
177029,19913.8
177028,29243.31
177027,22288.03
177026,15679.26
