175101,33018.6
175100,64533.89
175099,56815.82
175098,16870.27
175097,20665.64
175096,20570.54
175095,20371.48
175094,1772.66
175093,36435.7
175092,31217.09
175091,13818.85
175090,14432.38
175089,17286.7
175088,36752.93
175087,35936.21
175086,62195.75
175085,36595.89
175084,38277.11
175083,24085.9
175082,22575.29
175081,30667.67
175080,22594.46
175079,55585.93
175078,48690.25
175077,15353.81
175076,15316.12
175075,18319.15
175074,18915.49
175073,33442.87
175072,55059.41
175071,40907.87
175070,22686.33
175069,15928.82
175068,23418.68
175067,28050.88
175066,33922.14
175065,56569.0
175064,33984.19
175063,18101.9
175062,20892.0
175061,25022.09
175060,52029.05
175059,64519.37
175058,88938.01
175057,48923.77
175056,45498.48
175055,30952.84
175054,43227.97
175053,30217.69
175052,49293.62
175051,80172.74
175050,59153.38
175049,19987.15
175048,24178.0
175047,9876.86
175046,19664.1
175045,36916.59
175044,68294.82
175043,39186.21
175042,33468.89
175041,15048.37
175040,23621.3
175039,46210.2
175038,69670.3
175037,95056.21
175036,79759.64
175035,54151.51
175034,53763.6
175033,73375.41
175032,37872.46
175031,47553.36
175030,67944.21
175029,56190.02
175028,23700.57
175027,22562.56
175026,48842.69
175025,43122.21
175024,60158.48
175023,104615.42
175022,84535.85
175021,48766.55
175020,50319.98
175019,65192.31
175018,38101.77
175017,79525.59
175016,104479.77
175015,-13.18
175014,28263.7
175013,29782.45
175012,31081.98
175011,31615.73
175010,33312.62
175009,52304.01
175008,43312.94
175007,20399.36
175006,21270.61
175005,35778.19
175004,39391.09
175003,44201.52
175002,83093.59
175001,56422.0
175000,2376.03
174999,24159.59
174998,26824.62
174997,28570.5
174996,42601.62
174995,61096.73
174994,54559.78
174993,29874.11
174992,23755.9
174991,24315.84
174990,56434.81
174989,63489.77
174988,86984.22
174987,68345.23
174986,40733.63
174985,38224.75
174984,41162.78
174983,45751.78
174982,1688.23
174981,86346.04
174980,58672.54
174979,30268.88
174978,34121.46
174977,33997.28
174976,50788.01
174975,63510.18
174974,98284.06
174973,57471.58
174972,18801.53
174971,21168.46
174970,27670.44
174969,30213.21
174968,59800.39
174967,75409.95
174966,71428.81
174965,40687.76
174964,42777.73
174963,48751.63
174962,42640.6
174961,58623.49
174960,78124.74
174959,76178.7
174958,32182.16
174957,37213.26
174956,39710.44
174955,690.39
174954,63679.51
174953,74571.17
174952,58187.18
174951,68677.76
174950,36861.64
174949,43928.74
174948,48355.05
174947,49530.82
174946,59883.11
174945,58160.53
174944,31990.55
174943,61533.32
174942,57783.75
174941,52113.76
174940,68945.85
174939,83095.71
174938,66224.39
174937,42434.83
174936,46628.09
174935,53810.12
174934,57375.92
174933,81436.69
174932,83031.33
174931,65886.86
174930,22756.15
174929,30391.7
174928,27131.7
174927,37081.73
174926,50699.87
174925,55814.75
174924,63572.16
174923,27420.3
174922,18577.49
174921,29661.17
174920,29695.21
174919,37133.78
174918,47060.86
174917,41554.31
174916,22762.32
