184481,21233.87
184480,35377.26
184479,30183.7
184478,11798.27
184477,10079.66
184476,11499.4
184475,15012.93
184474,424.76
184473,32051.7
184472,22820.85
184471,10679.65
184470,14754.66
184469,11019.76
184468,16087.43
184467,23934.98
184466,31725.93
184465,25625.83
184464,20593.28
184463,15526.85
184462,12282.27
184461,15801.32
184460,14687.17
184459,34286.44
184458,27760.11
184457,9287.18
184456,14352.57
184455,14689.48
184454,9225.16
184453,27266.87
184452,35558.53
184451,26339.19
184450,16178.65
184449,14181.44
184448,16666.13
184447,18901.93
184446,25910.42
184445,36825.25
184444,20541.68
184443,13413.81
184442,19244.45
184441,17500.48
184440,34361.83
184439,38435.7
184438,63505.22
184437,36445.84
184436,25439.85
184435,22201.76
184434,23133.72
184433,19624.03
184432,34654.14
184431,45218.72
184430,29542.91
184429,15734.62
184428,17252.74
184427,19033.33
184426,19896.91
184425,24793.35
184424,43938.44
184423,23910.72
184422,20346.93
184421,16499.03
184420,19455.54
184419,28529.36
184418,39801.03
184417,61746.11
184416,35280.02
184415,24884.16
184414,22598.7
184413,26461.39
184412,24557.52
184411,33918.87
184410,49247.14
184409,36655.18
184408,23029.72
184407,25450.73
184406,32165.02
184405,30501.44
184404,30581.86
184403,50324.86
184402,32988.75
184401,19590.11
184400,21484.61
184399,26615.87
184398,26145.1
184397,55424.28
184396,63372.3
184395,15145.65
184394,14920.09
184393,15374.04
184392,23347.53
184391,24399.96
184390,42279.03
184389,28981.18
184388,9.31
184387,17637.56
184386,27983.14
184385,30624.63
184384,37093.16
184383,51917.73
184382,41443.98
184381,13705.32
184380,16920.95
184379,15968.12
184378,21556.12
184377,26723.15
184376,39369.4
184375,31700.93
184374,14498.1
184373,15963.46
184372,19233.19
184371,27211.29
184370,41251.2
184369,55493.27
184368,30650.08
184367,23212.2
184366,21665.42
184365,23375.14
184364,24084.4
184363,58302.05
184362,38933.97
184361,23334.16
184360,22528.23
184359,27020.63
184358,34566.34
184357,42854.46
184356,65785.28
184355,36540.94
184354,16949.76
184353,19444.82
184352,21160.34
184351,27377.32
184350,46450.31
184349,55997.73
184348,44677.6
184347,25489.15
184346,33558.08
184345,29980.46
184344,20796.1
184343,37551.33
184342,49774.0
184341,45173.13
184340,18252.71
184339,22367.39
184338,25934.25
184337,54.71
184336,36136.85
184335,61352.22
184334,34867.74
184333,50938.21
184332,19531.91
184331,17717.49
184330,20177.8
184329,31057.25
184328,45528.17
184327,36129.78
184326,19482.99
184325,36737.01
184324,30346.44
184323,27157.23
184322,38173.42
184321,54650.37
184320,36517.56
184319,22972.41
184318,29754.99
184317,25688.09
184316,33689.36
184315,45866.04
184314,57138.17
184313,38368.54
184312,17508.17
184311,19384.71
184310,24690.19
184309,24070.82
184308,38686.5
184307,36141.42
184306,39655.62
184305,18124.23
184304,14446.94
184303,21474.99
184302,28412.94
184301,36435.57
184300,37288.26
184299,30589.15
184298,25227.72
