88116,33723.53
88115,60892.31
88114,48076.15
88113,18745.37
88112,17256.67
88111,17993.57
88110,17702.72
88109,1164.91
88108,39151.99
88107,24621.16
88106,19858.32
88105,16341.58
88104,14297.37
88103,25428.93
88102,32008.91
88101,32325.83
88100,42141.32
88099,28466.58
88098,20949.36
88097,23549.96
88096,24927.86
88095,25323.81
88094,46955.92
88093,29745.79
88092,12907.21
88091,17248.29
88090,19234.35
88089,17301.74
88088,29332.15
88087,52596.93
88086,37860.57
88085,16914.99
88084,17628.54
88083,18542.6
88082,19247.51
88081,9281.34
88080,43536.31
88079,31563.97
88078,9402.76
88077,19086.04
88076,22617.77
88075,51499.21
88074,49676.69
88073,74980.22
88072,38387.25
88071,39577.19
88070,23128.07
88069,35525.57
88068,24302.87
88067,37761.4
88066,58935.04
88065,43933.0
88064,21115.57
88063,17659.53
88062,17922.13
88061,18855.45
88060,30956.25
88059,53207.42
88058,37030.35
88057,25193.31
88056,15913.0
88055,20280.07
88054,44189.7
88053,41057.7
88052,81971.44
88051,69298.36
88050,34536.73
88049,42444.06
88048,54856.4
88047,25321.54
88046,40210.16
88045,62898.43
88044,56459.78
88043,17780.66
88042,20122.95
88041,45204.3
88040,37057.46
88039,49026.5
88038,74124.06
88037,55688.35
88036,23230.59
88035,33696.34
88034,50029.01
88033,31648.18
88032,48442.51
88031,86290.31
88030,19888.93
88029,22197.31
88028,22574.06
88027,25031.41
88026,33328.84
88025,52012.07
88024,40435.99
88023,761.47
88022,17611.66
88021,35210.79
88020,23310.58
88019,45723.87
88018,69787.11
88017,64550.09
88016,19961.42
88015,21462.67
88014,25021.37
88013,29825.0
88012,32231.67
88011,49353.38
88010,41354.28
88009,29880.35
88008,18994.43
88007,24599.17
88006,49648.87
88005,57628.08
88004,74170.33
88003,54176.79
88002,33015.9
88001,28422.82
88000,36931.97
87999,32943.98
87998,606.46
87997,72013.12
87996,40130.4
87995,25994.22
87994,26854.85
87993,28457.44
87992,41953.96
87991,56599.91
87990,83104.64
87989,45596.49
87988,19159.02
87987,19009.97
87986,25592.4
87985,27018.88
87984,56724.94
87983,69408.35
87982,59199.45
87981,40639.07
87980,34988.74
87979,40995.45
87978,33215.51
87977,52018.6
87976,63318.61
87975,71241.51
87974,29761.57
87973,29678.44
87972,34235.68
87971,130.37
87970,55384.08
87969,65429.85
87968,46343.08
87967,66113.06
87966,28248.72
87965,30535.25
87964,33579.42
87963,39665.89
87962,47962.26
87961,50527.36
87960,23834.01
87959,48571.41
87958,48946.77
87957,43605.53
87956,47614.2
87955,61860.08
87954,57007.63
87953,33482.7
87952,33448.62
87951,39813.34
87950,44185.98
87949,55796.13
87948,68871.29
87947,47388.02
87946,25601.43
87945,26389.09
87944,27416.39
87943,31432.48
87942,45193.34
87941,53033.2
87940,44618.2
87939,23154.35
87938,23105.55
87937,29924.14
87936,30346.09
87935,43029.0
87934,39226.93
87933,27445.61
87932,26577.0
