221011,7399.34
221010,14120.95
221009,8508.95
221008,5454.22
221007,7497.2
221006,5020.69
221005,7051.66
221004,481.54
221003,12975.1
221002,5911.45
221001,3227.13
221000,5477.15
220999,4462.34
220998,6457.53
220997,9840.13
220996,12180.64
220995,6839.01
220994,7987.11
220993,4244.85
220992,5042.62
220991,4212.0
220990,7894.0
220989,10494.55
220988,5655.09
220987,2964.03
220986,5626.43
220985,5462.83
220984,6482.97
220983,8039.04
220982,11325.78
220981,5016.32
220980,6913.04
220979,5495.72
220978,5822.9
220977,6145.72
220976,7025.84
220975,11467.41
220974,4188.02
220973,6879.52
220972,5909.0
220971,7010.8
220970,10477.27
220969,12568.36
220968,20216.04
220967,9771.71
220966,5201.42
220965,6227.72
220964,6272.54
220963,4493.95
220962,12731.52
220961,15777.25
220960,8280.19
220959,4023.92
220958,2693.81
220957,6676.31
220956,6016.31
220955,9118.88
220954,14218.47
220953,8556.65
220952,7064.77
220951,6870.98
220950,8720.19
220949,10894.15
220948,10211.67
220947,21735.3
220946,13683.48
220945,8131.78
220944,9163.07
220943,8770.62
220942,6409.19
220941,10143.17
220940,21918.03
220939,14522.98
220938,7405.7
220937,9091.95
220936,12143.46
220935,10283.75
220934,11443.23
220933,27873.01
220932,15597.87
220931,11132.33
220930,13645.44
220929,11672.58
220928,12424.26
220927,20078.53
220926,23977.25
220925,7319.63
220924,6930.4
220923,7004.23
220922,5770.51
220921,7402.77
220920,15292.73
220919,10140.22
220918,5522.2
220917,5824.6
220916,9699.76
220915,13015.91
220914,16041.4
220913,18599.65
220912,12682.46
220911,607.01
220910,5826.76
220909,5808.14
220908,6406.75
220907,11746.47
220906,12264.24
220905,8575.88
220904,4671.66
220903,6338.86
220902,6375.68
220901,8433.38
220900,12070.77
220899,18459.88
220898,10805.88
220897,6019.84
220896,8800.79
220895,6855.48
220894,7324.9
220893,244.39
220892,13292.79
220891,6008.99
220890,9273.5
220889,6960.19
220888,9689.88
220887,11039.65
220886,14655.42
220885,22130.83
220884,12033.45
220883,6687.54
220882,7234.02
220881,7095.7
220880,7143.17
220879,12408.47
220878,16421.65
220877,12305.73
220876,9047.58
220875,9112.22
220874,12071.65
220873,12898.63
220872,11692.74
220871,16546.25
220870,11803.17
220869,10371.68
220868,10114.45
220867,8004.82
220866,11470.36
220865,13286.86
220864,14569.8
220863,9803.27
220862,11247.69
220861,8175.82
220860,8751.98
220859,8858.96
220858,9918.39
220857,10442.14
220856,11588.18
220855,5763.09
220854,9486.0
220853,8665.02
220852,11876.47
220851,13110.8
220850,18380.75
220849,9987.64
220848,7270.59
220847,9145.18
220846,9427.26
220845,9474.94
220844,13096.22
220843,13752.44
220842,9552.58
220841,7540.24
220840,8810.19
220839,9827.06
220838,8341.22
220837,13495.64
220836,14441.34
220835,10888.94
220834,7953.06
220833,4540.06
220832,8524.85
220831,8586.62
220830,8438.02
220829,14729.69
220828,6874.66
220827,7226.89
