106100,38284.05
106099,50208.31
106098,42069.15
106097,15278.84
106096,15304.45
106095,13444.52
106094,15261.71
106093,888.11
106092,32966.16
106091,26786.81
106090,14220.12
106089,11942.26
106088,12875.02
106087,19188.44
106086,25037.71
106085,41298.51
106084,27667.73
106083,29377.54
106082,17710.97
106081,17476.95
106080,20344.2
106079,20535.68
106078,42976.61
106077,27625.58
106076,15700.19
106075,11370.49
106074,15077.06
106073,15347.14
106072,27699.22
106071,47913.85
106070,31983.47
106069,17044.4
106068,21584.95
106067,21346.95
106066,18912.48
106065,24627.49
106064,41739.13
106063,25547.64
106062,17761.41
106061,14121.98
106060,21751.33
106059,40468.83
106058,50323.37
106057,84243.68
106056,48388.29
106055,39056.51
106054,23395.86
106053,29673.36
106052,22441.1
106051,39002.93
106050,58299.26
106049,42957.49
106048,20070.28
106047,19147.2
106046,17698.29
106045,16879.2
106044,29829.86
106043,54416.44
106042,33588.07
106041,27321.59
106040,22811.68
106039,20102.96
106038,41301.18
106037,48428.63
106036,77690.33
106035,54874.65
106034,26462.12
106033,33998.65
106032,43479.99
106031,29694.94
106030,39453.21
106029,66334.45
106028,44714.74
106027,27149.82
106026,29191.19
106025,43131.53
106024,39882.17
106023,46597.64
106022,72598.9
106021,40450.41
106020,22479.91
106019,27790.99
106018,45583.26
106017,31821.91
106016,59583.07
106015,78432.57
106014,15534.28
106013,14957.21
106012,19523.76
106011,24762.77
106010,27498.71
106009,52485.8
106008,36218.51
106007,75.95
106006,21444.35
106005,36093.29
106004,34206.16
106003,43047.27
106002,63353.43
106001,45883.51
106000,17238.46
105999,13499.59
105998,17503.37
105997,22362.97
105996,27782.55
105995,51708.41
105994,30554.98
105993,17914.02
105992,17132.41
105991,19716.34
105990,36650.34
105989,49476.3
105988,63995.99
105987,45000.43
105986,25525.04
105985,24594.1
105984,28393.96
105983,28932.94
105982,169.92
105981,75625.19
105980,41063.2
105979,23640.21
105978,25907.32
105977,25702.01
105976,41026.94
105975,52423.29
105974,88428.02
105973,48066.68
105972,24193.78
105971,16635.98
105970,21860.08
105969,22097.23
105968,53632.84
105967,65957.57
105966,41773.4
105965,29403.8
105964,30486.9
105963,29771.42
105962,25137.96
105961,46531.84
105960,66376.25
105959,54018.07
105958,19218.04
105957,24758.83
105956,23612.11
105955,46774.58
105954,63118.17
105953,41672.99
105952,57047.75
105951,18395.21
105950,26328.49
105949,24834.98
105948,35639.71
105947,53449.46
105946,43216.92
105945,23891.93
105944,38511.99
105943,34062.81
105942,35010.72
105941,41014.43
105940,63949.17
105939,42976.79
105938,31014.0
105937,28949.95
105936,31258.29
105935,36316.59
105934,50533.05
105933,68229.91
105932,38041.52
105931,21501.8
105930,20483.35
105929,24766.82
105928,29295.6
105927,39291.84
105926,43901.28
105925,43792.02
105924,17207.79
105923,18024.63
105922,22496.62
105921,26003.29
105920,35969.46
105919,45884.63
105918,33801.01
105917,25185.71
