81390,36719.93
81389,71248.42
81388,57491.81
81387,18512.7
81386,16461.18
81385,20116.98
81384,22293.1
81383,1453.75
81382,50840.58
81381,24828.26
81380,17954.79
81379,14384.76
81378,14392.53
81377,30360.45
81376,37735.41
81375,63854.34
81374,40070.57
81373,38297.0
81372,22998.11
81371,24385.12
81370,24925.51
81369,27111.35
81368,59155.11
81367,43184.5
81366,15346.06
81365,14327.43
81364,17986.03
81363,21291.48
81362,31438.7
81361,58336.32
81360,33587.06
81359,24035.62
81358,19959.0
81357,23507.17
81356,25506.91
81355,32799.74
81354,61193.55
81353,37085.87
81352,15516.98
81351,17563.44
81350,24398.35
81349,52867.29
81348,59694.08
81347,97409.26
81346,63034.79
81345,44890.23
81344,30578.86
81343,38423.79
81342,27182.63
81341,47790.58
81340,83262.37
81339,54242.96
81338,21522.29
81337,23753.56
81336,16600.37
81335,20137.45
81334,41673.83
81333,78861.37
81332,40612.54
81331,34287.55
81330,18291.48
81329,21726.96
81328,43279.07
81327,59325.44
81326,103460.65
81325,73662.94
81324,43892.23
81323,48817.58
81322,72785.63
81321,32979.13
81320,42556.66
81319,79005.61
81318,55600.36
81317,18578.25
81316,24097.68
81315,42555.1
81314,42863.38
81313,60766.19
81312,102531.98
81311,76772.24
81310,41528.65
81309,50506.68
81308,61807.9
81307,30999.23
81306,78058.2
81305,88440.82
81304,-19.99
81303,21674.59
81302,24306.54
81301,22738.05
81300,27862.43
81299,37694.45
81298,61939.27
81297,45861.72
81296,1189.0
81295,21580.67
81294,37454.35
81293,38145.93
81292,51470.71
81291,57811.13
81290,63099.41
81289,22632.83
81288,21952.32
81287,24554.09
81286,29150.0
81285,39221.34
81284,55196.52
81283,40823.12
81282,24877.3
81281,25377.29
81280,24846.6
81279,51103.65
81278,66984.53
81277,103069.21
81276,58588.66
81275,38348.16
81274,38839.35
81273,41331.41
81272,37401.9
81271,506.08
81270,96221.02
81269,54596.99
81268,28875.59
81267,29906.77
81266,36149.4
81265,49793.72
81264,54996.92
81263,87718.89
81262,51322.54
81261,19379.13
81260,25541.44
81259,28577.98
81258,26194.71
81257,63028.65
81256,98304.34
81255,64528.16
81254,36252.71
81253,38833.82
81252,39573.58
81251,36138.95
81250,52316.19
81249,94098.7
81248,65763.58
81247,29082.83
81246,28550.47
81245,37291.52
81244,638.67
81243,71571.84
81242,78102.83
81241,62148.34
81240,63091.5
81239,30739.51
81238,35481.97
81237,45906.98
81236,51848.72
81235,62298.64
81234,52680.45
81233,30074.55
81232,53796.57
81231,59315.54
81230,49577.01
81229,63539.93
81228,81893.2
81227,58856.42
81226,40151.16
81225,42064.6
81224,44989.69
81223,57303.0
81222,68076.79
81221,74205.75
81220,51104.64
81219,23606.59
81218,30974.6
81217,28874.77
81216,37341.87
81215,52477.25
81214,50207.14
81213,52839.34
81212,25574.06
81211,19522.01
81210,29968.98
81209,31736.11
81208,42149.73
81207,42454.01
81206,29297.76
81205,29787.81
