66246,16985.85
66245,34411.91
66244,38601.62
66243,10242.82
66242,15323.57
66241,11818.39
66240,15592.83
66239,738.57
66238,27525.43
66237,24101.18
66236,9257.2
66235,15423.43
66234,10920.0
66233,22354.99
66232,26139.33
66231,41525.14
66230,26946.33
66229,24943.73
66228,14304.23
66227,16014.95
66226,16901.08
66225,20213.63
66224,38236.58
66223,36171.1
66222,11780.89
66221,13190.16
66220,13432.88
66219,14104.48
66218,23421.19
66217,39776.78
66216,31310.92
66215,12716.44
66214,13705.28
66213,15051.01
66212,15859.47
66211,18000.24
66210,36834.65
66209,29821.94
66208,13138.11
66207,12216.06
66206,13558.36
66205,37128.62
66204,36969.76
66203,60904.72
66202,34131.75
66201,32716.04
66200,19476.99
66199,27690.4
66198,19705.09
66197,24265.85
66196,51092.45
66195,44942.93
66194,15586.36
66193,18095.33
66192,17235.43
66191,16703.98
66190,24164.65
66189,39729.7
66188,28586.3
66187,20271.49
66186,11374.77
66185,14627.45
66184,31662.77
66183,46494.26
66182,68697.2
66181,62732.61
66180,32635.87
66179,37528.37
66178,59778.21
66177,24657.06
66176,36010.49
66175,44907.93
66174,44501.87
66173,15646.19
66172,19885.07
66171,34012.56
66170,34958.04
66169,38409.22
66168,59380.43
66167,54568.06
66166,30042.69
66165,31059.95
66164,41699.78
66163,27644.66
66162,43958.28
66161,60571.61
66160,-9.99
66159,15989.23
66158,18227.91
66157,16663.98
66156,18113.21
66155,20719.1
66154,36159.61
66153,34826.14
66152,701.5
66151,14667.22
66150,22772.63
66149,23477.33
66148,28408.63
66147,48915.92
66146,44681.03
66145,15629.37
66144,18285.53
66143,16322.94
66142,19762.74
66141,24381.55
66140,33041.91
66139,37020.56
66138,22654.59
66137,18328.07
66136,18091.96
66135,45978.7
66134,43985.04
66133,62404.81
66132,54710.76
66131,31380.56
66130,30075.03
66129,31956.4
66128,35651.08
66127,475.46
66126,70314.99
66125,41056.56
66124,22516.94
66123,22817.94
66122,23385.51
66121,34166.94
66120,37706.65
66119,63712.72
66118,43228.97
66117,17120.63
66116,20765.63
66115,17136.25
66114,20356.34
66113,43584.3
66112,53083.36
66111,55539.21
66110,26419.3
66109,26794.58
66108,29382.33
66107,35171.52
66106,37293.05
66105,53661.73
66104,58092.55
66103,26209.14
66102,27906.82
66101,30563.27
66100,353.88
66099,42678.41
66098,56590.35
66097,45737.7
66096,47978.03
66095,22390.4
66094,30222.05
66093,31477.42
66092,32034.08
66091,43914.43
66090,39070.0
66089,21610.16
66088,38927.59
66087,43050.49
66086,36235.29
66085,42875.03
66084,57544.63
66083,51623.41
66082,29611.79
66081,34863.74
66080,34533.53
66079,38405.48
66078,50132.24
66077,59161.55
66076,52262.81
66075,20739.77
66074,20926.08
66073,21140.88
66072,23825.23
66071,35060.21
66070,34286.06
66069,44600.51
66068,19782.4
66067,15982.46
66066,20194.71
66065,27244.16
66064,26685.97
66063,31650.79
66062,26775.86
66061,16886.05
