223314,11660.9
223313,23473.41
223312,17470.77
223311,7319.51
223310,9361.64
223309,9761.75
223308,8471.79
223307,1033.8
223306,11501.58
223305,9785.18
223304,5078.24
223303,3969.11
223302,5358.2
223301,11942.17
223300,15333.85
223299,19659.62
223298,12807.22
223297,11260.74
223296,11050.55
223295,9616.9
223294,8482.24
223293,10038.48
223292,19332.08
223291,13358.12
223290,6518.51
223289,6380.77
223288,8165.86
223287,8943.61
223286,13687.11
223285,20869.84
223284,11982.33
223283,10268.47
223282,7896.16
223281,10872.09
223280,10963.51
223279,11328.88
223278,20621.78
223277,8610.41
223276,6475.33
223275,7120.42
223274,6819.59
223273,15250.49
223272,21540.62
223271,27487.24
223270,22138.65
223269,18752.4
223268,4370.52
223267,12305.58
223266,9749.42
223265,19745.24
223264,31373.99
223263,21353.07
223262,9717.07
223261,8785.69
223260,8776.92
223259,9038.17
223258,13609.02
223257,25699.53
223256,13503.81
223255,13110.54
223254,10844.66
223253,6739.37
223252,20132.63
223251,24407.8
223250,36396.71
223249,27353.25
223248,18132.69
223247,17268.35
223246,25664.13
223245,14092.68
223244,24058.91
223243,34850.43
223242,21166.17
223241,10840.97
223240,10029.58
223239,21364.64
223238,20242.41
223237,23419.35
223236,38860.64
223235,28738.86
223234,18543.73
223233,18228.45
223232,20161.64
223231,21373.48
223230,33121.4
223229,37758.19
223228,9386.74
223227,10435.36
223226,10613.65
223225,12164.99
223224,15925.94
223223,22986.54
223222,15415.93
223221,8653.24
223220,6607.65
223219,21068.14
223218,12980.65
223217,21163.22
223216,22173.8
223215,26006.63
223214,835.63
223213,8108.87
223212,10421.57
223211,12362.71
223210,15436.58
223209,23560.18
223208,18408.17
223207,12299.55
223206,10697.28
223205,10639.59
223204,22360.77
223203,32998.55
223202,35880.05
223201,23928.68
223200,16348.5
223199,12597.89
223198,13827.54
223197,14102.39
223196,1043.0
223195,34765.52
223194,20069.06
223193,11021.77
223192,12228.82
223191,15071.48
223190,22610.1
223189,27350.68
223188,35899.83
223187,21141.38
223186,10778.39
223185,10611.48
223184,11265.48
223183,12929.73
223182,29651.58
223181,30053.95
223180,27302.14
223179,17689.63
223178,14299.56
223177,14505.89
223176,14462.51
223175,23148.98
223174,31737.55
223173,26800.04
223172,12242.76
223171,12139.79
223170,11558.12
223169,20701.27
223168,23218.87
223167,29281.35
223166,23940.37
223165,24913.78
223164,13664.01
223163,13126.21
223162,20969.92
223161,22176.99
223160,21422.91
223159,19637.19
223158,9845.96
223157,25330.94
223156,23463.41
223155,18371.95
223154,22714.97
223153,30336.05
223152,19967.43
223151,15645.55
223150,14371.27
223149,19000.11
223148,18405.55
223147,25929.91
223146,27557.57
223145,20833.28
223144,11984.63
223143,13174.72
223142,14483.14
223141,16984.82
223140,22016.09
223139,17702.41
223138,21580.09
223137,12391.8
223136,8490.24
223135,11397.42
223134,15121.13
223133,16567.31
223132,19846.02
223131,15400.24
223130,9324.84
