108977,18074.03
108976,31992.82
108975,20181.86
108974,11277.7
108973,10887.73
108972,11671.98
108971,8477.83
108970,357.59
108969,23989.88
108968,12627.18
108967,6277.98
108966,6747.56
108965,10915.76
108964,12711.84
108963,14529.98
108962,30347.18
108961,15946.67
108960,17342.1
108959,11656.53
108958,8035.33
108957,19615.85
108956,4949.13
108955,22635.52
108954,17256.84
108953,13025.57
108952,6148.79
108951,10737.86
108950,9259.38
108949,15628.9
108948,23701.4
108947,14971.78
108946,13459.83
108945,6672.02
108944,13983.05
108943,15231.43
108942,17051.78
108941,25655.18
108940,14451.81
108939,9587.32
108938,11927.49
108937,13425.54
108936,26077.41
108935,38947.24
108934,51638.22
108933,25217.86
108932,15829.87
108931,12074.38
108930,17232.39
108929,12950.01
108928,25206.96
108927,34174.71
108926,20455.09
108925,9087.78
108924,8564.84
108923,8627.74
108922,10643.46
108921,19152.66
108920,35635.75
108919,18147.06
108918,13685.36
108917,9962.34
108916,12182.55
108915,14092.33
108914,28007.59
108913,49610.21
108912,25546.03
108911,19174.84
108910,23667.97
108909,30072.12
108908,15284.15
108907,27733.89
108906,46745.94
108905,29703.77
108904,12450.62
108903,14135.05
108902,26000.43
108901,24768.36
108900,34073.18
108899,56573.9
108898,28919.62
108897,16472.08
108896,19553.91
108895,29751.13
108894,19924.17
108893,44970.56
108892,58580.31
108891,15877.39
108890,15766.4
108889,11742.01
108888,10080.21
108887,23775.12
108886,27840.92
108885,16095.46
108884,10159.44
108883,9276.55
108882,18451.05
108881,21665.41
108880,24222.57
108879,36674.88
108878,25178.99
108877,724.75
108876,15092.61
108875,11447.1
108874,12679.4
108873,17637.99
108872,31534.86
108871,18120.27
108870,10448.57
108869,10160.27
108868,12367.74
108867,22040.5
108866,24801.35
108865,41408.43
108864,23506.01
108863,18848.71
108862,17623.23
108861,17878.58
108860,17837.55
108859,644.29
108858,40577.69
108857,23050.27
108856,16671.1
108855,18680.17
108854,16437.22
108853,26201.05
108852,34728.53
108851,48525.43
108850,23793.19
108849,12377.54
108848,12875.43
108847,14657.95
108846,13713.46
108845,29969.9
108844,38714.18
108843,24146.45
108842,16121.51
108841,16476.56
108840,18549.72
108839,14273.79
108838,25559.0
108837,41275.75
108836,31524.69
108835,16440.59
108834,17162.54
108833,16603.96
108832,224.64
108831,24862.08
108830,29864.12
108829,19039.99
108828,23721.73
108827,13199.37
108826,13008.77
108825,18533.88
108824,18469.98
108823,27080.14
108822,22625.87
108821,11115.85
108820,18767.17
108819,18762.78
108818,20771.52
108817,27133.37
108816,34721.96
108815,21321.32
108814,12748.83
108813,14558.81
108812,18070.42
108811,19111.86
108810,30809.55
108809,39405.3
108808,24445.28
108807,10759.84
108806,11054.39
108805,11198.53
108804,15767.98
108803,21748.89
108802,23926.36
108801,17582.2
108800,11953.15
108799,9789.35
108798,15177.63
108797,17771.92
108796,20624.81
108795,23286.87
108794,18395.51
108793,11467.35
