36633,31733.11
36632,62567.48
36631,50390.64
36630,14542.68
36629,14158.97
36628,18377.45
36627,22328.29
36626,1464.77
36625,46221.81
36624,22791.45
36623,12393.47
36622,7458.28
36621,14574.63
36620,30987.93
36619,40235.24
36618,59945.92
36617,31602.61
36616,23631.3
36615,22766.57
36614,21042.77
36613,27622.67
36612,27645.18
36611,60912.74
36610,38507.69
36609,11010.67
36608,13555.5
36607,19029.19
36606,19576.11
36605,38941.53
36604,56916.07
36603,36926.1
36602,21838.78
36601,24302.75
36600,23821.06
36599,28386.16
36598,34584.73
36597,63378.31
36596,32576.66
36595,18622.03
36594,20599.31
36593,18679.75
36592,46019.43
36591,57610.76
36590,89182.81
36589,54364.65
36588,46811.35
36587,33034.5
36586,38874.39
36585,29743.1
36584,54635.33
36583,88881.86
36582,52789.94
36581,20463.96
36580,22019.24
36579,12164.24
36578,11443.47
36577,37428.7
36576,73107.23
36575,40843.07
36574,32768.51
36573,12845.24
36572,23281.47
36571,45399.47
36570,67249.6
36569,101833.04
36568,69777.6
36567,41016.57
36566,48012.12
36565,69453.42
36564,35742.4
36563,48655.59
36562,73748.32
36561,58355.62
36560,21371.09
36559,22922.34
36558,42901.34
36557,44056.67
36556,58184.72
36555,99001.12
36554,58719.73
36553,36088.1
36552,40510.27
36551,50956.9
36550,48024.27
36549,77060.92
36548,95225.41
36547,24815.95
36546,31988.42
36545,30395.7
36544,30053.87
36543,40359.09
36542,54007.9
36541,38776.41
36540,17243.38
36539,21505.99
36538,40054.44
36537,38402.5
36536,55451.39
36535,74031.01
36534,52714.96
36533,1415.75
36532,22196.76
36531,21577.14
36530,23258.7
36529,35407.18
36528,50611.92
36527,39953.42
36526,22536.37
36525,23236.33
36524,24371.97
36523,47241.59
36522,58237.56
36521,86225.44
36520,54823.62
36519,40601.49
36518,36861.09
36517,42449.57
36516,38524.13
36515,1020.17
36514,89830.33
36513,45297.62
36512,25133.64
36511,30659.41
36510,32175.86
36509,44526.68
36508,54150.33
36507,83104.39
36506,45850.95
36505,22038.43
36504,20277.03
36503,23511.77
36502,26080.31
36501,54880.87
36500,82252.82
36499,57148.75
36498,34242.03
36497,37725.47
36496,40800.07
36495,40762.22
36494,52708.03
36493,70222.61
36492,55166.56
36491,29477.89
36490,33417.99
36489,31832.85
36488,448.23
36487,59512.91
36486,78401.57
36485,56406.5
36484,51468.56
36483,24739.38
36482,32933.89
36481,36171.2
36480,49555.9
36479,56171.62
36478,45048.11
36477,26103.64
36476,44399.85
36475,51083.53
36474,46168.53
36473,62103.79
36472,75087.3
36471,50912.07
36470,47021.12
36469,49319.85
36468,45955.24
36467,50749.05
36466,68591.01
36465,69617.75
36464,45931.54
36463,25175.25
36462,28739.4
36461,26548.21
36460,32277.24
36459,49142.94
36458,50230.57
36457,55109.87
36456,27032.76
36455,21481.98
36454,28870.29
36453,32258.24
36452,41200.5
36451,42886.1
36450,26213.2
36449,24463.75
