212756,14319.08
212755,22925.29
212754,19126.53
212753,8149.68
212752,6736.36
212751,7213.97
212750,8062.72
212749,397.81
212748,19349.5
212747,9299.55
212746,7186.0
212745,6509.2
212744,6117.22
212743,8100.93
212742,9640.69
212741,21639.09
212740,14091.96
212739,15682.47
212738,9092.08
212737,2906.55
212736,9944.3
212735,6250.95
212734,12806.28
212733,15295.53
212732,7844.12
212731,6673.16
212730,7441.35
212729,9249.32
212728,14455.18
212727,21733.53
212726,12405.51
212725,9447.74
212724,7890.11
212723,8186.94
212722,10598.11
212721,14046.08
212720,23941.37
212719,13191.01
212718,8323.47
212717,7103.54
212716,11454.89
212715,18222.63
212714,26397.13
212713,41895.01
212712,20536.19
212711,13364.07
212710,10492.84
212709,13804.53
212708,9575.96
212707,14401.4
212706,29074.68
212705,16643.69
212704,10596.45
212703,8403.15
212702,10177.49
212701,9080.07
212700,17583.46
212699,25662.9
212698,13631.47
212697,14621.3
212696,6082.47
212695,10082.08
212694,14129.55
212693,22868.41
212692,36141.58
212691,21241.5
212690,12878.4
212689,17277.25
212688,20347.48
212687,16429.7
212686,21556.96
212685,35010.24
212684,23865.74
212683,10375.37
212682,11139.28
212681,18449.56
212680,21452.34
212679,21832.26
212678,40418.84
212677,23086.66
212676,12968.41
212675,18381.73
212674,19578.89
212673,18188.43
212672,39350.67
212671,37984.45
212670,11438.58
212669,11506.33
212668,11211.95
212667,11281.13
212666,15684.97
212665,24734.03
212664,14288.24
212663,7177.45
212662,10087.45
212661,18179.5
212660,16576.01
212659,23949.79
212658,32432.29
212657,21554.14
212656,1500.53
212655,9005.52
212654,8745.03
212653,9541.74
212652,12703.35
212651,23184.17
212650,19582.61
212649,9421.52
212648,8532.98
212647,10749.57
212646,17369.42
212645,21697.45
212644,28279.86
212643,21479.17
212642,13909.1
212641,15044.82
212640,18624.81
212639,17981.5
212638,748.44
212637,35828.95
212636,21659.15
212635,12654.81
212634,16500.54
212633,14383.27
212632,16876.68
212631,25459.46
212630,34568.38
212629,21362.57
212628,9597.65
212627,10103.35
212626,11687.07
212625,12619.26
212624,23776.18
212623,36023.66
212622,18549.82
212621,15492.79
212620,15930.0
212619,15183.52
212618,16148.62
212617,21352.69
212616,33232.6
212615,23083.22
212614,11833.28
212613,12141.34
212612,13604.28
212611,16347.07
212610,21715.79
212609,30787.51
212608,21471.23
212607,19800.34
212606,13529.91
212605,9725.11
212604,12039.8
212603,15958.93
212602,22902.06
212601,18571.0
212600,10316.74
212599,19478.25
212598,20841.84
212597,19609.91
212596,21167.08
212595,28401.53
212594,21131.1
212593,15056.75
212592,16850.04
212591,13260.01
212590,20118.75
212589,24069.92
212588,28804.05
212587,18285.12
212586,12352.95
212585,12686.54
212584,11336.35
212583,10241.94
212582,21249.66
212581,20239.46
212580,14599.53
212579,9325.41
212578,7131.66
212577,10104.69
212576,13242.8
212575,15677.45
212574,18763.5
212573,13645.89
212572,10548.35
