210259,18664.89
210258,28069.3
210257,23779.72
210256,11806.47
210255,10237.19
210254,10481.94
210253,10621.24
210252,470.18
210251,18477.96
210250,11444.29
210249,8673.43
210248,5986.37
210247,9259.02
210246,13409.18
210245,13620.37
210244,27296.38
210243,16343.15
210242,17009.19
210241,13520.73
210240,11196.95
210239,11574.13
210238,1929.22
210237,85.05
210236,2584.66
210235,7354.26
210234,7924.76
210233,11215.77
210232,7125.98
210231,13708.44
210230,32269.42
210229,20395.27
210228,8545.13
210227,9369.23
210226,9585.51
210225,11005.77
210224,15794.01
210223,32157.54
210222,15526.98
210221,8684.45
210220,8320.44
210219,11333.07
210218,17878.06
210217,25003.76
210216,45443.5
210215,26985.87
210214,3729.8
210213,12585.95
210212,14159.92
210211,11627.86
210210,18294.8
210209,32703.07
210208,19009.73
210207,10406.88
210206,11939.17
210205,7941.35
210204,9833.69
210203,16454.6
210202,33955.52
210201,18313.23
210200,14172.7
210199,9553.98
210198,12151.84
210197,18906.77
210196,25644.7
210195,49245.95
210194,32772.92
210193,538.67
210192,28742.95
210191,32187.52
210190,20646.92
210189,27547.68
210188,45771.33
210187,31845.01
210186,14362.57
210185,13638.66
210184,22415.92
210183,19731.33
210182,24711.17
210181,47864.69
210180,34656.18
210179,17081.6
210178,20749.88
210177,25252.25
210176,20334.89
210175,35873.23
210174,54331.65
210173,15891.27
210172,11573.44
210171,15940.24
210170,15463.71
210169,22631.62
210168,31538.8
210167,19933.46
210166,1181.42
210165,12936.03
210164,16977.65
210163,18599.74
210162,23816.75
210161,38329.94
210160,27916.47
210159,11649.9
210158,8734.49
210157,9763.37
210156,12501.05
210155,17521.49
210154,26000.55
210153,25669.41
210152,10319.87
210151,13851.87
210150,15781.21
210149,20949.84
210148,28578.69
210147,42680.85
210146,31867.33
210145,17228.36
210144,11733.36
210143,19573.14
210142,17023.49
210141,559.08
210140,38591.4
210139,26972.31
210138,13955.73
210137,16933.4
210136,18123.89
210135,18062.83
210134,27906.65
210133,52969.53
210132,25162.33
210131,12618.17
210130,14004.91
210129,11739.52
210128,14413.11
210127,25133.53
210126,36524.05
210125,29208.06
210124,16102.74
210123,14574.1
210122,17329.7
210121,16832.39
210120,24374.09
210119,36784.31
210118,29802.45
210117,13742.62
210116,13108.8
210115,17319.45
210114,403.68
210113,25291.37
210112,36064.1
210111,32474.68
210110,36639.99
210109,16673.1
210108,16862.81
210107,17258.75
210106,23864.34
210105,30895.87
210104,29451.73
210103,16327.63
210102,24229.95
210101,22652.57
210100,21024.91
210099,27809.45
210098,35217.84
210097,25577.91
210096,19014.16
210095,19390.6
210094,16059.88
210093,25643.43
210092,26379.17
210091,31280.93
210090,27578.54
210089,13684.29
210088,17044.34
210087,14290.01
210086,12586.42
210085,20778.26
210084,23729.31
210083,24215.06
210082,13534.43
210081,11866.19
210080,12095.67
210079,17023.25
210078,17871.2
210077,27064.59
210076,17951.98
210075,14974.87
