17446,34627.03
17445,47102.62
17444,25755.3
17443,10173.59
17442,14878.97
17441,10234.88
17440,12649.74
17439,638.96
17438,24793.82
17437,9305.12
17436,9224.83
17435,10656.62
17434,9655.74
17433,20913.37
17432,21403.43
17431,37639.52
17430,20230.13
17429,23043.22
17428,14438.88
17427,7105.92
17426,12347.23
17425,2253.18
17424,17830.76
17423,20459.25
17422,11269.99
17421,12484.24
17420,9320.25
17419,14373.58
17418,26028.88
17417,39647.93
17416,16963.54
17415,16164.96
17414,11656.57
17413,17439.29
17412,18656.57
17411,23136.82
17410,41027.34
17409,15674.43
17408,10653.97
17407,7129.13
17406,12387.54
17405,37903.08
17404,42193.42
17403,69168.02
17402,4626.9
17401,21807.42
17400,21646.07
17399,25201.41
17398,18078.06
17397,29068.97
17396,50424.51
17395,27055.78
17394,14726.22
17393,12917.69
17392,11351.87
17391,16318.21
17390,24636.72
17389,41819.62
17388,13773.02
17387,24359.53
17386,16142.13
17385,14116.56
17384,35790.27
17383,46919.12
17382,74641.26
17381,41214.28
17380,33428.41
17379,31483.39
17378,37258.5
17377,23673.72
17376,27957.05
17375,53143.47
17374,30543.42
17373,16001.29
17372,20768.99
17371,39620.56
17370,28410.55
17369,36443.19
17368,70465.47
17367,33370.29
17366,25821.08
17365,33750.08
17364,31014.07
17363,32240.99
17362,54039.79
17361,79457.97
17360,-17.61
17359,16412.91
17358,21469.81
17357,18898.51
17356,19648.65
17355,25201.25
17354,36089.76
17353,18150.55
17352,36.54
17351,16043.29
17350,28996.36
17349,28547.17
17348,37302.06
17347,45624.21
17346,32228.87
17345,11476.65
17344,13138.68
17343,13245.28
17342,18956.13
17341,30571.37
17340,33515.58
17339,19606.47
17338,19127.48
17337,16380.09
17336,17468.58
17335,32197.37
17334,42613.75
17333,49884.58
17332,28890.78
17331,27691.04
17330,23723.31
17329,27645.11
17328,27719.55
17327,69974.76
17326,27725.59
17325,18272.16
17324,21898.84
17323,26353.63
17322,28717.11
17321,39507.9
17320,57319.74
17319,28804.88
17318,12321.64
17317,15625.48
17316,21871.9
17315,16443.29
17314,46863.24
17313,52926.32
17312,28529.49
17311,24961.2
17310,29535.52
17309,29064.67
17308,27920.55
17307,37251.42
17306,46480.04
17305,32994.68
17304,17306.65
17303,21285.88
17302,19578.58
17301,33988.32
17300,49675.96
17299,26231.04
17298,34723.49
17297,18422.76
17296,17208.78
17295,24873.5
17294,25930.3
17293,44118.22
17292,21019.76
17291,19107.51
17290,30425.72
17289,29357.74
17288,31435.35
17287,36483.69
17286,43624.42
17285,27401.42
17284,27869.57
17283,30942.61
17282,26035.46
17281,36882.19
17280,42706.64
17279,49077.32
17278,25847.76
17277,15270.32
17276,18918.82
17275,18401.51
17274,23710.94
17273,32107.62
17272,32579.14
17271,23898.88
17270,19603.15
17269,12305.53
17268,18443.99
17267,23817.12
17266,27066.35
17265,28652.52
17264,16521.12
17263,19136.75
