94061,32214.03
94060,48203.17
94059,49284.05
94058,17546.0
94057,20111.41
94056,19878.9
94055,16680.16
94054,838.83
94053,37861.95
94052,34791.98
94051,16474.88
94050,17720.81
94049,18155.17
94048,24525.42
94047,30596.78
94046,53095.41
94045,31281.72
94044,37816.45
94043,19791.91
94042,23339.66
94041,26985.99
94040,25157.38
94039,46852.38
94038,29512.69
94037,17163.04
94036,15707.33
94035,19166.0
94034,22872.12
94033,31612.7
94032,56278.07
94031,32516.17
94030,13396.68
94029,6885.54
94028,16965.08
94027,28102.99
94026,28281.98
94025,49187.89
94024,21928.8
94023,26574.46
94022,24938.59
94021,28182.42
94020,49784.33
94019,57689.75
94018,84534.93
94017,53532.45
94016,46489.83
94015,22825.68
94014,31099.01
94013,25311.04
94012,37006.65
94011,67691.8
94010,52374.41
94009,23473.65
94008,21691.23
94007,26876.88
94006,15820.54
94005,29429.76
94004,51814.43
94003,36886.51
94002,32009.35
94001,22009.31
94000,19063.1
93999,41831.33
93998,46390.3
93997,87427.91
93996,68217.39
93995,32246.8
93994,39875.33
93993,58301.07
93992,29332.16
93991,35571.6
93990,70952.1
93989,62330.08
93988,26580.78
93987,22683.1
93986,49057.43
93985,39831.15
93984,37019.8
93983,70518.46
93982,63449.08
93981,41712.58
93980,40990.3
93979,2611.24
93978,31288.41
93977,47163.73
93976,73131.07
93975,21329.21
93974,24520.39
93973,23045.72
93972,23711.67
93971,32318.19
93970,47733.47
93969,46967.77
93968,278.23
93967,23278.4
93966,32257.75
93965,36844.27
93964,39373.09
93963,64936.02
93962,59426.9
93961,27863.6
93960,24274.65
93959,27075.27
93958,23190.49
93957,29899.36
93956,16474.28
93955,21055.18
93954,21523.54
93953,23234.09
93952,26667.18
93951,50393.43
93950,52152.91
93949,71845.4
93948,66284.68
93947,33575.0
93946,32771.25
93945,41728.51
93944,30143.0
93943,1102.71
93942,74645.01
93941,46211.59
93940,29329.25
93939,29363.66
93938,33311.26
93937,45710.07
93936,48874.74
93935,86358.19
93934,59376.49
93933,23669.37
93932,22404.21
93931,28742.19
93930,31938.39
93929,47123.01
93928,67653.61
93927,70787.81
93926,32030.54
93925,41995.24
93924,39589.55
93923,32446.8
93922,49508.94
93921,70834.51
93920,77492.36
93919,30750.68
93918,39415.66
93917,34837.24
93916,322.93
93915,42618.75
93914,60614.77
93913,45048.26
93912,61239.91
93911,30816.05
93910,31104.62
93909,36952.18
93908,42122.87
93907,53979.54
93906,50655.88
93905,31730.05
93904,42072.91
93903,50193.86
93902,42411.08
93901,51369.87
93900,67876.25
93899,53591.78
93898,34086.78
93897,46007.31
93896,38565.56
93895,48828.62
93894,51707.02
93893,70563.72
93892,56688.98
93891,26551.6
93890,32421.34
93889,27135.18
93888,31277.18
93887,38842.97
93886,43047.26
93885,53655.53
93884,27427.93
93883,22287.74
93882,34301.6
93881,29230.57
93880,34495.63
93879,43165.76
93878,37372.52
93877,31189.96
