141558,32037.31
141557,50188.88
141556,31450.68
141555,12947.78
141554,10355.44
141553,13969.43
141552,12414.74
141551,728.09
141550,26970.56
141549,18528.79
141548,7250.27
141547,9289.06
141546,11491.52
141545,18530.86
141544,26572.23
141543,45088.1
141542,23653.2
141541,27058.54
141540,13727.07
141539,17542.6
141538,16711.06
141537,10830.88
141536,147.92
141535,76.45
141534,6541.0
141533,7816.86
141532,11556.24
141531,13562.34
141530,21450.17
141529,37945.59
141528,26241.58
141527,9507.92
141526,14037.09
141525,13174.9
141524,18573.31
141523,25770.97
141522,43993.14
141521,19016.06
141520,14324.56
141519,7179.41
141518,19664.61
141517,33565.74
141516,45764.24
141515,70242.53
141514,44196.66
141513,17832.29
141512,14394.8
141511,26951.3
141510,19778.71
141509,35821.69
141508,64178.26
141507,36247.18
141506,14194.1
141505,13154.24
141504,14055.53
141503,14434.93
141502,28633.66
141501,58077.2
141500,28710.73
141499,20730.36
141498,18347.18
141497,13607.03
141496,37049.72
141495,45345.3
141494,84814.13
141493,54264.29
141492,32950.15
141491,35187.95
141490,53933.63
141489,32229.01
141488,44280.55
141487,67448.63
141486,43432.7
141485,13215.15
141484,20947.59
141483,40646.48
141482,31160.08
141481,45143.23
141480,68750.85
141479,46230.42
141478,32698.07
141477,39051.69
141476,42010.14
141475,41093.03
141474,61223.67
141473,75770.72
141472,22069.8
141471,18446.38
141470,14024.62
141469,22547.07
141468,28784.75
141467,46221.22
141466,32393.67
141465,14691.47
141464,14197.88
141463,26051.46
141462,22988.5
141461,39126.72
141460,69969.67
141459,41010.99
141458,1610.85
141457,12711.58
141456,15810.46
141455,20686.76
141454,28283.01
141453,44799.18
141452,32350.42
141451,17934.91
141450,14536.49
141449,20149.37
141448,33059.09
141447,46949.38
141446,77215.01
141445,42074.74
141444,26957.4
141443,34273.67
141442,28030.02
141441,28673.86
141440,402.67
141439,66503.18
141438,38592.26
141437,22976.42
141436,21326.0
141435,26330.39
141434,36203.19
141433,50059.03
141432,77202.26
141431,37398.69
141430,16312.2
141429,20712.77
141428,15672.32
141427,20613.42
141426,45774.46
141425,64048.25
141424,41739.96
141423,25159.61
141422,25422.61
141421,29812.69
141420,27007.12
141419,33446.57
141418,61953.47
141417,41622.65
141416,18163.1
141415,16745.97
141414,21675.19
141413,288.25
141412,45403.92
141411,61203.54
141410,45904.19
141409,63691.33
141408,24605.95
141407,22973.11
141406,30981.15
141405,39129.47
141404,46915.65
141403,40203.93
141402,21287.77
141401,42852.6
141400,36371.1
141399,34184.02
141398,41819.26
141397,63074.71
141396,46205.17
141395,28177.84
141394,28794.71
141393,31222.14
141392,31323.97
141391,50298.71
141390,52852.23
141389,37051.95
141388,16641.52
141387,18590.82
141386,21640.12
141385,20414.31
141384,36812.77
141383,40071.59
141382,37182.68
141381,15557.85
141380,13269.44
141379,17488.22
141378,23736.41
141377,29415.77
141376,34334.25
141375,23852.21
141374,26135.03
