60049,30792.19
60048,52038.86
60047,45858.88
60046,15246.3
60045,17771.55
60044,15124.12
60043,19221.93
60042,1233.38
60041,37222.53
60040,26338.98
60039,13820.97
60038,15791.43
60037,15741.43
60036,31510.86
60035,34823.98
60034,59200.72
60033,39468.2
60032,41692.58
60031,25681.29
60030,27443.08
60029,30422.06
60028,28558.3
60027,1842.41
60026,24273.78
60025,18746.53
60024,16727.22
60023,18763.38
60022,19467.47
60021,28208.46
60020,53708.13
60019,40868.06
60018,19372.87
60017,20237.57
60016,16392.38
60015,24599.34
60014,23949.51
60013,47344.95
60012,31853.89
60011,16963.92
60010,16872.27
60009,21792.64
60008,47525.48
60007,53574.32
60006,77441.55
60005,42737.65
60004,35580.6
60003,20573.36
60002,32068.45
60001,25122.48
60000,40162.13
59999,65305.41
59998,46249.95
59997,23021.85
59996,16713.22
59995,17927.86
59994,19760.99
59993,30620.4
59992,48832.29
59991,35202.38
59990,28696.58
59989,22173.56
59988,19191.1
59987,55441.65
59986,52113.53
59985,85576.39
59984,72806.41
59983,49632.35
59982,52158.6
59981,69732.87
59980,36895.67
59979,46242.42
59978,68547.48
59977,67937.77
59976,25487.72
59975,26398.19
59974,54943.61
59973,42652.26
59972,54539.04
59971,88605.04
59970,63545.11
59969,41704.81
59968,50398.18
59967,56695.95
59966,43096.83
59965,70227.32
59964,85383.81
59963,-59.49
59962,26603.93
59961,25967.82
59960,27361.95
59959,29918.27
59958,32782.21
59957,53894.95
59956,8072.22
59955,22750.78
59954,22014.45
59953,34705.95
59952,32675.42
59951,42094.88
59950,60510.22
59949,59741.32
59948,2040.14
59947,20074.31
59946,23969.26
59945,29743.74
59944,31308.01
59943,47411.86
59942,42888.65
59941,26453.06
59940,22246.66
59939,25919.91
59938,52151.33
59937,60452.44
59936,89505.19
59935,67545.78
59934,40913.81
59933,42663.15
59932,49585.07
59931,43231.97
59930,2263.48
59929,79267.27
59928,46069.89
59927,28555.46
59926,30499.64
59925,35672.27
59924,50830.69
59923,53732.52
59922,86294.08
59921,46962.67
59920,21392.96
59919,20029.39
59918,24097.39
59917,25444.14
59916,59067.62
59915,72450.44
59914,61009.06
59913,39759.5
59912,37225.18
59911,41948.21
59910,43781.47
59909,49840.36
59908,67757.18
59907,71653.36
59906,27691.27
59905,29641.6
59904,33515.95
59903,480.03
59902,69893.64
59901,75303.42
59900,54225.89
59899,79858.88
59898,35363.95
59897,33352.2
59896,41841.92
59895,38514.29
59894,58786.13
59893,56639.07
59892,25913.11
59891,52243.83
59890,41234.76
59889,54915.71
59888,53875.64
59887,78528.13
59886,62203.98
59885,46038.05
59884,48044.21
59883,41620.36
59882,52305.38
59881,74769.05
59880,82195.76
59879,61734.84
59878,36640.8
59877,32411.58
59876,34342.06
59875,37518.48
59874,47738.42
59873,53662.9
59872,57726.55
59871,28976.5
59870,25554.78
59869,31931.33
59868,37004.2
59867,41043.35
59866,47985.98
59865,33407.24
59864,34737.67
