23204,18175.17
23203,31302.46
23202,25202.11
23201,12423.22
23200,12766.22
23199,12764.75
23198,10207.38
23197,1789.88
23196,21352.74
23195,8319.06
23194,9997.45
23193,6337.33
23192,8466.3
23191,17576.79
23190,19503.66
23189,26900.17
23188,19598.62
23187,18480.6
23186,15226.01
23185,14532.96
23184,11131.24
23183,14354.4
23182,28355.35
23181,25329.46
23180,12276.31
23179,9169.98
23178,11336.8
23177,10388.72
23176,20115.48
23175,30875.97
23174,20202.05
23173,14512.79
23172,13065.37
23171,17797.83
23170,17017.61
23169,21239.46
23168,32600.49
23167,20163.25
23166,9761.06
23165,10852.0
23164,14442.01
23163,28763.72
23162,35173.09
23161,46019.3
23160,31735.76
23159,20665.64
23158,21200.0
23157,23178.77
23156,16245.74
23155,27525.56
23154,38397.49
23153,30596.68
23152,14619.56
23151,14399.94
23150,11374.79
23149,10830.28
23148,21827.53
23147,35843.86
23146,21407.7
23145,19734.84
23144,7888.85
23143,13377.91
23142,28719.29
23141,37871.83
23140,52713.95
23139,34041.94
23138,23920.52
23137,35015.0
23136,39590.36
23135,25319.21
23134,30456.88
23133,39375.12
23132,29625.15
23131,15582.64
23130,15135.31
23129,32919.16
23128,28956.4
23127,34100.52
23126,52835.97
23125,37564.04
23124,28382.0
23123,26851.68
23122,35130.08
23121,23307.75
23120,44595.93
23119,55710.16
23118,-83.98
23117,14358.47
23116,17878.8
23115,16880.48
23114,16518.23
23113,21094.38
23112,31149.86
23111,24099.42
23110,13176.3
23109,15049.57
23108,26822.0
23107,22537.43
23106,27895.15
23105,38944.25
23104,30469.82
23103,1553.29
23102,13782.03
23101,15389.32
23100,17103.04
23099,24824.41
23098,28983.05
23097,24817.12
23096,15703.44
23095,15758.49
23094,15706.2
23093,29803.52
23092,38473.92
23091,46049.51
23090,29248.38
23089,21945.98
23088,25373.12
23087,27453.54
23086,22314.52
23085,534.14
23084,45014.93
23083,28563.09
23082,19889.98
23081,21714.56
23080,21018.98
23079,32950.17
23078,33307.55
23077,52529.19
23076,30261.23
23075,16604.34
23074,14257.42
23073,16232.85
23072,18607.72
23071,38758.24
23070,38678.63
23069,35194.49
23068,23311.09
23067,24153.47
23066,28210.54
23065,23292.57
23064,30279.69
23063,42400.74
23062,34365.58
23061,19680.39
23060,19558.17
23059,19349.78
23058,280.52
23057,37049.99
23056,38143.88
23055,29486.95
23054,35776.21
23053,17261.68
23052,19813.98
23051,29549.58
23050,32311.46
23049,33333.18
23048,27716.0
23047,18748.05
23046,31052.84
23045,28598.59
23044,28516.19
23043,36418.5
23042,40263.33
23041,33829.53
23040,27335.3
23039,28218.38
23038,26542.66
23037,28708.19
23036,38257.07
23035,38821.27
23034,32671.06
23033,16583.16
23032,19810.16
23031,16139.52
23030,20473.62
23029,36243.21
23028,29556.13
23027,30647.09
23026,17838.26
23025,12649.52
23024,20419.61
23023,20942.06
23022,22902.35
23021,24223.67
23020,18733.94
23019,13203.07
