220819,14133.96
220818,21560.65
220817,16336.65
220816,7613.8
220815,8144.32
220814,8641.05
220813,8918.74
220812,516.13
220811,12348.92
220810,7420.71
220809,5083.81
220808,6434.01
220807,6556.47
220806,8758.55
220805,14412.26
220804,21697.14
220803,7937.22
220802,10727.97
220801,8544.5
220800,6575.11
220799,8118.65
220798,10449.75
220797,18112.17
220796,13039.87
220795,7932.36
220794,5851.68
220793,6695.98
220792,6194.72
220791,14815.81
220790,17403.7
220789,11458.97
220788,10852.61
220787,8239.25
220786,8725.67
220785,9377.84
220784,14218.07
220783,19746.02
220782,11680.22
220781,6351.93
220780,6330.69
220779,10645.67
220778,20306.22
220777,23810.84
220776,38302.97
220775,11761.24
220774,17776.11
220773,10117.58
220772,12768.72
220771,13932.08
220770,19552.59
220769,24442.88
220768,15495.28
220767,9991.21
220766,8085.29
220765,2530.81
220764,7091.6
220763,15120.78
220762,28723.33
220761,14165.62
220760,10314.6
220759,9076.39
220758,9793.13
220757,13262.94
220756,24777.62
220755,34874.47
220754,22653.86
220753,15014.43
220752,17813.82
220751,22367.64
220750,14135.01
220749,18160.8
220748,27939.47
220747,24889.52
220746,12499.36
220745,12726.75
220744,17377.28
220743,18409.33
220742,24597.6
220741,29064.17
220740,21127.26
220739,17603.85
220738,19197.85
220737,17635.63
220736,18365.46
220735,31755.34
220734,33198.95
220733,7808.88
220732,9190.38
220731,8479.84
220730,11765.61
220729,15873.43
220728,21876.25
220727,14363.27
220726,7441.57
220725,7018.71
220724,14039.54
220723,14155.47
220722,18993.01
220721,24620.89
220720,16635.65
220719,1311.91
220718,7035.91
220717,10107.45
220716,8335.93
220715,14359.76
220714,19885.99
220713,15956.17
220712,11763.41
220711,8833.27
220710,11486.88
220709,18218.08
220708,20329.69
220707,30343.36
220706,15912.32
220705,15985.3
220704,15055.14
220703,14810.15
220702,14226.79
220701,979.48
220700,27257.04
220699,18780.69
220698,13949.54
220697,12380.76
220696,13453.52
220695,17597.55
220694,25161.14
220693,31485.14
220692,18263.16
220691,9103.77
220690,8241.16
220689,11035.03
220688,9393.48
220687,19191.96
220686,24944.8
220685,16210.19
220684,12457.48
220683,11546.44
220682,13597.99
220681,15060.6
220680,19713.48
220679,27129.61
220678,18889.29
220677,13257.51
220676,9272.39
220675,11789.08
220674,16311.01
220673,21111.0
220672,27195.43
220671,17459.94
220670,16577.2
220669,12203.42
220668,13883.72
220667,16991.72
220666,17742.8
220665,21078.14
220664,14731.56
220663,9928.7
220662,18002.91
220661,17619.89
220660,15445.56
220659,23894.24
220658,23251.74
220657,22347.23
220656,15913.12
220655,17949.33
220654,13091.29
220653,15010.45
220652,25343.13
220651,23901.76
220650,14866.25
220649,11101.89
220648,11782.2
220647,11565.44
220646,12982.28
220645,17041.56
220644,14067.81
220643,18522.04
220642,8575.23
220641,10355.87
220640,10721.5
220639,11163.21
220638,16645.02
220637,16905.6
220636,14980.09
220635,7292.48
