133716,26287.94
133715,41150.6
133714,29593.08
133713,12313.5
133712,9982.96
133711,14668.71
133710,13206.2
133709,606.71
133708,27875.75
133707,17630.01
133706,9807.97
133705,9134.53
133704,10330.13
133703,16526.23
133702,21000.07
133701,28019.03
133700,20008.44
133699,19416.55
133698,13052.63
133697,13765.42
133696,14307.55
133695,15892.6
133694,28654.56
133693,18203.38
133692,11782.66
133691,11073.08
133690,10611.95
133689,11053.52
133688,23965.07
133687,38635.65
133686,19529.61
133685,13206.58
133684,13548.09
133683,15923.45
133682,15327.34
133681,20440.35
133680,37197.44
133679,18047.49
133678,13871.65
133677,14598.15
133676,16881.9
133675,28379.73
133674,36482.38
133673,57480.62
133672,29898.06
133671,28632.03
133670,18533.03
133669,21032.71
133668,17623.34
133667,32110.23
133666,43852.16
133665,24639.72
133664,17348.94
133663,13270.73
133662,19181.18
133661,14911.17
133660,25499.26
133659,43004.32
133658,23121.61
133657,19192.57
133656,17248.66
133655,21886.95
133654,31282.65
133653,32884.2
133652,44587.64
133651,28618.62
133650,21581.16
133649,25622.55
133648,24492.04
133647,22006.84
133646,26229.72
133645,39103.2
133644,29531.54
133643,16028.5
133642,21547.05
133641,27001.0
133640,26896.3
133639,31624.84
133638,45240.77
133637,28414.67
133636,19137.31
133635,21013.78
133634,27562.2
133633,24145.35
133632,45985.6
133631,53068.86
133630,16858.91
133629,15378.74
133628,19178.15
133627,21263.37
133626,19742.67
133625,33056.06
133624,22544.12
133623,705.55
133622,14486.11
133621,22123.44
133620,20898.03
133619,30012.0
133618,43533.61
133617,29909.45
133616,14569.46
133615,12848.71
133614,17791.24
133613,19119.02
133612,23969.3
133611,39436.72
133610,23878.11
133609,14244.79
133608,14162.27
133607,17989.74
133606,27621.04
133605,30014.68
133604,39323.9
133603,28434.46
133602,19143.62
133601,23293.59
133600,18512.73
133599,22475.41
133598,516.89
133597,49104.75
133596,26405.4
133595,21207.01
133594,22536.13
133593,23997.17
133592,31434.31
133591,40674.6
133590,56427.85
133589,34335.45
133588,17734.28
133587,19651.49
133586,18751.57
133585,20339.89
133584,37785.91
133583,49720.82
133582,25669.45
133581,19676.2
133580,18551.47
133579,18868.74
133578,20944.82
133577,29821.58
133576,47609.88
133575,34147.9
133574,18076.16
133573,16366.22
133572,19198.39
133571,64.15
133570,34706.58
133569,42384.84
133568,30165.3
133567,37839.22
133566,19096.86
133565,18133.27
133564,22978.57
133563,32593.6
133562,37642.78
133561,27521.06
133560,16384.51
133559,24926.12
133558,24216.76
133557,22182.28
133556,33342.64
133555,43092.42
133554,31384.11
133553,21361.57
133552,24677.12
133551,21495.15
133550,32500.4
133549,40800.28
133548,49938.15
133547,31921.55
133546,17143.56
133545,18407.12
133544,20495.73
133543,20589.55
133542,31387.1
133541,30835.59
133540,25481.11
133539,15135.3
133538,15774.66
133537,17197.54
133536,20680.98
133535,26381.45
133534,30471.61
133533,20427.33
133532,21635.48
