27045,50478.72
27044,74688.39
27043,62093.1
27042,19334.59
27041,17593.35
27040,19524.2
27039,22383.64
27038,1596.2
27037,50519.85
27036,28645.84
27035,19502.54
27034,13635.62
27033,18403.28
27032,33702.8
27031,36680.41
27030,58426.15
27029,43327.61
27028,39856.68
27027,21220.22
27026,15145.84
27025,31170.39
27024,19300.9
27023,58472.32
27022,46143.89
27021,15817.41
27020,16070.42
27019,18191.92
27018,18489.17
27017,41287.32
27016,70361.81
27015,40055.27
27014,27791.04
27013,19918.56
27012,26986.8
27011,30022.91
27010,34693.9
27009,66143.95
27008,36807.66
27007,23499.72
27006,17155.23
27005,28266.62
27004,60868.79
27003,73577.77
27002,128431.18
27001,56542.38
27000,43719.65
26999,38574.97
26998,41009.53
26997,36616.54
26996,52684.89
26995,83127.96
26994,64186.19
26993,27761.13
26992,29783.45
26991,25281.62
26990,26634.37
26989,47290.58
26988,81323.68
26987,49029.91
26986,40202.35
26985,25899.16
26984,27932.79
26983,49352.56
26982,81143.86
26981,122071.55
26980,93509.07
26979,61978.82
26978,65462.2
26977,85431.52
26976,41743.9
26975,58138.07
26974,101963.84
26973,74683.52
26972,33751.24
26971,36034.7
26970,62375.88
26969,59223.91
26968,70548.83
26967,115241.19
26966,90631.29
26965,58255.08
26964,53878.19
26963,70326.33
26962,58162.67
26961,102939.09
26960,124619.47
26959,-6.79
26958,37273.28
26957,35626.59
26956,29722.5
26955,35590.12
26954,51297.57
26953,78382.84
26952,66529.0
26951,2481.35
26950,34591.22
26949,52812.93
26948,51789.75
26947,63497.59
26946,108532.68
26945,74113.03
26944,24598.81
26943,32373.81
26942,33019.39
26941,35259.31
26940,42368.49
26939,68590.38
26938,63935.3
26937,36811.88
26936,37350.85
26935,38351.09
26934,77722.15
26933,89168.9
26932,111410.76
26931,74988.74
26930,50998.16
26929,46553.95
26928,53265.63
26927,52790.27
26926,2749.76
26925,125952.99
26924,66388.0
26923,41601.57
26922,36999.51
26921,43800.47
26920,55825.05
26919,80873.5
26918,102644.15
26917,63820.97
26916,30197.68
26915,29935.48
26914,32746.79
26913,40533.12
26912,73002.81
26911,110149.21
26910,79165.42
26909,48889.56
26908,56250.67
26907,57137.48
26906,47214.01
26905,61142.0
26904,94364.35
26903,77059.83
26902,45232.78
26901,42602.9
26900,45836.23
26899,1200.95
26898,78757.41
26897,96629.92
26896,70544.68
26895,77486.99
26894,39908.77
26893,42671.17
26892,54348.06
26891,57754.62
26890,85250.71
26889,66185.71
26888,37605.58
26887,57770.55
26886,64666.38
26885,64852.42
26884,76184.34
26883,100598.14
26882,82466.83
26881,49724.95
26880,57711.04
26879,54028.93
26878,68575.22
26877,78085.49
26876,84983.3
26875,61289.3
26874,33327.38
26873,38812.17
26872,33503.6
26871,44998.06
26870,63205.18
26869,63092.18
26868,66645.59
26867,32181.38
26866,29560.01
26865,31946.87
26864,38122.74
26863,47924.27
26862,48309.94
26861,43770.43
26860,46411.42
