207385,17628.17
207384,34351.55
207383,34912.63
207382,14327.96
207381,13540.47
207380,16544.84
207379,17896.58
207378,1862.57
207377,30145.74
207376,28905.55
207375,12618.8
207374,14101.42
207373,15337.76
207372,19175.79
207371,24784.86
207370,34260.81
207369,27291.9
207368,29072.28
207367,13658.62
207366,19257.89
207365,17676.71
207364,18042.22
207363,38221.27
207362,30416.48
207361,15495.29
207360,15160.77
207359,12814.58
207358,15423.03
207357,27160.1
207356,32810.11
207355,25153.27
207354,16380.09
207353,15889.53
207352,16108.46
207351,18602.83
207350,22151.39
207349,31386.25
207348,22637.77
207347,19393.8
207346,17560.18
207345,22242.78
207344,33328.86
207343,43227.34
207342,52181.79
207341,42418.51
207340,32494.58
207339,23185.14
207338,19286.15
207337,13578.25
207336,24729.41
207335,41818.42
207334,34730.12
207333,17073.47
207332,14983.19
207331,19084.0
207330,16744.65
207329,27200.85
207328,43142.21
207327,25795.55
207326,21223.29
207325,18179.09
207324,17400.72
207323,29621.08
207322,34100.27
207321,45316.92
207320,41213.89
207319,21990.87
207318,25399.0
207317,35256.2
207316,21738.68
207315,23967.08
207314,42711.25
207313,31309.94
207312,18069.06
207311,17737.19
207310,28714.97
207309,28416.88
207308,34196.43
207307,57246.37
207306,41741.51
207305,23755.24
207304,29055.37
207303,34706.18
207302,28249.62
207301,37871.65
207300,60657.11
207299,21230.49
207298,23896.76
207297,21510.72
207296,29185.94
207295,29169.97
207294,42088.11
207293,32358.09
207292,21.95
207291,19959.09
207290,29983.93
207289,28509.17
207288,34791.7
207287,45486.25
207286,49204.52
207285,17646.73
207284,9.59
207283,31066.15
207282,38783.33
207281,32566.76
207280,65.83
207279,24572.15
207278,22563.95
207277,27817.68
207276,34591.27
207275,45607.19
207274,40869.01
207273,22155.05
207272,19619.87
207271,19691.92
207270,27555.31
207269,32140.43
207268,55095.31
207267,38025.91
207266,23347.29
207265,26236.76
207264,27127.51
207263,30374.48
207262,38145.34
207261,62128.43
207260,43525.77
207259,23316.78
207258,23212.67
207257,20166.11
207256,25957.69
207255,39251.07
207254,47622.81
207253,46009.65
207252,24278.45
207251,25419.77
207250,30298.84
207249,31585.03
207248,33704.74
207247,53768.2
207246,40411.63
207245,19263.22
207244,21011.63
207243,21236.01
207242,28923.8
207241,36172.8
207240,50377.42
207239,49148.21
207238,44569.23
207237,21206.72
207236,26117.55
207235,32635.65
207234,36428.66
207233,50531.13
207232,44400.77
207231,28459.51
207230,34753.36
207229,33415.71
207228,30271.95
207227,36157.55
207226,54887.67
207225,42673.41
207224,24751.12
207223,27765.15
207222,28145.4
207221,28759.85
207220,38312.89
207219,56309.42
207218,42209.22
207217,20111.26
207216,21892.22
207215,27623.84
207214,26080.92
207213,36498.57
207212,38058.71
207211,45534.06
207210,19530.37
207209,19823.54
207208,23965.14
207207,27144.02
207206,28653.33
207205,38496.33
207204,34056.31
207203,25269.47
