200960,14025.32
200959,32615.45
200958,21911.15
200957,6043.0
200956,10817.36
200955,8425.52
200954,10292.6
200953,393.5
200952,15971.5
200951,9627.43
200950,7160.8
200949,4717.4
200948,7684.9
200947,14412.09
200946,20610.75
200945,27458.64
200944,14056.44
200943,14824.11
200942,10738.57
200941,9176.99
200940,12247.26
200939,11737.37
200938,22584.41
200937,18777.6
200936,7666.96
200935,7092.32
200934,8191.53
200933,8180.3
200932,13481.43
200931,29058.98
200930,15902.92
200929,11949.62
200928,11458.65
200927,10920.58
200926,13759.84
200925,15203.74
200924,25826.16
200923,13522.28
200922,7173.85
200921,6983.39
200920,9080.58
200919,19942.69
200918,31868.21
200917,37368.1
200916,26549.25
200915,20248.43
200914,9601.37
200913,15492.57
200912,14775.33
200911,25425.54
200910,41328.7
200909,22262.54
200908,10739.68
200907,13995.14
200906,8918.06
200905,7875.79
200904,19224.69
200903,28568.59
200902,17200.84
200901,16110.83
200900,12014.46
200899,9020.11
200898,23060.79
200897,31329.49
200896,45586.23
200895,39310.93
200894,23836.12
200893,26521.26
200892,33989.08
200891,18257.44
200890,28321.78
200889,40195.65
200888,31296.32
200887,11153.69
200886,9784.26
200885,27094.51
200884,26226.93
200883,34714.75
200882,54188.72
200881,29302.04
200880,18368.79
200879,25951.15
200878,32321.94
200877,28692.23
200876,48981.39
200875,43394.2
200874,-9.99
200873,8610.0
200872,12590.43
200871,13944.95
200870,14841.86
200869,19146.96
200868,29562.2
200867,16303.01
200866,7590.55
200865,10072.56
200864,20580.7
200863,19525.34
200862,22660.79
200861,31243.4
200860,26949.48
200859,763.86
200858,12927.87
200857,15221.79
200856,13598.31
200855,17867.02
200854,27354.43
200853,20172.04
200852,14937.01
200851,15588.6
200850,16272.27
200849,33871.84
200848,37275.43
200847,42957.01
200846,27716.94
200845,20403.4
200844,22206.38
200843,22699.95
200842,21709.49
200841,1624.65
200840,44862.5
200839,27201.3
200838,14598.77
200837,16011.47
200836,14227.95
200835,27241.47
200834,36626.69
200833,42664.98
200832,25845.77
200831,9591.98
200830,9555.69
200829,14187.04
200828,15600.21
200827,30873.44
200826,44265.71
200825,27118.51
200824,24188.94
200823,19163.66
200822,21821.53
200821,19088.1
200820,25878.86
200819,40122.71
200818,33202.99
200817,14232.55
200816,12781.32
200815,18235.49
200814,308.96
200813,26076.16
200812,34082.11
200811,24784.64
200810,24567.69
200809,13648.21
200808,14617.34
200807,21530.06
200806,24622.6
200805,30137.26
200804,24236.98
200803,11586.18
200802,31481.23
200801,30348.38
200800,21030.71
200799,23955.55
200798,38751.56
200797,27578.49
200796,19409.21
200795,24173.8
200794,23549.14
200793,23756.64
200792,34316.54
200791,33083.99
200790,23419.53
200789,13058.12
200788,11325.83
200787,12613.05
200786,19165.7
200785,22459.28
200784,20310.04
200783,22746.85
200782,13590.76
200781,10077.52
200780,14379.31
200779,16088.38
200778,18871.83
200777,20829.14
200776,14467.3
200775,14114.08
