167448,17524.49
167447,37144.38
167446,26720.76
167445,9721.51
167444,9591.77
167443,9701.16
167442,13169.53
167441,400.74
167440,25279.57
167439,19574.36
167438,8930.71
167437,9947.24
167436,10078.45
167435,15757.77
167434,18538.01
167433,29475.24
167432,20554.2
167431,17669.83
167430,12505.74
167429,13223.95
167428,11528.04
167427,14697.68
167426,29004.66
167425,17090.86
167424,10316.53
167423,10085.76
167422,10462.9
167421,12122.06
167420,20693.0
167419,28566.18
167418,20896.92
167417,10109.08
167416,10602.3
167415,14154.52
167414,12870.61
167413,19681.36
167412,33256.17
167411,15447.27
167410,12135.61
167409,12269.54
167408,17798.64
167407,24404.21
167406,35995.71
167405,55848.86
167404,32851.12
167403,21916.59
167402,13475.61
167401,17824.53
167400,14162.81
167399,25736.77
167398,39947.87
167397,27936.68
167396,12961.6
167395,12296.22
167394,12761.63
167393,13486.76
167392,21547.19
167391,35436.37
167390,21746.52
167389,16492.72
167388,13148.61
167387,14171.75
167386,19906.89
167385,27153.51
167384,49306.07
167383,35054.58
167382,21674.24
167381,24100.23
167380,22779.18
167379,21472.85
167378,29720.76
167377,43839.8
167376,27984.86
167375,19024.48
167374,20648.37
167373,25294.92
167372,31233.44
167371,32448.25
167370,47231.16
167369,28263.83
167368,15942.18
167367,20183.78
167366,25197.14
167365,20316.33
167364,43573.07
167363,51841.39
167362,13674.06
167361,11758.17
167360,13752.99
167359,16354.81
167358,19334.81
167357,33184.39
167356,20604.68
167355,549.5
167354,10738.25
167353,21990.86
167352,20464.75
167351,29842.95
167350,42080.04
167349,35752.63
167348,12852.32
167347,898.68
167346,386.5
167345,146.66
167344,19552.33
167343,27244.91
167342,22288.14
167341,356.48
167340,13060.91
167339,11377.89
167338,16464.45
167337,24920.82
167336,44134.21
167335,25994.62
167334,15031.46
167333,15804.7
167332,17278.52
167331,15672.37
167330,26093.28
167329,45080.84
167328,27044.84
167327,12690.31
167326,14992.6
167325,18753.2
167324,23984.79
167323,30960.33
167322,56172.56
167321,31251.29
167320,12626.19
167319,15519.55
167318,16086.77
167317,16158.44
167316,32624.99
167315,44672.19
167314,20096.73
167313,20985.39
167312,20789.4
167311,22094.35
167310,12455.98
167309,28951.18
167308,42793.94
167307,35824.99
167306,16892.07
167305,13536.78
167304,17088.04
167303,21628.97
167302,30804.95
167301,43559.19
167300,27357.79
167299,32378.54
167298,14435.89
167297,11578.74
167296,12836.96
167295,18511.34
167294,32063.63
167293,28210.56
167292,13040.49
167291,23459.73
167290,21161.84
167289,20901.57
167288,28821.75
167287,41381.64
167286,22597.04
167285,16775.9
167284,21987.46
167283,21561.32
167282,22174.81
167281,33505.57
167280,44811.04
167279,25334.5
167278,14121.39
167277,13656.91
167276,16329.76
167275,15617.89
167274,25929.23
167273,30649.08
167272,25801.51
167271,16027.51
167270,9823.17
167269,13836.91
167268,17987.02
167267,22280.65
167266,34672.07
167265,22891.18
167264,22406.33
