172992,24739.74
172991,35209.78
172990,33810.55
172989,12845.12
172988,14223.8
172987,14145.86
172986,11850.49
172985,689.22
172984,23248.52
172983,18646.33
172982,7876.54
172981,10957.28
172980,9369.01
172979,15633.79
172978,16683.17
172977,26786.59
172976,20623.07
172975,17239.42
172974,10108.43
172973,12563.76
172972,14695.35
172971,13047.56
172970,22753.87
172969,21605.76
172968,9841.31
172967,7454.54
172966,11032.23
172965,10446.66
172964,16062.55
172963,25979.16
172962,22242.6
172961,16643.8
172960,13632.35
172959,16475.94
172958,18101.4
172957,21261.78
172956,32331.08
172955,18732.28
172954,17019.65
172953,12123.19
172952,19195.54
172951,33425.25
172950,34953.16
172949,51120.81
172948,30470.75
172947,23020.1
172946,17245.07
172945,18477.41
172944,16687.71
172943,25976.25
172942,36844.7
172941,31071.86
172940,12935.59
172939,13784.13
172938,14748.69
172937,13803.08
172936,20176.35
172935,32687.8
172934,22770.22
172933,20154.42
172932,16087.56
172931,16840.9
172930,28190.98
172929,37881.67
172928,51405.47
172927,37571.64
172926,24162.11
172925,27707.46
172924,28916.17
172923,25727.59
172922,28919.87
172921,39864.23
172920,33633.75
172919,17832.77
172918,17957.29
172917,32969.66
172916,28470.65
172915,34167.71
172914,42344.53
172913,34481.97
172912,20701.43
172911,27614.75
172910,31907.69
172909,29754.93
172908,48313.44
172907,56521.94
172906,-59.24
172905,14883.05
172904,13668.01
172903,14082.7
172902,17340.68
172901,18400.33
172900,31852.98
172899,26834.74
172898,10552.14
172897,14000.13
172896,25573.48
172895,25390.49
172894,28043.66
172893,41748.17
172892,36042.12
172891,798.69
172890,10808.58
172889,12745.03
172888,13637.0
172887,18791.51
172886,29208.56
172885,21727.92
172884,9939.73
172883,11636.76
172882,13746.01
172881,21702.68
172880,27356.14
172879,35853.87
172878,27263.0
172877,16020.63
172876,17511.44
172875,18699.34
172874,19176.47
172873,1339.88
172872,41945.55
172871,28373.15
172870,15919.49
172869,19706.15
172868,20521.09
172867,30800.8
172866,35005.28
172865,59524.82
172864,36452.48
172863,15176.63
172862,19262.33
172861,16923.46
172860,15728.4
172859,33877.57
172858,41238.82
172857,30273.37
172856,20514.78
172855,22634.06
172854,22964.15
172853,18360.54
172852,24536.41
172851,41517.14
172850,41842.26
172849,16959.26
172848,17806.59
172847,17347.93
172846,237.04
172845,26363.06
172844,31145.72
172843,28682.93
172842,28015.31
172841,14031.8
172840,15342.69
172839,14640.11
172838,22386.67
172837,37061.35
172836,28796.52
172835,10077.88
172834,20871.68
172833,22880.56
172832,20221.15
172831,26639.56
172830,36529.52
172829,26828.91
172828,14952.5
172827,18318.6
172826,16327.04
172825,22067.28
172824,30205.65
172823,45254.82
172822,30212.01
172821,9936.66
172820,18083.11
172819,12581.29
172818,17928.49
172817,23772.35
172816,27955.86
172815,29431.8
172814,10692.43
172813,11109.26
172812,16015.97
172811,17081.91
172810,21542.67
172809,31642.23
172808,20465.7
172807,16021.45
