100943,30242.7
100942,48359.1
100941,34193.01
100940,12415.59
100939,21373.04
100938,19991.07
100937,16871.23
100936,1767.91
100935,36501.56
100934,16165.39
100933,11801.97
100932,11004.42
100931,12085.32
100930,22841.47
100929,32617.76
100928,43853.96
100927,20004.99
100926,20378.53
100925,21821.92
100924,22988.07
100923,18499.04
100922,21936.43
100921,46811.85
100920,32198.12
100919,17543.21
100918,12032.61
100917,16242.29
100916,13037.06
100915,29375.95
100914,46921.57
100913,26461.44
100912,18198.98
100911,21094.92
100910,22306.74
100909,20905.74
100908,31009.76
100907,53165.8
100906,26567.24
100905,17509.47
100904,17085.83
100903,16545.23
100902,40987.17
100901,38598.89
100900,70278.77
100899,42717.97
100898,37063.79
100897,28984.87
100896,39359.19
100895,23920.64
100894,40182.43
100893,60785.86
100892,38513.33
100891,18457.03
100890,19709.04
100889,13138.35
100888,16133.0
100887,27437.89
100886,50258.21
100885,28251.21
100884,27246.95
100883,8985.93
100882,19689.69
100881,33386.51
100880,53023.21
100879,68999.52
100878,51140.85
100877,35843.28
100876,46164.27
100875,51541.96
100874,25408.12
100873,40208.18
100872,51914.98
100871,39456.61
100870,23763.25
100869,21818.48
100868,41205.94
100867,35155.42
100866,41460.28
100865,68736.38
100864,49175.55
100863,31279.88
100862,34611.68
100861,39800.12
100860,27664.22
100859,59520.03
100858,71715.24
100857,24313.17
100856,24603.97
100855,26336.34
100854,25089.71
100853,34604.03
100852,44107.83
100851,28456.35
100850,636.67
100849,19550.05
100848,27836.6
100847,30895.2
100846,37257.48
100845,52794.38
100844,33594.17
100843,16640.06
100842,946.63
100841,202.81
100840,354.65
100839,28222.67
100838,39289.54
100837,33463.2
100836,596.42
100835,20390.0
100834,19075.33
100833,43515.15
100832,56272.04
100831,61351.66
100830,39840.44
100829,30328.91
100828,33593.25
100827,33321.68
100826,34750.13
100825,43169.85
100824,65840.6
100823,35718.94
100822,24127.3
100821,26101.17
100820,28341.03
100819,39359.64
100818,44788.54
100817,59781.62
100816,38733.97
100815,18407.82
100814,20414.98
100813,19904.3
100812,22057.01
100811,53277.25
100810,64963.47
100809,41067.66
100808,34778.33
100807,28378.38
100806,39284.88
100805,31319.51
100804,41018.95
100803,51363.62
100802,46027.03
100801,22742.71
100800,26876.79
100799,29569.28
100798,44585.0
100797,44842.06
100796,54622.65
100795,36673.52
100794,35958.62
100793,25605.33
100792,25520.67
100791,32999.21
100790,41760.63
100789,46369.87
100788,35437.35
100787,21994.23
100786,37824.45
100785,38448.28
100784,34802.16
100783,48509.86
100782,62782.96
100781,42495.39
100780,31824.62
100779,36091.56
100778,36947.94
100777,47334.24
100776,52979.06
100775,55069.48
100774,37721.71
100773,18501.29
100772,24355.06
100771,25583.09
100770,28878.79
100769,44743.19
100768,38758.88
100767,41914.89
100766,24561.44
100765,17192.9
100764,25730.78
100763,25483.79
100762,37889.8
100761,36364.37
100760,20742.8
100759,21886.2
