112051,31919.53
112050,48353.81
112049,51470.71
112048,22381.43
112047,21220.07
112046,23998.93
112045,25948.01
112044,831.56
112043,39945.57
112042,33729.68
112041,18646.29
112040,19435.88
112039,20741.98
112038,29867.51
112037,35482.93
112036,42731.22
112035,31320.53
112034,33899.46
112033,22633.33
112032,28059.32
112031,23301.35
112030,28998.58
112029,41350.4
112028,35035.29
112027,19882.97
112026,20228.11
112025,23573.53
112024,23726.39
112023,34225.69
112022,44184.9
112021,32095.79
112020,27995.59
112019,24795.63
112018,24989.77
112017,35614.58
112016,37057.38
112015,49636.28
112014,29940.89
112013,28608.98
112012,28557.47
112011,27544.31
112010,46187.94
112009,58043.1
112008,78681.66
112007,51380.2
112006,45931.4
112005,30011.93
112004,39783.56
112003,31263.99
112002,42023.88
112001,53411.02
112000,44433.93
111999,30772.8
111998,26887.97
111997,27354.58
111996,24972.33
111995,42015.37
111994,50527.2
111993,35233.61
111992,36178.14
111991,28766.85
111990,28134.19
111989,53074.17
111988,58906.83
111987,72461.45
111986,68280.76
111985,40466.53
111984,42811.71
111983,65342.67
111982,35818.95
111981,46225.46
111980,65318.75
111979,56086.59
111978,29908.71
111977,30789.53
111976,47511.02
111975,46072.01
111974,55873.04
111973,78299.13
111972,58362.27
111971,44274.93
111970,49643.17
111969,55339.18
111968,49895.75
111967,62092.25
111966,84910.42
111965,33941.17
111964,34480.89
111963,28206.53
111962,38684.16
111961,47688.11
111960,55335.71
111959,50965.01
111958,798.52
111957,30468.91
111956,43337.57
111955,42189.89
111954,56256.14
111953,67646.8
111952,56423.06
111951,23416.12
111950,28442.19
111949,28302.87
111948,33003.05
111947,32999.64
111946,44665.19
111945,45405.74
111944,26266.18
111943,25562.47
111942,28642.61
111941,49864.5
111940,47943.43
111939,56436.99
111938,49127.52
111937,33185.45
111936,37562.38
111935,37579.74
111934,41257.37
111933,898.31
111932,61529.25
111931,40390.65
111930,27852.76
111929,35100.79
111928,35083.61
111927,53081.04
111926,60229.34
111925,89362.39
111924,58733.73
111923,29260.46
111922,27767.99
111921,27875.16
111920,32174.27
111919,64261.28
111918,61390.72
111917,53187.84
111916,33080.08
111915,35742.32
111914,36919.34
111913,40058.34
111912,53547.78
111911,56701.3
111910,57014.8
111909,24185.34
111908,25536.82
111907,27428.65
111906,515.89
111905,48709.63
111904,58433.62
111903,47299.74
111902,53085.75
111901,31501.17
111900,30180.1
111899,34706.58
111898,36654.52
111897,49682.56
111896,46649.59
111895,25870.9
111894,41803.25
111893,34461.58
111892,40352.86
111891,42365.64
111890,57323.6
111889,54090.21
111888,32194.01
111887,35899.58
111886,33981.37
111885,40985.5
111884,56774.3
111883,67297.72
111882,54990.54
111881,18101.14
111880,24813.96
111879,25497.68
111878,27031.74
111877,42375.68
111876,43314.59
111875,50991.0
111874,20774.7
111873,17354.12
111872,18794.9
111871,31653.71
111870,36956.38
111869,47872.73
111868,37100.71
111867,28008.98
