224466,23899.34
224465,36387.35
224464,30049.77
224463,12276.74
224462,11403.13
224461,10964.95
224460,10666.47
224459,977.39
224458,22546.15
224457,15005.91
224456,7544.24
224455,8852.62
224454,7134.95
224453,14970.48
224452,19882.77
224451,9715.77
224450,30407.24
224449,14781.54
224448,15977.93
224447,12336.5
224446,13083.18
224445,14069.84
224444,28063.42
224443,19446.16
224442,10071.66
224441,11412.37
224440,11912.36
224439,10692.99
224438,20182.47
224437,29902.23
224436,20426.86
224435,11785.46
224434,13413.51
224433,12692.86
224432,15701.0
224431,7669.91
224430,31399.27
224429,20025.73
224428,7263.01
224427,12822.11
224426,18092.61
224425,30548.35
224424,32921.54
224423,54753.44
224422,25051.04
224421,27734.73
224420,12116.24
224419,25339.08
224418,17130.41
224417,26222.46
224416,38684.13
224415,28944.83
224414,11425.14
224413,12829.13
224412,11688.04
224411,15768.31
224410,22622.56
224409,38288.74
224408,21166.68
224407,15571.01
224406,13936.78
224405,13380.66
224404,35077.99
224403,30408.11
224402,57375.81
224401,38020.18
224400,20537.7
224399,24838.71
224398,30556.74
224397,18128.66
224396,28408.6
224395,42646.05
224394,32061.72
224393,12454.44
224392,14226.31
224391,26836.36
224390,23850.81
224389,35330.62
224388,54428.47
224387,32121.84
224386,13398.83
224385,20916.42
224384,22975.12
224383,20296.15
224382,26030.97
224381,57040.0
224380,9835.28
224379,13519.99
224378,15277.51
224377,17420.44
224376,22885.67
224375,38894.65
224374,25798.08
224373,8033.79
224372,14878.86
224371,24149.56
224370,17343.95
224369,29347.47
224368,47390.01
224367,38594.81
224366,1064.85
224365,13659.83
224364,15332.85
224363,18410.97
224362,23919.87
224361,31419.97
224360,26100.45
224359,19540.56
224358,15896.1
224357,16161.15
224356,26626.26
224355,37832.48
224354,43270.22
224353,27929.04
224352,19259.79
224351,19348.36
224350,25356.15
224349,19602.18
224348,495.86
224347,42115.22
224346,32563.43
224345,17455.38
224344,17630.87
224343,20444.41
224342,26587.57
224341,37619.25
224340,55367.29
224339,36110.04
224338,12930.35
224337,17230.03
224336,15651.22
224335,17702.7
224334,37301.07
224333,43870.43
224332,41213.22
224331,25392.24
224330,25689.28
224329,29318.58
224328,25437.01
224327,35041.28
224326,42396.79
224325,49489.88
224324,18644.81
224323,22200.97
224322,19620.56
224321,29688.55
224320,36278.16
224319,49586.56
224318,41167.21
224317,42882.89
224316,18000.64
224315,21544.67
224314,23806.2
224313,29028.13
224312,33665.99
224311,36677.09
224310,16336.21
224309,33138.3
224308,32648.62
224307,27412.61
224306,31919.04
224305,41659.25
224304,34250.65
224303,22221.69
224302,26215.13
224301,25246.82
224300,28246.95
224299,38458.1
224298,38121.42
224297,27214.33
224296,16763.2
224295,20245.72
224294,25624.14
224293,23557.45
224292,38931.63
224291,27184.44
224290,29574.4
224289,17943.23
224288,17699.45
224287,19607.66
224286,22647.6
224285,30115.75
224284,33772.09
224283,18601.99
224282,15733.59
