33008,32893.1
33007,63798.65
33006,44899.88
33005,10864.5
33004,13949.74
33003,17792.89
33002,20097.39
33001,1187.17
33000,31158.93
32999,23043.78
32998,12754.68
32997,11909.97
32996,13472.3
32995,34081.08
32994,34082.1
32993,51792.53
32992,29711.52
32991,33694.83
32990,21084.24
32989,19786.09
32988,24140.28
32987,26671.51
32986,57262.74
32985,39404.78
32984,16006.71
32983,11830.78
32982,15719.99
32981,15387.24
32980,33459.12
32979,52986.02
32978,32720.65
32977,18481.8
32976,19873.46
32975,21206.82
32974,24849.5
32973,34649.53
32972,51921.46
32971,24502.78
32970,15238.0
32969,16602.43
32968,15613.82
32967,46461.84
32966,66811.05
32965,81753.18
32964,62748.24
32963,48528.55
32962,12718.46
32961,31879.57
32960,29395.32
32959,52540.34
32958,73035.71
32957,52677.75
32956,22008.76
32955,21428.86
32954,20462.79
32953,17026.34
32952,31158.6
32951,62773.64
32950,36770.97
32949,26513.45
32948,18645.34
32947,17530.61
32946,59304.19
32945,60650.72
32944,96429.84
32943,72225.09
32942,46912.73
32941,54435.09
32940,68684.23
32939,33443.38
32938,45171.05
32937,71607.53
32936,45858.4
32935,19147.92
32934,19243.3
32933,46948.58
32932,42605.79
32931,54894.15
32930,95378.71
32929,67073.81
32928,45774.66
32927,51613.64
32926,64178.39
32925,47870.38
32924,74830.18
32923,87005.25
32922,-3.35
32921,20942.36
32920,19527.66
32919,21776.94
32918,28941.89
32917,35388.66
32916,54676.97
32915,32490.9
32914,1009.5
32913,15434.03
32912,42216.22
32911,35819.66
32910,46945.5
32909,65731.01
32908,56468.65
32907,17838.12
32906,19683.59
32905,22037.25
32904,28155.18
32903,35909.8
32902,46353.45
32901,41383.76
32900,24926.99
32899,23274.65
32898,23257.81
32897,66921.68
32896,66980.15
32895,87801.77
32894,57339.05
32893,42536.04
32892,42977.12
32891,41893.31
32890,39716.24
32889,947.52
32888,91060.35
32887,45286.7
32886,27420.29
32885,28315.14
32884,30476.25
32883,57320.67
32882,61013.04
32881,87899.57
32880,43977.52
32879,18523.13
32878,21092.54
32877,24633.65
32876,21923.66
32875,69156.7
32874,79123.17
32873,67110.5
32872,42370.97
32871,39063.27
32870,41698.7
32869,45344.25
32868,47914.52
32867,78153.27
32866,70433.72
32865,25828.93
32864,28158.25
32863,30569.71
32862,647.55
32861,56320.62
32860,74707.15
32859,52634.7
32858,52741.99
32857,28554.44
32856,34150.55
32855,43140.39
32854,48822.59
32853,52505.37
32852,50965.28
32851,26551.61
32850,56388.7
32849,58227.95
32848,50488.91
32847,59878.17
32846,80869.43
32845,57785.43
32844,44048.25
32843,43389.68
32842,42876.49
32841,53942.18
32840,70056.65
32839,66789.84
32838,46679.41
32837,25481.83
32836,28972.1
32835,28590.86
32834,36589.32
32833,48167.86
32832,44313.1
32831,47456.21
32830,21827.23
32829,23217.54
32828,25102.97
32827,31667.7
32826,42732.59
32825,43283.53
32824,29431.83
32823,24628.38
