36057,27077.1
36056,47167.95
36055,39864.13
36054,14334.81
36053,14970.99
36052,15749.07
36051,17301.04
36050,2334.93
36049,27239.93
36048,19287.97
36047,8770.72
36046,14281.23
36045,14124.14
36044,26628.53
36043,30126.74
36042,40107.19
36041,23106.72
36040,27523.83
36039,18208.08
36038,17983.77
36037,19469.46
36036,21238.1
36035,44241.0
36034,32620.97
36033,13516.0
36032,11675.78
36031,15841.58
36030,14083.35
36029,27915.9
36028,41432.95
36027,28296.73
36026,18456.18
36025,10357.57
36024,20133.63
36023,19861.73
36022,26731.73
36021,40441.41
36020,24796.09
36019,14792.11
36018,14890.7
36017,19766.9
36016,42176.24
36015,48589.89
36014,75906.24
36013,17119.91
36012,37827.11
36011,22232.33
36010,27751.47
36009,24082.59
36008,37301.87
36007,62570.22
36006,39099.53
36005,16786.82
36004,19724.33
36003,20587.67
36002,18598.95
36001,30432.81
36000,47671.41
35999,26702.14
35998,25542.34
35997,15381.17
35996,16334.4
35995,42982.08
35994,62374.77
35993,86105.78
35992,68328.16
35991,37431.19
35990,48439.46
35989,57795.06
35988,33266.7
35987,43721.79
35986,52499.22
35985,43338.53
35984,20076.42
35983,18917.12
35982,43250.52
35981,36950.18
35980,44220.33
35979,65109.72
35978,44077.71
35977,36103.51
35976,36554.21
35975,42717.66
35974,25193.49
35973,57701.12
35972,67848.96
35971,20062.55
35970,18098.41
35969,17649.02
35968,25122.79
35967,24309.53
35966,40406.69
35965,27699.64
35964,15439.43
35963,17592.68
35962,41752.0
35961,34705.89
35960,39649.35
35959,66550.2
35958,46487.32
35957,164.05
35956,17760.02
35955,18076.55
35954,26846.82
35953,29539.19
35952,38840.62
35951,35588.99
35950,21580.27
35949,23344.08
35948,18401.81
35947,47879.01
35946,53267.55
35945,63095.04
35944,48651.48
35943,36026.84
35942,33780.29
35941,30910.69
35940,27764.2
35939,67787.84
35938,36545.62
35937,21067.6
35936,22946.28
35935,25044.16
35934,39861.56
35933,42283.25
35932,63316.42
35931,44545.02
35930,17321.98
35929,21434.58
35928,20668.59
35927,25436.22
35926,45215.04
35925,64560.18
35924,43648.11
35923,34930.65
35922,28997.09
35921,32287.47
35920,31228.64
35919,48216.13
35918,58350.45
35917,51818.0
35916,26380.5
35915,29580.45
35914,26587.25
35913,49538.44
35912,52468.85
35911,40011.05
35910,44443.19
35909,24663.01
35908,25298.16
35907,29906.77
35906,36552.49
35905,43944.72
35904,35953.67
35903,23193.55
35902,42813.27
35901,43631.66
35900,46389.0
35899,55048.04
35898,64847.88
35897,50044.12
35896,35301.39
35895,38196.14
35894,38216.42
35893,44296.91
35892,56823.92
35891,60066.05
35890,42950.28
35889,20754.52
35888,23793.45
35887,24238.04
35886,31783.54
35885,37291.05
35884,36076.18
35883,40364.86
35882,21515.48
35881,14322.2
35880,23614.15
35879,28984.45
35878,30853.5
35877,32762.79
35876,26024.45
35875,16439.72
