121466,25287.14
121465,52030.02
121464,42009.44
121463,18598.75
121462,18455.18
121461,15668.32
121460,21750.45
121459,878.36
121458,31968.09
121457,37397.23
121456,15258.56
121455,14466.14
121454,17774.42
121453,27197.66
121452,28571.72
121451,43828.49
121450,31054.73
121449,33360.95
121448,23060.21
121447,20675.29
121446,19583.22
121445,24216.73
121444,45577.52
121443,28283.58
121442,17396.34
121441,15635.01
121440,21516.34
121439,19482.49
121438,30846.09
121437,45690.54
121436,32620.69
121435,13770.66
121434,12218.14
121433,17160.45
121432,26988.86
121431,25340.91
121430,44290.53
121429,22628.68
121428,25093.59
121427,22496.76
121426,27177.16
121425,45830.58
121424,48399.87
121423,74245.27
121422,47332.38
121421,34800.59
121420,19328.58
121419,23039.48
121418,22855.41
121417,38515.7
121416,56551.85
121415,48175.49
121414,20007.93
121413,18382.37
121412,20064.95
121411,17790.09
121410,30182.09
121409,43331.68
121408,34068.59
121407,25473.95
121406,18018.33
121405,19894.47
121404,36646.51
121403,43152.6
121402,68580.63
121401,57021.53
121400,35987.81
121399,39263.94
121398,55773.12
121397,27681.43
121396,36265.61
121395,57292.15
121394,54821.65
121393,20076.19
121392,24082.96
121391,42615.74
121390,33114.64
121389,28067.52
121388,63465.91
121387,61073.86
121386,34569.83
121385,36849.05
121384,2667.39
121383,30705.13
121382,44763.27
121381,69375.94
121380,26317.26
121379,17107.25
121378,17435.96
121377,23275.59
121376,29710.91
121375,43493.67
121374,44706.28
121373,23148.43
121372,19175.55
121371,31826.84
121370,36570.44
121369,43140.29
121368,54017.79
121367,56255.48
121366,1233.74
121365,20718.81
121364,22197.87
121363,24163.67
121362,25679.69
121361,32674.03
121360,30364.92
121359,19162.74
121358,21055.95
121357,24151.48
121356,49152.94
121355,46950.71
121354,67596.01
121353,56408.43
121352,33423.81
121351,28945.09
121350,33038.02
121349,29512.17
121348,716.03
121347,76473.82
121346,45049.41
121345,29578.73
121344,27336.16
121343,31981.32
121342,40175.4
121341,45564.15
121340,80595.21
121339,52575.1
121338,18556.29
121337,24317.96
121336,25016.49
121335,26771.79
121334,47200.19
121333,62321.91
121332,54084.2
121331,29531.69
121330,31103.23
121329,41442.22
121328,43717.0
121327,42035.18
121326,67950.78
121325,76834.74
121324,32870.72
121323,28542.38
121322,29323.43
121321,69.79
121320,41929.71
121319,52341.79
121318,44883.02
121317,63619.31
121316,28134.44
121315,27037.85
121314,34829.78
121313,44789.3
121312,52302.89
121311,48174.65
121310,25419.86
121309,44169.11
121308,36656.6
121307,40789.88
121306,48343.02
121305,68045.36
121304,60272.87
121303,33328.55
121302,40966.99
121301,36728.99
121300,39059.6
121299,53163.95
121298,65752.2
121297,53116.82
121296,22551.5
121295,28454.81
121294,22005.19
121293,29816.01
121292,38797.03
121291,43290.71
121290,53840.74
121289,27228.26
121288,19193.59
121287,22814.61
121286,30302.44
121285,31829.54
121284,42768.83
121283,36712.32
121282,29459.46
