202879,20520.43
202878,26738.23
202877,25128.05
202876,8108.76
202875,9727.7
202874,8689.19
202873,8777.15
202872,597.8
202871,17355.93
202870,15747.97
202869,7643.3
202868,9522.84
202867,8077.84
202866,12691.41
202865,16312.92
202864,24057.58
202863,14849.78
202862,19909.67
202861,11187.68
202860,11331.46
202859,11574.13
202858,10597.72
202857,24836.75
202856,18347.38
202855,8472.0
202854,8132.39
202853,9479.22
202852,10683.44
202851,15769.16
202850,23499.66
202849,14822.29
202848,14554.51
202847,10705.84
202846,11654.02
202845,14350.94
202844,15262.02
202843,24054.53
202842,15737.64
202841,12490.24
202840,11986.41
202839,8350.33
202838,23377.56
202837,30566.75
202836,42713.5
202835,23629.47
202834,22585.19
202833,15645.4
202832,12992.38
202831,11093.84
202830,18275.55
202829,27287.69
202828,27631.02
202827,12209.62
202826,10629.31
202825,14555.82
202824,11168.31
202823,16610.79
202822,25057.69
202821,15020.14
202820,17202.54
202819,12684.85
202818,13346.33
202817,22179.07
202816,27210.58
202815,33764.14
202814,33767.82
202813,18531.54
202812,18676.78
202811,27548.32
202810,18871.87
202809,20699.46
202808,30286.73
202807,22201.9
202806,14176.47
202805,12253.85
202804,21859.74
202803,20847.95
202802,25628.38
202801,31951.01
202800,29140.76
202799,17062.13
202798,19769.82
202797,24269.9
202796,23683.95
202795,26816.15
202794,44640.49
202793,-25.84
202792,11537.99
202791,14414.83
202790,12503.44
202789,16713.17
202788,22693.26
202787,29677.06
202786,28412.57
202785,11926.05
202784,13046.46
202783,24994.02
202782,21637.9
202781,24389.19
202780,31920.22
202779,33547.98
202778,575.3
202777,11810.18
202776,13559.0
202775,14428.48
202774,16241.39
202773,24594.72
202772,22466.56
202771,12070.16
202770,11410.26
202769,19241.5
202768,24279.74
202767,22039.21
202766,34258.02
202765,30367.97
202764,15587.29
202763,13549.85
202762,15817.39
202761,19603.23
202760,1105.93
202759,36307.83
202758,22748.92
202757,13898.8
202756,18321.91
202755,17921.26
202754,21849.36
202753,26917.61
202752,44309.38
202751,28992.38
202750,13407.09
202749,12810.84
202748,14222.53
202747,15436.64
202746,28258.09
202745,37556.8
202744,28463.2
202743,19404.07
202742,21310.91
202741,24440.34
202740,22050.98
202739,23959.35
202738,36129.18
202737,31403.16
202736,17244.66
202735,12736.83
202734,15080.82
202733,351.63
202732,23873.44
202731,30528.43
202730,30084.48
202729,34519.87
202728,17902.89
202727,18641.26
202726,20185.78
202725,23802.0
202724,27898.27
202723,29517.32
202722,14165.63
202721,25961.39
202720,25584.59
202719,23887.4
202718,28138.94
202717,31637.84
202716,30425.39
202715,20658.83
202714,17072.67
202713,19785.89
202712,20148.3
202711,26099.25
202710,35454.01
202709,26892.85
202708,12436.95
202707,12532.83
202706,17273.39
202705,15625.35
202704,21814.88
202703,26168.63
202702,27745.2
202701,13449.1
202700,11607.23
202699,13293.3
202698,17016.69
202697,21795.15
202696,26018.3
202695,21313.89
202694,14407.8
