17063,26861.29
17062,50736.5
17061,46768.99
17060,22307.37
17059,18800.4
17058,18821.6
17057,21382.79
17056,1586.48
17055,36491.17
17054,19571.19
17053,15611.38
17052,10392.92
17051,16917.24
17050,26955.36
17049,37315.99
17048,43051.44
17047,33374.07
17046,36665.36
17045,22717.36
17044,22496.57
17043,22503.81
17042,26319.38
17041,42319.97
17040,33995.91
17039,17974.51
17038,14670.8
17037,18265.46
17036,16734.67
17035,34949.97
17034,45490.06
17033,32439.97
17032,22751.01
17031,18513.89
17030,24702.36
17029,26713.27
17028,34365.29
17027,48254.56
17026,28633.55
17025,22053.73
17024,15590.95
17023,23924.23
17022,51176.11
17021,53473.13
17020,77707.72
17019,45749.35
17018,40678.62
17017,28337.54
17016,39134.37
17015,27361.13
17014,47440.99
17013,62226.14
17012,45642.25
17011,24109.93
17010,22938.38
17009,11835.46
17008,12789.24
17007,37835.7
17006,45579.42
17005,32916.27
17004,31841.77
17003,10765.37
17002,20637.99
17001,41428.39
17000,53360.17
16999,74326.79
16998,63271.96
16997,43626.63
16996,54781.72
16995,70598.47
16994,35650.75
16993,46085.67
16992,60531.54
16991,50128.3
16990,20805.37
16989,22212.0
16988,40253.06
16987,42318.74
16986,46247.63
16985,74895.87
16984,58875.57
16983,35582.55
16982,41369.92
16981,50551.99
16980,34077.48
16979,70795.0
16978,88715.25
16977,27937.87
16976,29283.32
16975,34142.2
16974,34537.69
16973,42475.68
16972,43356.86
16971,31115.62
16970,627.38
16969,21233.56
16968,31906.02
16967,31507.82
16966,39950.95
16965,58693.13
16964,32016.59
16963,18663.1
16962,782.09
16961,376.49
16960,331.06
16959,34747.35
16958,48433.43
16957,47164.39
16956,572.43
16955,29998.67
16954,28467.96
16953,49877.13
16952,55238.1
16951,71375.65
16950,47945.3
16949,32677.19
16948,35269.34
16947,41180.53
16946,39484.58
16945,55095.86
16944,73365.68
16943,37767.55
16942,28586.25
16941,31894.58
16940,36085.82
16939,50109.72
16938,57859.06
16937,77218.41
16936,48270.38
16935,21461.91
16934,28088.28
16933,27869.6
16932,26230.21
16931,60036.24
16930,67155.0
16929,50576.25
16928,35896.97
16927,37295.89
16926,43112.7
16925,35857.19
16924,47291.85
16923,56073.54
16922,61095.72
16921,29051.26
16920,32450.86
16919,36308.51
16918,49623.43
16917,57855.16
16916,60292.55
16915,50534.92
16914,48688.0
16913,39483.61
16912,34248.17
16911,41998.97
16910,49964.03
16909,49665.45
16908,46415.77
16907,27586.25
16906,46036.19
16905,49368.68
16904,43617.86
16903,52060.73
16902,63752.94
16901,53388.99
16900,38589.66
16899,41645.14
16898,45231.98
16897,47313.28
16896,62561.39
16895,61465.23
16894,46545.56
16893,26084.35
16892,29287.8
16891,34083.19
16890,35542.55
16889,49611.02
16888,39467.67
16887,54591.49
16886,21935.81
16885,25237.2
16884,29725.14
16883,36071.89
16882,39789.34
16881,36746.55
16880,25544.92
16879,21760.05
