133524,25043.37
133523,38737.23
133522,36169.42
133521,14053.1
133520,13739.07
133519,13217.33
133518,14298.32
133517,717.54
133516,24829.8
133515,16550.96
133514,11512.02
133513,9551.3
133512,10991.27
133511,17902.59
133510,20457.46
133509,30507.57
133508,19920.58
133507,18961.33
133506,13268.25
133505,15230.01
133504,15745.56
133503,15159.97
133502,29344.02
133501,24832.03
133500,8336.1
133499,13620.44
133498,10890.35
133497,13415.04
133496,17769.48
133495,32907.9
133494,27088.79
133493,15454.53
133492,14599.19
133491,15428.02
133490,18581.79
133489,24861.08
133488,34244.65
133487,22809.45
133486,16059.68
133485,15299.89
133484,20436.23
133483,32510.61
133482,35099.1
133481,62781.26
133480,37377.48
133479,27529.94
133478,23737.19
133477,22099.19
133476,17088.38
133475,32292.69
133474,45779.13
133473,30078.0
133472,15197.12
133471,12963.73
133470,17632.55
133469,17301.94
133468,23760.35
133467,38258.76
133466,28143.39
133465,21150.33
133464,17577.74
133463,13497.35
133462,32573.55
133461,35453.28
133460,52386.92
133459,41493.53
133458,28338.42
133457,23998.13
133456,30396.55
133455,22835.18
133454,28754.85
133453,41925.39
133452,27101.86
133451,20276.75
133450,22455.89
133449,33042.67
133448,29728.31
133447,37246.32
133446,44550.15
133445,32613.42
133444,25095.75
133443,24678.41
133442,30025.07
133441,30337.48
133440,51473.57
133439,60181.62
133438,12501.84
133437,14497.73
133436,15962.84
133435,17896.78
133434,23991.52
133433,37253.57
133432,27981.3
133431,12987.61
133430,14446.36
133429,30014.17
133428,31022.99
133427,37703.95
133426,54056.4
133425,36885.79
133424,665.7
133423,10674.64
133422,13772.93
133421,14569.1
133420,22785.89
133419,35055.33
133418,27966.77
133417,11179.47
133416,11083.04
133415,12587.86
133414,23693.48
133413,29685.73
133412,45961.86
133411,30208.96
133410,20089.98
133409,18941.78
133408,18129.4
133407,18369.98
133406,807.01
133405,46497.68
133404,30676.59
133403,17653.31
133402,17773.74
133401,21463.68
133400,33606.68
133399,41947.79
133398,71393.11
133397,32638.94
133396,15625.12
133395,19147.01
133394,17410.62
133393,19183.93
133392,38909.11
133391,40245.23
133390,32921.46
133389,24275.62
133388,23310.16
133387,21272.78
133386,19685.74
133385,30534.88
133384,46821.3
133383,38049.09
133382,19340.68
133381,19648.62
133380,19097.59
133379,140.39
133378,25314.59
133377,41601.31
133376,28453.62
133375,33479.19
133374,14670.81
133373,15811.14
133372,19484.76
133371,29729.45
133370,32691.55
133369,27110.98
133368,12634.43
133367,27822.95
133366,23966.83
133365,23599.97
133364,27399.37
133363,42445.81
133362,31325.11
133361,19636.46
133360,19891.48
133359,22329.94
133358,29118.67
133357,38573.23
133356,54827.79
133355,30967.78
133354,15538.73
133353,15397.48
133352,13549.25
133351,24263.86
133350,29159.31
133349,26739.11
133348,29240.98
133347,15467.63
133346,12068.95
133345,13938.82
133344,21939.56
133343,23773.82
133342,30000.82
133341,25603.64
133340,19974.06
