155363,17626.42
155362,31780.99
155361,29523.2
155360,11126.22
155359,17449.24
155358,12515.22
155357,9514.54
155356,529.79
155355,20886.16
155354,20786.41
155353,10305.35
155352,10035.95
155351,8378.3
155350,18371.82
155349,15336.48
155348,29784.9
155347,16250.11
155346,23241.38
155345,11029.21
155344,15429.76
155343,16159.44
155342,16415.05
155341,32073.82
155340,21772.08
155339,11746.46
155338,14456.49
155337,11222.75
155336,13140.06
155335,22247.03
155334,33166.01
155333,15293.19
155332,6723.65
155331,3759.72
155330,15231.32
155329,16790.31
155328,15667.03
155327,30722.33
155326,17069.68
155325,14489.55
155324,14854.81
155323,14832.83
155322,33255.71
155321,34442.05
155320,50864.76
155319,29984.01
155318,27252.93
155317,15427.49
155316,18438.16
155315,13601.87
155314,18516.11
155313,34912.64
155312,31393.9
155311,11199.95
155310,12146.49
155309,11201.61
155308,13150.17
155307,15317.21
155306,31577.05
155305,20153.17
155304,18927.01
155303,11148.36
155302,11693.96
155301,25138.71
155300,31264.42
155299,46107.12
155298,35206.09
155297,21303.93
155296,26464.09
155295,34667.8
155294,19993.58
155293,17928.28
155292,30581.21
155291,29919.01
155290,13794.87
155289,11687.73
155288,28933.09
155287,27241.46
155286,22873.21
155285,40007.39
155284,26562.37
155283,20620.27
155282,22873.35
155281,1229.47
155280,18994.67
155279,31590.15
155278,32348.77
155277,13081.06
155276,13851.33
155275,15707.21
155274,13232.93
155273,19478.19
155272,28613.37
155271,24136.3
155270,13085.8
155269,12326.58
155268,20949.58
155267,20656.12
155266,24604.36
155265,33090.35
155264,34907.2
155263,533.36
155262,14326.9
155261,17505.2
155260,15461.2
155259,19859.1
155258,4678.37
155257,14980.79
155256,14434.11
155255,12772.33
155254,13919.2
155253,27881.05
155252,31769.42
155251,45959.4
155250,37153.55
155249,22447.25
155248,21972.51
155247,23614.49
155246,21777.08
155245,442.03
155244,40034.84
155243,24879.2
155242,21054.36
155241,19006.76
155240,21957.54
155239,26866.45
155238,27366.73
155237,44222.41
155236,38168.14
155235,13208.92
155234,15405.64
155233,15325.56
155232,20718.46
155231,34249.37
155230,44480.77
155229,36622.26
155228,23107.46
155227,23944.37
155226,28982.32
155225,28607.35
155224,31135.62
155223,38186.01
155222,45433.65
155221,22965.45
155220,21859.01
155219,21624.68
155218,165.53
155217,27780.08
155216,28075.83
155215,22525.71
155214,34046.31
155213,18504.06
155212,19046.11
155211,23889.11
155210,27465.84
155209,28784.04
155208,32699.5
155207,17182.62
155206,28455.6
155205,18771.65
155204,33337.21
155203,33376.98
155202,41226.4
155201,33535.61
155200,24599.86
155199,24792.56
155198,26480.74
155197,27502.22
155196,36783.91
155195,43210.16
155194,32721.99
155193,19737.13
155192,15175.28
155191,19670.7
155190,18461.51
155189,22476.65
155188,27438.4
155187,33123.53
155186,14749.04
155185,13866.67
155184,15135.81
155183,19320.88
155182,20905.22
155181,26851.77
155180,18596.82
155179,13828.65
