119927,30953.01
119926,40453.41
119925,30033.85
119924,11902.08
119923,10741.2
119922,12882.17
119921,10233.3
119920,73.7
119919,26212.32
119918,20342.35
119917,9374.87
119916,8961.24
119915,8730.01
119914,16905.49
119913,18203.08
119912,36179.44
119911,24852.57
119910,22603.03
119909,12495.66
119908,11878.96
119907,10863.78
119906,9888.29
119905,32841.21
119904,24536.17
119903,10940.02
119902,8396.28
119901,13169.35
119900,9609.16
119899,24521.09
119898,34302.45
119897,18654.67
119896,11357.45
119895,10754.67
119894,13949.01
119893,18078.12
119892,20871.8
119891,35214.18
119890,15496.45
119889,9484.99
119888,14714.62
119887,18890.44
119886,32711.22
119885,42048.71
119884,72828.29
119883,32553.51
119882,22197.69
119881,14280.07
119880,21835.41
119879,22112.73
119878,25726.73
119877,44748.55
119876,31928.6
119875,12321.97
119874,10339.99
119873,15161.85
119872,15867.22
119871,21650.0
119870,47933.81
119869,23707.35
119868,22383.4
119867,11972.19
119866,17463.25
119865,36246.51
119864,41968.3
119863,63598.52
119862,38004.77
119861,31313.24
119860,29974.74
119859,32759.32
119858,17449.2
119857,30686.45
119856,51388.72
119855,36964.11
119854,21203.12
119853,22265.33
119852,33524.57
119851,30136.67
119850,36133.95
119849,56803.33
119848,31839.43
119847,26551.25
119846,26245.24
119845,33331.11
119844,34178.43
119843,58196.69
119842,73286.03
119841,17192.42
119840,13494.1
119839,18222.58
119838,16485.76
119837,23557.34
119836,40349.14
119835,24963.61
119834,17591.62
119833,26700.29
119832,26183.87
119831,36121.51
119830,58261.46
119829,38601.43
119828,8714.87
119827,14079.74
119826,12901.29
119825,21133.81
119824,20527.65
119823,35432.08
119822,25097.21
119821,14674.02
119820,14297.62
119819,13822.75
119818,31654.99
119817,37449.37
119816,52992.05
119815,33168.18
119814,22162.01
119813,22670.8
119812,21382.56
119811,26523.28
119810,60695.6
119809,31262.81
119808,14896.08
119807,24186.34
119806,26132.55
119805,33913.56
119804,41096.93
119803,66604.06
119802,32995.86
119801,14911.62
119800,18484.53
119799,21480.33
119798,17240.31
119797,49978.67
119796,56794.78
119795,36804.63
119794,24320.06
119793,27816.57
119792,27394.71
119791,30308.68
119790,42480.31
119789,52815.4
119788,40864.91
119787,17686.97
119786,20059.92
119785,17065.2
119784,38634.78
119783,52328.56
119782,33307.44
119781,39537.08
119780,18849.26
119779,17268.13
119778,26408.06
119777,27074.01
119776,40804.08
119775,28148.34
119774,13110.34
119773,29778.31
119772,30118.23
119771,27232.52
119770,35210.29
119769,47493.45
119768,32878.02
119767,23810.25
119766,23559.45
119765,25511.38
119764,29239.2
119763,43404.88
119762,55921.71
119761,34071.86
119760,16745.63
119759,15815.44
119758,18853.81
119757,20859.25
119756,27866.23
119755,36341.18
119754,31949.8
119753,13361.7
119752,11139.63
119751,20364.44
119750,24783.83
119749,27288.19
119748,40810.27
119747,24042.39
119746,18828.33
