38745,34136.15
38744,60352.85
38743,53033.11
38742,21868.93
38741,19165.32
38740,22907.28
38739,20675.09
38738,843.32
38737,53405.38
38736,37365.76
38735,14336.33
38734,18017.41
38733,15115.68
38732,22664.84
38731,30483.01
38730,58470.81
38729,37347.93
38728,47652.61
38727,23887.55
38726,26614.92
38725,30738.83
38724,20659.45
38723,208.04
38722,408.92
38721,10418.55
38720,15640.03
38719,13626.02
38718,18690.8
38717,26353.5
38716,55479.08
38715,34864.72
38714,17018.88
38713,17142.9
38712,13348.17
38711,19509.6
38710,23780.68
38709,57274.23
38708,36844.96
38707,17286.47
38706,17931.05
38705,20737.86
38704,34697.23
38703,50578.38
38702,90135.1
38701,63798.82
38700,19609.46
38699,25803.7
38698,29509.84
38697,19986.69
38696,38661.87
38695,65062.5
38694,51772.46
38693,21691.89
38692,18988.48
38691,12795.24
38690,17607.93
38689,28545.42
38688,59566.4
38687,44026.35
38686,27742.79
38685,25345.98
38684,19104.23
38683,35874.72
38682,41824.15
38681,90469.78
38680,73131.07
38679,37517.83
38678,44818.25
38677,62680.21
38676,42483.95
38675,43263.6
38674,88092.28
38673,67308.83
38672,21443.3
38671,25729.1
38670,37266.44
38669,35892.34
38668,52730.57
38667,84634.59
38666,61413.16
38665,38974.97
38664,41758.0
38663,51906.72
38662,38504.55
38661,54147.87
38660,98497.17
38659,26629.21
38658,18810.23
38657,23738.3
38656,29347.59
38655,35282.78
38654,63955.33
38653,54432.41
38652,18661.44
38651,18135.02
38650,31399.16
38649,28587.3
38648,43979.87
38647,80768.87
38646,66865.95
38645,489.33
38644,16220.28
38643,21329.49
38642,25969.85
38641,33751.4
38640,57299.07
38639,56332.53
38638,22290.8
38637,26229.38
38636,23060.08
38635,45747.89
38634,54172.64
38633,89925.51
38632,66199.97
38631,36603.08
38630,36932.19
38629,42495.44
38628,30621.83
38627,85.01
38626,90381.08
38625,60908.49
38624,25903.47
38623,31391.43
38622,35537.49
38621,39343.69
38620,53606.38
38619,96757.57
38618,64654.61
38617,22157.35
38616,25650.61
38615,28734.87
38614,22730.24
38613,51851.03
38612,76338.76
38611,59230.3
38610,29359.74
38609,28129.01
38608,37486.97
38607,31744.27
38606,48093.71
38605,82078.13
38604,73184.64
38603,21678.05
38602,30046.36
38601,32608.69
38600,154.11
38599,63155.66
38598,82328.42
38597,67267.98
38596,86151.68
38595,27566.99
38594,28422.54
38593,37043.04
38592,39250.66
38591,70701.77
38590,62438.73
38589,25005.34
38588,37664.64
38587,36851.85
38586,36772.48
38585,55671.62
38584,95334.51
38583,74396.93
38582,33913.98
38581,43457.75
38580,33673.73
38579,42250.28
38578,56928.62
38577,92623.6
38576,76304.05
38575,34207.66
38574,32894.42
38573,29889.85
38572,31325.18
38571,49287.01
38570,61740.72
38569,69572.08
38568,25784.88
38567,23015.45
38566,28964.34
38565,36238.22
38564,44777.5
38563,61586.23
38562,47524.98
38561,43627.61
