113204,23145.07
113203,36520.88
113202,35375.92
113201,10507.52
113200,11020.13
113199,15014.37
113198,13012.7
113197,580.71
113196,32153.96
113195,20339.82
113194,12266.81
113193,11147.85
113192,8816.1
113191,18626.71
113190,24016.43
113189,27889.43
113188,25282.66
113187,24495.75
113186,11604.99
113185,15992.92
113184,15012.96
113183,17328.04
113182,32292.59
113181,27383.8
113180,11245.89
113179,11862.36
113178,13285.31
113177,10470.92
113176,20562.47
113175,34890.87
113174,26597.1
113173,14081.5
113172,13242.99
113171,17292.74
113170,17175.7
113169,23346.46
113168,35825.17
113167,17603.41
113166,15474.29
113165,16925.13
113164,19926.37
113163,33528.26
113162,42872.34
113161,62392.37
113160,32143.27
113159,35188.48
113158,18748.38
113157,21524.46
113156,15089.76
113155,25460.47
113154,40085.17
113153,33663.47
113152,19022.53
113151,17841.31
113150,19635.33
113149,15050.06
113148,20897.3
113147,38969.49
113146,25099.34
113145,21261.37
113144,14746.56
113143,17174.55
113142,35850.84
113141,35133.73
113140,46208.82
113139,44225.13
113138,21815.93
113137,28377.6
113136,37546.43
113135,22577.82
113134,22084.42
113133,42894.63
113132,37616.74
113131,14174.42
113130,17912.76
113129,27796.17
113128,30467.5
113127,34176.49
113126,52067.3
113125,35877.28
113124,22457.12
113123,26347.11
113122,37351.74
113121,30742.6
113120,41221.56
113119,56208.17
113118,19741.65
113117,17473.06
113116,19402.16
113115,23107.63
113114,26732.88
113113,44519.65
113112,31890.58
113111,475.3
113110,18732.84
113109,31214.83
113108,28262.48
113107,33913.14
113106,45645.23
113105,44099.52
113104,17143.46
113103,950.7
113102,334.88
113101,213.4
113100,27666.95
113099,32955.41
113098,34724.63
113097,807.2
113096,16367.37
113095,19996.15
113094,31241.55
113093,32683.99
113092,47862.75
113091,38835.82
113090,20563.4
113089,22304.56
113088,19482.93
113087,24368.29
113086,34974.61
113085,52223.66
113084,35751.02
113083,21699.54
113082,23818.13
113081,26906.88
113080,29568.78
113079,41407.45
113078,71424.47
113077,49087.54
113076,20823.26
113075,24009.21
113074,19775.36
113073,21671.42
113072,37894.05
113071,48172.87
113070,37949.66
113069,21863.35
113068,24956.53
113067,25489.69
113066,30582.35
113065,31152.58
113064,45838.61
113063,44491.05
113062,19420.45
113061,21510.93
113060,23663.9
113059,27369.33
113058,34907.08
113057,47479.8
113056,41366.74
113055,46338.55
113054,22337.43
113053,24469.56
113052,29826.99
113051,33915.31
113050,41874.3
113049,41390.84
113048,21926.75
113047,30804.23
113046,25991.72
113045,28309.82
113044,31797.93
113043,51905.12
113042,36207.72
113041,26580.16
113040,25112.95
113039,25657.58
113038,26090.16
113037,36975.93
113036,57979.31
113035,45945.12
113034,21246.05
113033,18224.31
113032,19781.6
113031,22146.82
113030,33467.25
113029,33777.83
113028,36634.76
113027,21226.9
113026,12234.11
113025,17685.44
113024,23288.14
113023,25770.54
113022,36684.1
113021,30296.26
113020,21572.1
