6324,26682.69
6323,48175.05
6322,46139.65
6321,12773.58
6320,15606.68
6319,14658.86
6318,12629.8
6317,1370.2
6316,31381.63
6315,28161.03
6314,12526.42
6313,12479.65
6312,15665.66
6311,28970.43
6310,26354.36
6309,52380.35
6308,32295.42
6307,32436.79
6306,18568.82
6305,24988.78
6304,22547.23
6303,23253.54
6302,50739.68
6301,48385.72
6300,14852.16
6299,15922.95
6298,16673.07
6297,17600.96
6296,32051.18
6295,43238.81
6294,34110.95
6293,19339.98
6292,16023.53
6291,21375.82
6290,21881.14
6289,25860.49
6288,45798.67
6287,30311.58
6286,15757.28
6285,17209.82
6284,18972.37
6283,41591.87
6282,50856.11
6281,77744.84
6280,35346.16
6279,43596.99
6278,28739.18
6277,30564.61
6276,24117.16
6275,37953.84
6274,60176.64
6273,54431.36
6272,18880.34
6271,18310.53
6270,15144.64
6269,20954.77
6268,27099.76
6267,45468.9
6266,37586.7
6265,28096.56
6264,14101.58
6263,19030.46
6262,43405.71
6261,61806.87
6260,87046.55
6259,76948.76
6258,43775.75
6257,52471.56
6256,73659.74
6255,33044.94
6254,42487.82
6253,65493.56
6252,62081.92
6251,20615.54
6250,24335.12
6249,46338.31
6248,39870.79
6247,49225.94
6246,84115.02
6245,74786.0
6244,42830.99
6243,40924.76
6242,53307.21
6241,33002.63
6240,59837.97
6239,84695.45
6238,-88.38
6237,24020.15
6236,20420.73
6235,22888.59
6234,27143.65
6233,29952.52
6232,41073.38
6231,38163.78
6230,636.7
6229,16928.4
6228,30189.06
6227,27798.96
6226,38459.46
6225,63016.12
6224,53749.35
6223,19629.08
6222,22642.02
6221,24359.63
6220,26662.53
6219,33265.72
6218,49762.99
6217,50067.4
6216,27068.72
6215,24298.25
6214,22337.28
6213,56707.26
6212,59739.95
6211,80590.67
6210,57179.86
6209,38063.92
6208,34115.33
6207,34033.54
6206,38157.04
6205,710.69
6204,86387.45
6203,50216.42
6202,25787.23
6201,25808.6
6200,32054.57
6199,43815.0
6198,53544.95
6197,82348.88
6196,47211.8
6195,17109.32
6194,20544.86
6193,23615.9
6192,26066.04
6191,54952.77
6190,81073.89
6189,57193.91
6188,33244.95
6187,39238.81
6186,40237.81
6185,37445.46
6184,44540.98
6183,73145.73
6182,66707.76
6181,26745.59
6180,32758.52
6179,28947.05
6178,483.12
6177,59197.36
6176,79307.92
6175,56819.92
6174,52866.24
6173,32687.38
6172,30442.52
6171,40382.09
6170,42547.32
6169,60940.5
6168,54718.9
6167,29926.84
6166,50093.45
6165,53669.44
6164,47210.82
6163,64112.39
6162,72659.29
6161,62326.63
6160,44374.44
6159,38316.75
6158,47105.61
6157,51119.26
6156,66356.63
6155,76441.58
6154,62893.93
6153,23993.72
6152,26442.07
6151,25648.96
6150,29225.15
6149,44634.77
6148,44337.96
6147,58533.75
6146,26966.53
6145,17957.07
6144,23424.08
6143,31083.43
6142,37235.5
6141,41420.98
6140,35274.34
6139,27160.98
