192900,25757.2
192899,28651.24
192898,26966.15
192897,11258.2
192896,11089.53
192895,11877.92
192894,14622.16
192893,483.29
192892,20047.74
192891,15865.99
192890,9455.16
192889,10048.42
192888,9989.92
192887,16622.55
192886,19023.38
192885,27131.09
192884,14359.43
192883,25935.43
192882,11125.81
192881,13875.12
192880,13431.78
192879,16255.04
192878,26223.9
192877,23690.89
192876,9928.57
192875,9247.11
192874,12130.63
192873,11158.55
192872,17828.47
192871,36760.95
192870,18638.52
192869,16841.66
192868,13615.03
192867,13144.5
192866,15441.57
192865,23208.93
192864,32555.89
192863,21687.05
192862,14123.46
192861,14514.14
192860,19403.59
192859,24491.48
192858,31717.28
192857,46742.28
192856,35793.71
192855,27575.05
192854,15900.39
192853,21845.29
192852,13807.52
192851,23194.94
192850,35619.12
192849,28173.45
192848,13095.02
192847,14891.53
192846,14281.37
192845,13459.71
192844,26238.3
192843,35929.55
192842,25803.52
192841,16650.87
192840,18479.28
192839,18766.93
192838,22943.22
192837,29598.24
192836,47859.86
192835,33126.03
192834,20391.21
192833,20411.62
192832,28670.28
192831,15251.1
192830,27587.57
192829,45388.56
192828,32649.85
192827,14700.32
192826,14819.03
192825,23212.75
192824,19275.9
192823,26723.9
192822,45255.21
192821,34929.57
192820,22803.6
192819,23159.24
192818,29029.65
192817,20918.25
192816,31721.09
192815,50232.36
192814,20413.47
192813,17997.31
192812,18314.74
192811,24039.86
192810,28142.41
192809,38341.33
192808,30474.19
192807,516.11
192806,18711.05
192805,25518.44
192804,28367.16
192803,33772.03
192802,41948.81
192801,32608.98
192800,12808.04
192799,14818.22
192798,15523.16
192797,17389.76
192796,24112.02
192795,32419.11
192794,30531.98
192793,16336.98
192792,20918.2
192791,18299.5
192790,26986.73
192789,29072.41
192788,44191.7
192787,37035.36
192786,20461.07
192785,18509.0
192784,20701.8
192783,19374.1
192782,706.51
192781,50120.23
192780,32976.72
192779,21728.71
192778,19471.67
192777,20544.39
192776,26492.91
192775,37009.39
192774,46119.3
192773,35243.84
192772,17708.25
192771,22676.68
192770,21977.9
192769,19897.12
192768,35008.46
192767,47579.28
192766,28828.03
192765,17193.85
192764,20901.96
192763,21291.68
192762,20469.05
192761,30185.48
192760,46722.35
192759,35816.29
192758,14825.1
192757,14133.38
192756,17389.45
192755,340.84
192754,23302.62
192753,32161.87
192752,28171.4
192751,31116.68
192750,13195.4
192749,16828.54
192748,20720.88
192747,27237.83
192746,35756.3
192745,30297.04
192744,23247.38
192743,28937.82
192742,24429.81
192741,26570.99
192740,35942.6
192739,45905.87
192738,36539.48
192737,20232.24
192736,20723.39
192735,24417.98
192734,26738.62
192733,31060.67
192732,42098.94
192731,32367.69
192730,13943.17
192729,17978.27
192728,22162.38
192727,21751.31
192726,29524.11
192725,26641.57
192724,31768.94
192723,16947.87
192722,15343.29
192721,19315.81
192720,22290.4
192719,22182.04
192718,28736.35
192717,30778.46
192716,15678.07
