101134,39685.63
101133,52679.01
101132,44406.2
101131,17608.27
101130,15789.41
101129,18573.88
101128,19577.05
101127,230.63
101126,40614.28
101125,29560.15
101124,10520.3
101123,13142.33
101122,16602.65
101121,23742.2
101120,27483.25
101119,47696.51
101118,27548.9
101117,34255.68
101116,18120.19
101115,22723.43
101114,17573.86
101113,981.5
101112,9777.57
101111,28897.77
101110,16859.14
101109,18928.12
101108,16982.46
101107,19438.55
101106,31650.7
101105,61938.45
101104,30608.39
101103,19097.87
101102,18836.29
101101,18630.03
101100,26750.66
101099,35133.91
101098,62714.34
101097,26843.92
101096,14293.39
101095,19876.62
101094,25463.16
101093,43260.35
101092,42577.41
101091,98974.83
101090,57393.9
101089,14278.75
101088,22965.93
101087,28114.11
101086,25299.54
101085,43021.04
101084,65124.42
101083,45024.74
101082,16186.42
101081,13967.36
101080,14012.02
101079,18094.04
101078,37323.36
101077,64060.51
101076,37568.6
101075,24682.03
101074,20996.56
101073,20404.44
101072,38430.37
101071,48553.06
101070,90881.79
101069,64754.59
101068,35600.33
101067,41130.36
101066,57024.46
101065,37666.37
101064,48662.73
101063,84214.44
101062,68253.77
101061,24494.25
101060,29008.4
101059,43061.44
101058,34917.46
101057,54515.77
101056,83135.48
101055,60073.74
101054,32353.16
101053,34141.19
101052,45475.92
101051,44501.6
101050,76160.38
101049,90873.78
101048,26463.78
101047,26098.03
101046,23624.76
101045,31267.17
101044,38270.85
101043,58138.45
101042,41921.3
101041,2.72
101040,17414.3
101039,30074.65
101038,30629.35
101037,38583.96
101036,73444.4
101035,53579.27
101034,15801.6
101033,13433.13
101032,19713.55
101031,25904.37
101030,31330.66
101029,50422.25
101028,41988.62
101027,22289.87
101026,22599.12
101025,21153.79
101024,43682.79
101023,48125.21
101022,78802.63
101021,52097.4
101020,33571.43
101019,35407.38
101018,35840.24
101017,30431.47
101016,4.24
101015,76449.41
101014,52241.51
101013,27513.39
101012,33662.33
101011,34610.63
101010,42405.84
101009,64958.47
101008,99100.46
101007,55938.86
101006,21957.07
101005,20189.91
101004,26024.86
101003,30307.08
101002,58853.6
101001,73246.14
101000,48819.52
100999,27222.45
100998,27310.22
100997,34211.44
100996,27967.28
100995,44480.4
100994,77536.75
100993,55275.98
100992,18060.89
100991,20491.66
100990,25385.12
100989,50541.64
100988,60051.12
100987,54123.01
100986,71704.62
100985,20682.77
100984,25405.3
100983,33088.59
100982,43872.52
100981,65826.62
100980,55787.41
100979,28804.3
100978,37810.59
100977,41036.23
100976,39344.56
100975,57356.13
100974,68871.79
100973,50676.78
100972,28503.06
100971,34016.07
100970,32344.78
100969,43967.82
100968,60425.48
100967,68569.06
100966,48044.44
100965,21009.16
100964,26596.59
100963,22671.32
100962,26307.47
100961,43620.48
100960,52460.0
100959,48116.67
100958,19443.31
100957,19675.13
100956,24965.17
100955,32384.47
100954,39137.26
100953,50666.18
100952,36846.42
100951,36207.6
