89448,18434.68
89447,37929.6
89446,35651.5
89445,13936.59
89444,10925.64
89443,11652.77
89442,14469.22
89441,300.01
89440,22132.1
89439,19491.83
89438,11883.18
89437,7932.97
89436,11812.28
89435,19505.04
89434,23879.08
89433,30135.96
89432,25734.29
89431,20625.19
89430,14079.21
89429,14235.05
89428,15232.83
89427,16141.2
89426,34066.01
89425,25489.26
89424,8456.39
89423,12624.01
89422,14364.87
89421,11752.36
89420,22314.9
89419,34363.18
89418,21327.05
89417,13028.61
89416,14593.72
89415,12157.97
89414,17994.64
89413,21169.82
89412,35222.04
89411,24507.81
89410,16471.3
89409,13123.31
89408,13938.73
89407,32329.2
89406,38569.44
89405,63846.73
89404,39372.38
89403,26813.04
89402,17685.18
89401,20568.6
89400,16049.07
89399,29882.17
89398,49428.67
89397,34436.86
89396,13280.9
89395,15671.7
89394,16944.59
89393,15167.82
89392,24908.79
89391,41569.16
89390,24056.32
89389,21777.42
89388,16278.69
89387,17586.67
89386,27243.43
89385,33545.64
89384,58723.38
89383,46012.91
89382,24710.2
89381,27695.89
89380,34545.76
89379,25265.16
89378,31500.18
89377,53142.76
89376,37047.71
89375,20829.36
89374,19615.19
89373,28541.18
89372,27288.76
89371,38397.43
89370,49527.19
89369,34516.62
89368,21027.16
89367,19946.99
89366,28524.98
89365,30014.31
89364,44097.68
89363,66120.73
89362,-25.2
89361,14440.0
89360,12986.29
89359,13875.9
89358,17585.62
89357,23565.34
89356,35060.41
89355,30493.02
89354,14255.41
89353,13857.96
89352,23012.88
89351,28563.17
89350,34577.36
89349,49876.51
89348,37255.31
89347,896.25
89346,14036.34
89345,17250.8
89344,19164.65
89343,24075.81
89342,39528.98
89341,33357.68
89340,9444.89
89339,15605.78
89338,12230.41
89337,25285.01
89336,31074.68
89335,48860.81
89334,32627.49
89333,17879.37
89332,23001.92
89331,27391.02
89330,23529.28
89329,869.73
89328,61319.61
89327,33950.7
89326,18161.96
89325,21568.31
89324,22025.7
89323,30561.25
89322,44946.62
89321,77011.74
89320,46987.37
89319,16566.83
89318,20582.34
89317,18758.46
89316,19006.28
89315,43345.28
89314,51062.37
89313,40565.68
89312,26257.52
89311,26865.98
89310,27458.64
89309,23569.64
89308,38996.41
89307,58984.57
89306,51827.01
89305,20474.32
89304,20023.36
89303,20317.95
89302,228.6
89301,28624.98
89300,51838.54
89299,38005.34
89298,47754.17
89297,19636.29
89296,19767.18
89295,25673.94
89294,29200.04
89293,43599.0
89292,35925.23
89291,16575.69
89290,29536.62
89289,31134.24
89288,31345.94
89287,33793.05
89286,53381.76
89285,35490.3
89284,23626.27
89283,27182.26
89282,28993.49
89281,33315.37
89280,40820.98
89279,67931.06
89278,44214.33
89277,17510.33
89276,17220.26
89275,18300.89
89274,23868.53
89273,34955.13
89272,33225.64
89271,42814.59
89270,16364.72
89269,12479.49
89268,15985.33
89267,21897.31
89266,29862.3
89265,36616.25
89264,31472.74
89263,23786.72
