122429,24518.23
122428,36877.49
122427,30651.17
122426,14645.97
122425,11197.94
122424,11960.56
122423,13550.34
122422,1422.57
122421,25212.9
122420,16339.76
122419,10150.83
122418,9167.25
122417,11538.21
122416,21689.76
122415,23765.26
122414,31284.09
122413,26926.49
122412,23663.29
122411,17537.49
122410,17534.36
122409,17945.51
122408,18241.89
122407,349.93
122406,12004.43
122405,11648.54
122404,9747.42
122403,12261.62
122402,9938.25
122401,19980.23
122400,34808.33
122399,24802.05
122398,11003.87
122397,12145.7
122396,10661.33
122395,17923.5
122394,19937.81
122393,31478.76
122392,19940.33
122391,12712.68
122390,10119.03
122389,15219.87
122388,27319.99
122387,37711.16
122386,59355.35
122385,29861.2
122384,20372.32
122383,13427.5
122382,21316.49
122381,16463.66
122380,25112.27
122379,42808.2
122378,29486.52
122377,10150.66
122376,10071.64
122375,14019.61
122374,14950.93
122373,17314.02
122372,37244.05
122371,21606.32
122370,16395.46
122369,12052.34
122368,13173.63
122367,28337.09
122366,28777.03
122365,57132.0
122364,44278.62
122363,25697.72
122362,29444.59
122361,38990.56
122360,23997.42
122359,28925.95
122358,42393.59
122357,38216.04
122356,13183.33
122355,14702.43
122354,30784.38
122353,24718.99
122352,31358.64
122351,56662.57
122350,35437.04
122349,24423.86
122348,24875.8
122347,33588.52
122346,27236.93
122345,45599.71
122344,55581.51
122343,17035.53
122342,15879.33
122341,15605.79
122340,18710.34
122339,22539.24
122338,33893.99
122337,28160.14
122336,10983.49
122335,11144.86
122334,22142.13
122333,20143.78
122332,26013.54
122331,36410.95
122330,38330.18
122329,1238.25
122328,10997.3
122327,16370.78
122326,18542.69
122325,24365.71
122324,30796.56
122323,28158.94
122322,15087.7
122321,14422.76
122320,18261.08
122319,29724.37
122318,37800.95
122317,56061.24
122316,36854.39
122315,21253.7
122314,28144.82
122313,25767.87
122312,29922.0
122311,848.44
122310,50908.14
122309,35075.5
122308,21280.14
122307,20173.89
122306,21165.27
122305,26848.18
122304,37538.89
122303,61443.58
122302,33178.92
122301,14016.22
122300,13652.44
122299,19599.73
122298,16242.93
122297,33282.3
122296,48180.12
122295,35006.93
122294,22414.76
122293,21842.04
122292,25445.51
122291,27157.39
122290,33616.09
122289,45007.57
122288,45240.25
122287,14163.8
122286,18208.24
122285,21358.34
122284,283.22
122283,44026.87
122282,52240.05
122281,41194.65
122280,48815.65
122279,11158.84
122278,19455.38
122277,23824.28
122276,29736.3
122275,38136.17
122274,36082.57
122273,19109.78
122272,31632.83
122271,28351.36
122270,26559.87
122269,31546.54
122268,45489.77
122267,45101.34
122266,30495.59
122265,29207.15
122264,25581.68
122263,33234.92
122262,41017.33
122261,44807.65
122260,35152.04
122259,13966.21
122258,20762.13
122257,20640.02
122256,25402.86
122255,32840.75
122254,33027.9
122253,33838.47
122252,17736.95
122251,14276.35
122250,18481.56
122249,22389.1
122248,23422.04
122247,31199.32
122246,21246.59
122245,18712.68
