100369,30609.02
100368,54404.62
100367,53230.54
100366,15847.75
100365,17068.39
100364,13909.65
100363,18527.97
100362,1126.81
100361,31427.11
100360,33959.46
100359,12168.85
100358,16346.1
100357,15542.95
100356,25875.92
100355,29543.76
100354,42906.38
100353,37634.08
100352,30320.83
100351,19414.18
100350,22508.43
100349,20619.6
100348,23519.58
100347,45529.67
100346,38636.84
100345,17748.98
100344,17514.53
100343,20298.15
100342,16360.03
100341,31426.92
100340,45447.74
100339,26382.63
100338,18236.16
100337,20789.75
100336,24324.39
100335,27046.5
100334,32309.43
100333,44138.48
100332,25478.81
100331,19338.4
100330,21784.82
100329,20886.16
100328,45564.3
100327,53943.05
100326,69222.88
100325,45037.72
100324,40209.84
100323,29864.97
100322,26233.32
100321,28393.21
100320,35857.44
100319,54748.1
100318,48804.61
100317,25440.15
100316,21777.2
100315,24536.32
100314,22450.89
100313,31933.56
100312,46267.62
100311,34853.22
100310,33823.02
100309,23266.9
100308,25036.53
100307,47698.75
100306,51863.9
100305,66479.18
100304,59429.15
100303,31284.95
100302,38546.94
100301,55092.42
100300,34161.92
100299,37923.41
100298,53246.57
100297,52556.54
100296,23287.22
100295,21320.48
100294,48008.67
100293,35820.59
100292,46589.78
100291,69450.46
100290,57053.79
100289,36938.08
100288,42235.35
100287,52778.56
100286,38720.12
100285,52425.32
100284,78778.28
100283,32375.46
100282,25389.06
100281,32052.26
100280,38092.77
100279,38431.36
100278,53450.93
100277,45092.99
100276,26091.28
100275,24080.57
100274,37949.7
100273,31547.25
100272,40083.85
100271,56523.95
100270,63841.3
100269,1523.07
100268,25501.74
100267,27683.6
100266,27611.42
100265,29442.42
100264,45319.76
100263,43576.24
100262,23946.98
100261,24988.78
100260,24715.68
100259,45397.7
100258,51433.19
100257,63670.24
100256,56096.2
100255,31430.41
100254,31090.97
100253,41520.32
100252,35829.4
100251,1621.22
100250,72778.29
100249,43068.62
100248,27784.47
100247,29857.08
100246,31746.18
100245,43895.31
100244,53821.74
100243,78734.94
100242,48939.86
100241,24108.91
100240,25207.37
100239,28778.54
100238,28479.5
100237,54402.0
100236,64111.17
100235,52011.89
100234,35051.18
100233,36437.3
100232,43271.05
100231,34811.82
100230,47804.69
100229,68425.73
100228,59482.81
100227,24929.66
100226,30109.59
100225,25487.79
100224,410.04
100223,44264.7
100222,59544.73
100221,53056.77
100220,65801.42
100219,28736.85
100218,29879.21
100217,38417.56
100216,45507.55
100215,54783.0
100214,54762.38
100213,32269.11
100212,48945.47
100211,46700.86
100210,45024.14
100209,45895.43
100208,65634.09
100207,54806.85
100206,39346.75
100205,39591.31
100204,41271.99
100203,45709.17
100202,57799.24
100201,69844.72
100200,55724.24
100199,28012.21
100198,25651.23
100197,32350.94
100196,36965.05
100195,49175.74
100194,49440.14
100193,58101.11
100192,24903.24
100191,21652.98
100190,30561.81
100189,34222.61
100188,42578.41
100187,49405.96
100186,41998.73
100185,31460.41
