25316,39346.85
25315,45760.14
25314,21620.44
25313,10968.52
25312,10273.94
25311,12868.11
25310,12390.36
25309,769.98
25308,27296.09
25307,13617.98
25306,5896.38
25305,9740.07
25304,3978.29
25303,14067.35
25302,22814.73
25301,12330.39
25300,22653.11
25299,17531.54
25298,10929.99
25297,14234.03
25296,11745.1
25295,17561.89
25294,37739.19
25293,17427.88
25292,12311.25
25291,9948.35
25290,11260.71
25289,12071.87
25288,16055.23
25287,36813.62
25286,21051.95
25285,13658.2
25284,11501.02
25283,10512.2
25282,17342.05
25281,8706.38
25280,36030.62
25279,21164.87
25278,9796.96
25277,7209.33
25276,17791.09
25275,28909.93
25274,34106.06
25273,41653.37
25272,32010.17
25271,34028.58
25270,17791.25
25269,28449.61
25268,18685.41
25267,33324.74
25266,43376.15
25265,28395.72
25264,14425.83
25263,11506.42
25262,6351.81
25261,13619.59
25260,24287.94
25259,52542.2
25258,28061.61
25257,20336.06
25256,16036.63
25255,16065.65
25254,33233.25
25253,39254.1
25252,66929.77
25251,42513.73
25250,22415.99
25249,28433.16
25248,37599.7
25247,27138.85
25246,30855.22
25245,54167.74
25244,38887.41
25243,17127.38
25242,11099.31
25241,27339.21
25240,19744.64
25239,34579.01
25238,58890.16
25237,35415.36
25236,8975.62
25235,17585.81
25234,28391.71
25233,22329.37
25232,27388.15
25231,60830.3
25230,-6.99
25229,14863.96
25228,11904.71
25227,17405.69
25226,17686.14
25225,27115.47
25224,48967.86
25223,29930.81
25222,717.83
25221,10706.46
25220,28993.02
25219,18500.85
25218,32590.01
25217,61762.55
25216,29609.76
25215,13121.14
25214,14727.18
25213,15661.53
25212,20131.62
25211,25202.0
25210,41289.14
25209,25757.53
25208,26437.24
25207,19987.25
25206,20347.85
25205,32385.97
25204,43425.63
25203,66339.51
25202,35482.05
25201,18738.12
25200,21354.97
25199,24325.26
25198,22475.01
25197,650.68
25196,53515.57
25195,35296.5
25194,19501.94
25193,19332.57
25192,21778.09
25191,25159.01
25190,38980.78
25189,58917.66
25188,32895.27
25187,14795.75
25186,16110.33
25185,20058.39
25184,23477.81
25183,37483.11
25182,55469.41
25181,42422.35
25180,20098.83
25179,24490.48
25178,22796.88
25177,23604.65
25176,45149.89
25175,55322.36
25174,50923.45
25173,23833.29
25172,20657.95
25171,22886.37
25170,192.83
25169,37180.07
25168,42048.43
25167,31839.38
25166,29473.8
25165,18599.41
25164,18998.98
25163,23625.26
25162,34306.59
25161,49451.91
25160,30926.41
25159,17347.49
25158,22625.28
25157,30415.41
25156,28201.55
25155,38087.56
25154,45813.88
25153,33460.78
25152,21507.33
25151,21737.92
25150,24353.24
25149,31627.8
25148,43994.01
25147,38506.9
25146,29267.01
25145,20854.22
25144,20418.37
25143,23904.36
25142,23673.26
25141,37248.9
25140,30138.35
25139,26279.93
25138,19571.83
25137,16200.86
25136,22800.28
25135,25112.22
25134,30523.09
25133,34609.37
25132,23380.98
25131,12793.69
