29542,26958.56
29541,65985.84
29540,47083.63
29539,17532.35
29538,16456.23
29537,18684.91
29536,20039.04
29535,1270.32
29534,45327.76
29533,14237.97
29532,13884.57
29531,8588.83
29530,11024.89
29529,29579.2
29528,39943.1
29527,56843.01
29526,32545.0
29525,34281.37
29524,22417.75
29523,20661.55
29522,24841.01
29521,31713.11
29520,57464.42
29519,41035.76
29518,17922.51
29517,14620.37
29516,16126.44
29515,20405.02
29514,34173.69
29513,58819.81
29512,34253.45
29511,19853.88
29510,19210.08
29509,19010.78
29508,21643.38
29507,32999.64
29506,53026.87
29505,34828.89
29504,16495.65
29503,19185.9
29502,17434.97
29501,50546.72
29500,63874.19
29499,99867.08
29498,57967.78
29497,41118.54
29496,35705.18
29495,36819.44
29494,30262.99
29493,51410.28
29492,78792.99
29491,54351.57
29490,21715.89
29489,18826.87
29488,15901.21
29487,13849.51
29486,36979.05
29485,64373.11
29484,38184.91
29483,29020.76
29482,20816.68
29481,19432.49
29480,51180.1
29479,61383.83
29478,101831.14
29477,75230.84
29476,41317.25
29475,51473.43
29474,70726.91
29473,29960.78
29472,46749.45
29471,71142.78
29470,47032.86
29469,20432.18
29468,21418.95
29467,37746.37
29466,37616.29
29465,59904.87
29464,104282.86
29463,61686.68
29462,38606.36
29461,46023.26
29460,58084.91
29459,45404.13
29458,93035.66
29457,90695.48
29456,28273.79
29455,24105.43
29454,26980.8
29453,27328.13
29452,38635.26
29451,54083.15
29450,38708.58
29449,650.15
29448,19586.96
29447,39366.46
29446,36591.25
29445,59665.84
29444,81236.68
29443,52168.66
29442,22634.19
29441,1310.72
29440,843.81
29439,308.69
29438,35184.33
29437,50280.11
29436,43031.97
29435,1137.07
29434,20966.75
29433,24844.32
29432,60067.82
29431,69393.83
29430,88364.04
29429,53543.1
29428,33378.59
29427,38493.41
29426,41859.73
29425,39309.13
29424,65643.56
29423,85789.36
29422,50863.02
29421,28587.91
29420,30535.35
29419,31419.37
29418,49463.87
29417,61278.97
29416,85610.23
29415,49733.22
29414,20095.38
29413,22214.57
29412,23105.36
29411,19550.04
29410,62056.31
29409,84700.27
29408,60064.86
29407,35988.82
29406,33877.58
29405,41699.53
29404,36350.67
29403,54647.17
29402,82723.5
29401,63960.18
29400,24449.56
29399,33282.3
29398,31235.37
29397,50087.16
29396,74806.93
29395,74647.7
29394,58032.11
29393,56960.31
29392,31084.82
29391,28312.58
29390,39465.53
29389,56493.27
29388,57656.56
29387,46687.77
29386,27668.48
29385,56113.19
29384,48909.12
29383,49509.36
29382,63068.62
29381,77010.76
29380,59439.28
29379,33965.45
29378,39549.7
29377,49414.85
29376,49090.31
29375,65969.97
29374,67861.6
29373,47553.34
29372,24235.22
29371,29791.23
29370,26213.18
29369,37701.35
29368,53304.49
29367,47004.04
29366,52108.53
29365,27333.21
29364,21669.0
29363,27057.81
29362,36245.51
29361,40207.55
29360,39837.48
29359,29142.66
29358,29175.94
