33394,31002.47
33393,61476.22
33392,57009.1
33391,13621.2
33390,19525.88
33389,17068.74
33388,16766.31
33387,1461.69
33386,36801.62
33385,23142.09
33384,14058.99
33383,14644.21
33382,13579.93
33381,31674.31
33380,38106.03
33379,51899.63
33378,37546.74
33377,33102.27
33376,20324.21
33375,26961.42
33374,29121.52
33373,30378.49
33372,51883.7
33371,48242.7
33370,13137.13
33369,15069.51
33368,15123.35
33367,15549.99
33366,34317.88
33365,57957.01
33364,33237.68
33363,17895.06
33362,21244.67
33361,22225.4
33360,28700.05
33359,32876.51
33358,44818.68
33357,30787.0
33356,14428.16
33355,17826.47
33354,18688.44
33353,46973.74
33352,60564.95
33351,84362.93
33350,65813.07
33349,59566.89
33348,26094.72
33347,43115.25
33346,26121.62
33345,46005.93
33344,69152.16
33343,64752.9
33342,19894.81
33341,19940.82
33340,19140.45
33339,15652.4
33338,28567.02
33337,55759.51
33336,43248.33
33335,35037.29
33334,18189.79
33333,17201.19
33332,56150.29
33331,50778.02
33330,87359.13
33329,86851.78
33328,52119.09
33327,56546.34
33326,75801.99
33325,27812.56
33324,43190.45
33323,70070.61
33322,58367.87
33321,24045.58
33320,19978.05
33319,42465.32
33318,40310.3
33317,54040.57
33316,90054.47
33315,63698.14
33314,41280.72
33313,50128.62
33312,56793.35
33311,43464.72
33310,63674.21
33309,90918.06
33308,-66.95
33307,18975.32
33306,21251.7
33305,19987.84
33304,24644.08
33303,33320.63
33302,48718.87
33301,35724.93
33300,1178.12
33299,17095.45
33298,37724.07
33297,38308.74
33296,48540.39
33295,58416.83
33294,60539.03
33293,15739.34
33292,955.88
33291,798.32
33290,266.21
33289,30403.49
33288,50097.31
33287,45169.45
33286,972.13
33285,21754.98
33284,22473.15
33283,71906.61
33282,69550.24
33281,92066.1
33280,69783.9
33279,46565.76
33278,37871.97
33277,44054.5
33276,38161.69
33275,50273.85
33274,90420.92
33273,50159.77
33272,27268.56
33271,30356.76
33270,33209.63
33269,53458.74
33268,61198.79
33267,88015.12
33266,52259.42
33265,21373.03
33264,25152.0
33263,24538.38
33262,29829.12
33261,62329.37
33260,82978.91
33259,68731.98
33258,40140.98
33257,40739.33
33256,47509.0
33255,37109.29
33254,54770.99
33253,79489.38
33252,70799.3
33251,25866.47
33250,30592.74
33249,29062.62
33248,51514.39
33247,59760.42
33246,79991.11
33245,68565.37
33244,67265.7
33243,29064.31
33242,31881.73
33241,40625.0
33240,53019.53
33239,61755.8
33238,60518.48
33237,21581.04
33236,51684.57
33235,54014.04
33234,43549.06
33233,59409.37
33232,79225.56
33231,66548.2
33230,39982.6
33229,46022.02
33228,43816.58
33227,47439.86
33226,63455.72
33225,76383.79
33224,57325.1
33223,27469.47
33222,42257.37
33221,29957.71
33220,38878.95
33219,48712.54
33218,54469.12
33217,58911.52
33216,28388.08
33215,19288.12
33214,28305.99
33213,34657.23
33212,39799.93
33211,47903.08
33210,32864.73
33209,24674.07
