215444,13156.73
215443,19876.72
215442,15397.91
215441,8430.69
215440,6873.5
215439,8255.94
215438,7257.69
215437,444.49
215436,9441.0
215435,10443.61
215434,4868.97
215433,7525.76
215432,5840.2
215431,9857.69
215430,12691.42
215429,18394.3
215428,10197.4
215427,11097.29
215426,7769.89
215425,9966.63
215424,9128.65
215423,8025.38
215422,25420.65
215421,14694.91
215420,5790.56
215419,8379.77
215418,6698.36
215417,7513.13
215416,12726.03
215415,24810.57
215414,13095.77
215413,8402.9
215412,640.65
215411,4302.39
215410,5410.03
215409,11053.81
215408,22593.18
215407,9806.15
215406,2153.94
215405,6774.03
215404,8820.94
215403,15422.95
215402,20553.71
215401,34188.76
215400,11730.94
215399,14271.92
215398,10659.61
215397,15840.5
215396,9727.02
215395,15138.99
215394,28918.16
215393,16666.06
215392,11056.77
215391,9430.08
215390,9403.13
215389,10036.54
215388,17548.63
215387,25199.71
215386,15690.59
215385,11666.27
215384,7264.59
215383,8517.75
215382,15239.1
215381,21799.41
215380,33351.73
215379,26746.82
215378,15480.07
215377,17646.53
215376,20497.45
215375,15383.66
215374,17454.12
215373,31088.87
215372,23527.63
215371,11090.94
215370,10165.07
215369,22089.74
215368,15870.08
215367,20265.57
215366,31840.26
215365,20397.97
215364,14398.76
215363,16989.49
215362,9946.1
215361,12034.0
215360,28285.76
215359,35353.05
215358,11169.08
215357,9078.45
215356,7647.36
215355,9759.21
215354,13571.06
215353,25066.62
215352,14497.67
215351,7193.63
215350,9388.36
215349,14308.76
215348,14488.59
215347,21308.72
215346,30702.51
215345,21090.48
215344,865.14
215343,8107.41
215342,9666.72
215341,10008.97
215340,17237.75
215339,26030.82
215338,16517.76
215337,9690.94
215336,12637.72
215335,8452.89
215334,17402.53
215333,21701.69
215332,32612.04
215331,20328.54
215330,13062.46
215329,12103.12
215328,12116.73
215327,15666.38
215326,778.75
215325,29215.35
215324,19841.93
215323,10430.73
215322,10128.59
215321,12060.95
215320,18299.23
215319,19362.93
215318,28756.82
215317,18920.37
215316,10391.79
215315,12821.41
215314,11739.5
215313,10626.14
215312,19361.76
215311,27999.49
215310,17222.82
215309,11520.59
215308,15458.01
215307,13930.4
215306,17077.73
215305,18946.59
215304,27625.59
215303,19651.52
215302,10873.04
215301,11345.87
215300,13671.07
215299,14990.37
215298,19352.11
215297,28633.49
215296,17637.7
215295,20728.06
215294,11734.75
215293,12295.59
215292,12545.2
215291,19148.44
215290,24899.71
215289,13061.32
215288,12349.85
215287,20692.06
215286,18422.81
215285,19595.08
215284,21414.73
215283,25116.67
215282,24005.83
215281,16236.46
215280,16950.34
215279,19800.21
215278,19775.76
215277,27367.55
215276,24111.53
215275,17399.31
215274,9975.05
215273,11244.27
215272,11341.03
215271,10859.46
215270,20480.01
215269,16759.16
215268,19996.45
215267,9608.26
215266,10131.99
215265,11084.67
215264,12063.04
215263,15193.96
215262,17274.79
215261,11316.53
215260,6529.5
