154022,34589.92
154021,52237.16
154020,36571.23
154019,15313.48
154018,14652.24
154017,16690.3
154016,13163.32
154015,1293.97
154014,37698.36
154013,23489.69
154012,12621.53
154011,12095.5
154010,13134.22
154009,18420.21
154008,21802.15
154007,42010.72
154006,28089.87
154005,26539.78
154004,13882.07
154003,8233.16
154002,15928.09
154001,1801.18
154000,11808.58
153999,28863.4
153998,13391.09
153997,11358.33
153996,15436.53
153995,11147.46
153994,25900.48
153993,46958.64
153992,25736.63
153991,13947.85
153990,11415.08
153989,17784.34
153988,18972.65
153987,26094.48
153986,45012.02
153985,23739.37
153984,12788.69
153983,11389.7
153982,19350.29
153981,32709.03
153980,38726.59
153979,77356.02
153978,32287.67
153977,23949.91
153976,17850.42
153975,21898.3
153974,17529.57
153973,30589.29
153972,53603.1
153971,30084.94
153970,12791.83
153969,16051.07
153968,13749.09
153967,12821.2
153966,28484.6
153965,50590.45
153964,28070.96
153963,25282.8
153962,15407.33
153961,12829.13
153960,25371.72
153959,36462.4
153958,66445.71
153957,44973.89
153956,23910.31
153955,33453.18
153954,39149.7
153953,24351.25
153952,33510.4
153951,66814.94
153950,48349.1
153949,19226.29
153948,23742.18
153947,37686.13
153946,36603.99
153945,42225.34
153944,68947.36
153943,44256.59
153942,28745.75
153941,28334.47
153940,35912.96
153939,34672.31
153938,63135.36
153937,78405.98
153936,18178.61
153935,15401.16
153934,23620.28
153933,17857.52
153932,29156.21
153931,39995.39
153930,33564.83
153929,13736.62
153928,17630.42
153927,19742.06
153926,28614.94
153925,33164.44
153924,56647.57
153923,40707.72
153922,1045.42
153921,12886.43
153920,16845.85
153919,17978.05
153918,24002.09
153917,41747.43
153916,31895.6
153915,17082.31
153914,14274.66
153913,16342.29
153912,33688.71
153911,39266.67
153910,58062.13
153909,36686.79
153908,19941.6
153907,27302.61
153906,27162.85
153905,21474.0
153904,605.17
153903,64504.33
153902,44247.31
153901,21926.02
153900,25708.5
153899,28045.77
153898,34856.15
153897,42690.4
153896,71330.52
153895,48818.88
153894,18056.42
153893,23191.09
153892,22153.71
153891,23718.09
153890,47541.22
153889,55940.6
153888,46643.03
153887,24646.41
153886,27428.46
153885,26538.21
153884,26771.64
153883,34142.96
153882,57393.68
153881,44070.31
153880,21444.69
153879,23831.68
153878,24537.57
153877,297.46
153876,42183.96
153875,47341.72
153874,37119.27
153873,43503.19
153872,24937.36
153871,21779.5
153870,29702.69
153869,32945.15
153868,51574.58
153867,41014.36
153866,17428.64
153865,30441.37
153864,34059.76
153863,27963.79
153862,33900.3
153861,53810.37
153860,44045.88
153859,23765.14
153858,23936.98
153857,25934.34
153856,29240.69
153855,44875.44
153854,53063.95
153853,35436.6
153852,18448.77
153851,20063.8
153850,24613.08
153849,23786.3
153848,37148.16
153847,36970.4
153846,38182.83
153845,15188.75
153844,15536.04
153843,17992.05
153842,22205.56
153841,26028.77
153840,36026.28
153839,26166.78
153838,25139.59
