187721,34596.57
187720,56499.68
187719,48186.7
187718,18809.0
187717,20210.05
187716,19913.49
187715,20090.46
187714,1781.3
187713,35837.56
187712,26931.12
187711,16349.14
187710,13108.12
187709,19677.94
187708,29022.93
187707,40816.8
187706,50856.4
187705,40693.69
187704,36504.43
187703,24353.73
187702,27722.57
187701,28572.7
187700,28171.23
187699,147.69
187698,25222.15
187697,23104.1
187696,19083.21
187695,20994.53
187694,22462.21
187693,33071.79
187692,56640.82
187691,36712.04
187690,20607.55
187689,18065.16
187688,17816.81
187687,26207.42
187686,29445.69
187685,47257.21
187684,27469.38
187683,19059.22
187682,16078.32
187681,22288.19
187680,50416.52
187679,54559.89
187678,75263.09
187677,42425.41
187676,37032.62
187675,26062.1
187674,37262.28
187673,21998.03
187672,41054.83
187671,64075.15
187670,51770.86
187669,24643.26
187668,14186.85
187667,22466.25
187666,22442.57
187665,33230.04
187664,53378.48
187663,36899.49
187662,29969.72
187661,23711.86
187660,24663.86
187659,51780.79
187658,54800.85
187657,95620.95
187656,73577.57
187655,44789.3
187654,54647.3
187653,68753.25
187652,38019.84
187651,43244.72
187650,75133.83
187649,63202.33
187648,22786.61
187647,24166.64
187646,49472.44
187645,41912.41
187644,57893.23
187643,91462.58
187642,61251.57
187641,48420.41
187640,51631.98
187639,59143.74
187638,55967.95
187637,76848.42
187636,97087.64
187635,28504.53
187634,29607.53
187633,29627.36
187632,31846.81
187631,38151.56
187630,53956.89
187629,40163.47
187628,16821.48
187627,23406.48
187626,37279.43
187625,38413.71
187624,47990.43
187623,64851.88
187622,61218.3
187621,1478.68
187620,27895.46
187619,28420.8
187618,31312.07
187617,39526.23
187616,55120.71
187615,41753.93
187614,35142.44
187613,24994.78
187612,32182.87
187611,61117.93
187610,65900.92
187609,91118.9
187608,67458.55
187607,43593.67
187606,38667.97
187605,47457.09
187604,38030.79
187603,1193.5
187602,86260.2
187601,43671.24
187600,34663.75
187599,34075.26
187598,40577.43
187597,55471.25
187596,61125.88
187595,96327.58
187594,51025.7
187593,29736.25
187592,34138.23
187591,26039.63
187590,32207.54
187589,68254.72
187588,72175.3
187587,63481.08
187586,46857.48
187585,45765.36
187584,46270.02
187583,45324.14
187582,57567.9
187581,76934.15
187580,66786.83
187579,33730.64
187578,32770.52
187577,38411.84
187576,550.88
187575,71840.16
187574,85451.7
187573,59205.28
187572,84314.61
187571,38276.83
187570,37441.89
187569,43825.69
187568,47991.21
187567,55673.42
187566,61218.68
187565,31524.64
187564,55370.68
187563,55437.68
187562,54967.98
187561,56419.02
187560,70300.66
187559,59741.98
187558,48596.01
187557,48672.83
187556,50532.17
187555,57730.92
187554,65695.82
187553,72092.18
187552,47353.67
187551,34217.44
187550,39819.41
187549,36861.56
187548,41234.22
187547,53588.9
187546,50754.22
187545,51236.19
187544,29231.0
187543,21765.13
187542,32162.07
187541,39391.9
187540,39755.63
187539,50649.28
187538,32843.35
187537,32033.55
