191363,19406.87
191362,31654.61
191361,25480.79
191360,8840.73
191359,10683.12
191358,9598.94
191357,11895.49
191356,388.24
191355,26399.07
191354,13429.18
191353,10413.33
191352,8037.19
191351,8470.31
191350,14098.14
191349,16950.35
191348,24667.86
191347,26506.42
191346,16653.92
191345,10942.3
191344,12358.4
191343,11528.03
191342,11902.62
191341,22399.99
191340,17090.87
191339,8938.8
191338,9827.28
191337,11137.99
191336,8508.06
191335,13737.25
191334,32929.43
191333,20144.51
191332,10552.36
191331,10176.99
191330,9777.39
191329,14077.85
191328,4773.29
191327,27769.8
191326,22021.74
191325,2534.68
191324,10885.38
191323,11463.18
191322,23127.53
191321,24092.22
191320,42870.26
191319,24503.38
191318,27008.83
191317,12745.6
191316,20806.59
191315,12863.21
191314,19385.75
191313,35602.67
191312,25094.88
191311,11846.07
191310,9677.96
191309,8545.21
191308,11177.5
191307,19028.56
191306,34571.88
191305,20042.96
191304,15945.58
191303,12243.46
191302,9779.05
191301,23762.07
191300,29072.88
191299,55001.6
191298,42298.98
191297,19009.88
191296,28792.81
191295,33465.38
191294,17286.5
191293,20294.43
191292,48284.16
191291,33769.27
191290,9878.53
191289,12085.49
191288,24633.68
191287,21026.47
191286,22394.71
191285,48996.35
191284,37884.9
191283,13105.95
191282,19038.35
191281,23231.68
191280,19400.64
191279,32954.58
191278,53510.11
191277,9449.93
191276,13691.3
191275,11524.47
191274,16969.24
191273,20250.82
191272,33300.36
191271,23496.3
191270,4.59
191269,10948.33
191268,20607.14
191267,19420.83
191266,27122.38
191265,50548.42
191264,39012.86
191263,14881.16
191262,10006.77
191261,14304.43
191260,13338.21
191259,19223.09
191258,33826.04
191257,22398.59
191256,15631.69
191255,15061.9
191254,15888.78
191253,29041.14
191252,30416.45
191251,49877.54
191250,38108.25
191249,17986.07
191248,13663.71
191247,19445.32
191246,18783.09
191245,34.99
191244,47250.49
191243,28544.8
191242,12857.43
191241,15238.42
191240,16165.63
191239,21730.34
191238,26504.45
191237,43597.94
191236,27572.35
191235,11010.69
191234,11393.81
191233,16679.03
191232,18668.21
191231,28724.83
191230,47661.6
191229,40345.65
191228,22477.97
191227,20512.09
191226,24400.77
191225,20719.0
191224,31621.6
191223,44680.68
191222,43822.81
191221,14381.85
191220,14735.16
191219,20952.88
191218,33538.08
191217,46391.17
191216,33647.29
191215,46977.38
191214,14952.52
191213,14863.81
191212,21319.0
191211,30776.56
191210,32323.02
191209,37780.78
191208,19619.15
191207,27156.96
191206,26101.07
191205,17863.13
191204,29576.14
191203,43755.82
191202,33130.56
191201,20344.61
191200,20299.61
191199,23722.61
191198,25190.28
191197,33600.5
191196,40416.26
191195,30577.25
191194,17870.89
191193,18092.49
191192,17502.71
191191,17800.7
191190,24366.04
191189,28512.7
191188,34608.54
191187,16861.94
191186,12184.11
191185,17629.95
191184,20512.98
191183,22673.0
191182,29034.54
191181,21480.2
191180,19158.02
