116855,28875.4
116854,41898.84
116853,37640.76
116852,15926.19
116851,14437.11
116850,16208.7
116849,16760.98
116848,1051.25
116847,28754.77
116846,16642.01
116845,13716.12
116844,12839.02
116843,12800.94
116842,21581.51
116841,24159.98
116840,11488.9
116839,33124.81
116838,18057.84
116837,15542.85
116836,20483.15
116835,22225.99
116834,20049.08
116833,39706.06
116832,24699.6
116831,16309.2
116830,12843.6
116829,19816.56
116828,18889.65
116827,24923.66
116826,38996.79
116825,26027.36
116824,17269.44
116823,17477.72
116822,18533.09
116821,23093.14
116820,10524.56
116819,42079.95
116818,23998.1
116817,11430.83
116816,14133.47
116815,26698.06
116814,29556.47
116813,44227.01
116812,59338.9
116811,34562.05
116810,37936.22
116809,16421.33
116808,31030.02
116807,22228.56
116806,33292.26
116805,46395.81
116804,30171.28
116803,21167.44
116802,16424.68
116801,13055.94
116800,17078.33
116799,26555.96
116798,48730.8
116797,23009.15
116796,22051.33
116795,19053.28
116794,19867.81
116793,36951.72
116792,44038.63
116791,67928.71
116790,45686.36
116789,27660.29
116788,35498.6
116787,41028.25
116786,24231.4
116785,35255.17
116784,50204.7
116783,36909.39
116782,16561.77
116781,17353.14
116780,37502.15
116779,27904.15
116778,39010.24
116777,63909.14
116776,43739.36
116775,16371.23
116774,28506.01
116773,34454.27
116772,26850.59
116771,33253.48
116770,72979.53
116769,20407.04
116768,21751.11
116767,19919.28
116766,25284.38
116765,32662.82
116764,51746.29
116763,32228.17
116762,15856.78
116761,17548.84
116760,36247.5
116759,28752.12
116758,36565.85
116757,65981.04
116756,51987.07
116755,1061.26
116754,20656.76
116753,21627.72
116752,23551.01
116751,34633.84
116750,44644.84
116749,30034.13
116748,27148.82
116747,17584.23
116746,23555.34
116745,36920.31
116744,38787.15
116743,54059.98
116742,43118.81
116741,24935.08
116740,21804.81
116739,27527.52
116738,30734.54
116737,531.11
116736,57116.72
116735,35333.1
116734,22949.08
116733,26606.56
116732,22672.82
116731,30976.96
116730,35944.94
116729,60581.57
116728,34496.88
116727,18332.03
116726,21192.84
116725,24433.55
116724,26372.6
116723,45385.24
116722,56641.13
116721,50243.76
116720,28316.38
116719,29359.57
116718,32032.97
116717,35429.63
116716,40372.8
116715,50613.63
116714,46874.42
116713,29795.44
116712,23323.67
116711,32108.42
116710,220.14
116709,42737.19
116708,39534.45
116707,36759.58
116706,47566.79
116705,26531.11
116704,26227.22
116703,28329.37
116702,36217.34
116701,40166.85
116700,40850.71
116699,21620.01
116698,36863.5
116697,40104.46
116696,36673.6
116695,42880.62
116694,55058.12
116693,44100.95
116692,29196.65
116691,29151.94
116690,34624.87
116689,41431.54
116688,54291.16
116687,46208.32
116686,37885.93
116685,25111.4
116684,27274.82
116683,28372.09
116682,26412.74
116681,41824.95
116680,40344.27
116679,35355.31
116678,22737.04
116677,18184.51
116676,26845.23
116675,31937.24
116674,37410.63
116673,37972.48
116672,26482.2
116671,18091.08
