157283,14546.74
157282,21524.02
157281,15067.92
157280,11960.34
157279,8150.91
157278,5462.93
157277,9089.56
157276,1659.59
157275,15900.3
157274,9787.55
157273,7943.81
157272,5624.78
157271,6489.27
157270,10391.51
157269,11853.4
157268,17935.27
157267,14182.41
157266,13912.36
157265,8465.31
157264,9252.16
157263,7580.05
157262,9556.92
157261,20237.38
157260,10331.73
157259,6018.86
157258,6873.16
157257,7477.16
157256,7558.23
157255,11371.69
157254,18453.3
157253,14431.94
157252,9859.11
157251,9276.0
157250,10069.95
157249,12980.82
157248,13313.72
157247,19170.82
157246,10976.14
157245,9936.69
157244,9246.06
157243,9984.5
157242,19634.09
157241,19783.78
157240,30593.98
157239,19353.74
157238,17433.03
157237,10526.29
157236,12691.11
157235,8272.56
157234,13863.3
157233,27395.93
157232,14719.03
157231,9766.64
157230,9511.38
157229,10651.1
157228,8700.84
157227,15763.51
157226,20884.95
157225,13336.04
157224,11050.33
157223,8434.59
157222,11542.58
157221,16621.41
157220,23000.36
157219,30114.83
157218,20650.7
157217,13480.84
157216,14744.6
157215,14485.91
157214,14800.76
157213,18333.08
157212,24983.49
157211,15281.14
157210,10783.43
157209,14138.35
157208,19205.89
157207,19533.35
157206,25453.71
157205,31953.01
157204,17671.21
157203,12032.73
157202,13958.52
157201,18546.64
157200,16288.08
157199,33123.39
157198,35861.3
157197,8703.34
157196,9450.98
157195,12554.07
157194,10372.41
157193,13245.52
157192,20117.74
157191,14052.01
157190,7225.5
157189,10066.96
157188,17412.46
157187,16701.41
157186,23944.87
157185,28564.46
157184,20570.47
157183,746.4
157182,10074.07
157181,7256.32
157180,10366.28
157179,15132.1
157178,19896.84
157177,16868.36
157176,4244.41
157175,9181.02
157174,7690.71
157173,15422.24
157172,23041.46
157171,25899.89
157170,14199.82
157169,11553.25
157168,12163.32
157167,13594.97
157166,15002.72
157165,403.58
157164,31528.94
157163,16445.03
157162,12116.75
157161,13292.86
157160,12368.55
157159,17305.51
157158,25281.53
157157,33497.19
157156,16889.57
157155,7821.38
157154,11215.92
157153,8383.42
157152,9719.62
157151,22188.63
157150,28542.49
157149,19558.06
157148,13322.54
157147,13795.69
157146,12820.52
157145,11046.2
157144,20576.53
157143,28946.3
157142,18327.15
157141,12289.61
157140,8447.65
157139,12484.16
157138,158.53
157137,16174.94
157136,23295.14
157135,14946.68
157134,20521.54
157133,10037.85
157132,12928.89
157131,13180.89
157130,18078.09
157129,22234.91
157128,13798.17
157127,11520.03
157126,19491.81
157125,16782.77
157124,15193.09
157123,19352.55
157122,27082.15
157121,14745.48
157120,12523.49
157119,15517.99
157118,11736.31
157117,17644.22
157116,25911.01
157115,24030.48
157114,9502.44
157113,9759.4
157112,9543.47
157111,9025.67
157110,10293.96
157109,17507.96
157108,16652.05
157107,15780.5
157106,8713.2
157105,8018.22
157104,10436.76
157103,12774.58
157102,15314.32
157101,17654.8
157100,12454.16
157099,13902.02
