49677,32911.61
49676,79154.11
49675,63143.48
49674,23418.49
49673,23204.21
49672,25578.28
49671,26815.17
49670,1442.84
49669,51909.83
49668,41489.97
49667,23156.97
49666,17351.77
49665,23725.6
49664,34088.94
49663,40808.48
49662,67786.25
49661,52779.1
49660,52674.15
49659,27726.91
49658,20655.7
49657,32239.06
49656,28377.01
49655,71160.76
49654,50507.85
49653,21903.46
49652,17238.0
49651,24424.73
49650,24196.43
49649,38566.37
49648,65748.3
49647,45370.59
49646,29412.28
49645,23122.51
49644,29750.26
49643,29523.07
49642,36826.17
49641,64962.88
49640,45772.6
49639,23753.54
49638,20602.94
49637,27042.54
49636,55364.58
49635,66821.37
49634,102624.69
49633,61466.11
49632,49953.45
49631,31547.05
49630,39641.54
49629,34191.62
49628,49970.92
49627,87312.69
49626,67362.06
49625,26429.68
49624,26979.34
49623,23429.38
49622,25536.86
49621,35993.48
49620,77338.7
49619,51607.76
49618,40091.76
49617,23999.12
49616,28339.32
49615,50720.66
49614,63143.44
49613,121388.82
49612,92272.16
49611,53643.71
49610,57000.74
49609,78568.19
49608,35392.87
49607,55716.13
49606,102601.35
49605,68255.21
49604,33948.17
49603,38776.28
49602,52045.41
49601,46754.35
49600,64360.39
49599,112435.68
49598,83205.45
49597,49945.44
49596,52732.18
49595,68042.49
49594,47750.26
49593,71914.15
49592,103845.79
49591,-5.94
49590,32558.48
49589,29683.74
49588,31578.44
49587,33818.27
49586,47803.97
49585,68663.84
49584,58149.69
49583,23031.29
49582,26349.21
49581,41328.95
49580,38604.0
49579,51712.95
49578,83691.96
49577,71507.57
49576,2232.71
49575,30148.96
49574,34347.59
49573,34044.13
49572,47617.23
49571,69474.52
49570,60424.19
49569,39457.49
49568,36005.42
49567,36869.23
49566,64481.13
49565,77586.1
49564,117278.1
49563,80246.32
49562,48790.45
49561,43398.72
49560,49734.93
49559,50007.31
49558,1875.74
49557,119371.91
49556,68336.98
49555,32686.93
49554,46606.56
49553,39031.17
49552,62515.48
49551,69799.12
49550,104768.13
49549,76497.65
49548,29078.73
49547,29658.82
49546,34595.82
49545,37709.23
49544,68057.12
49543,91340.76
49542,70501.79
49541,46693.72
49540,44606.39
49539,52844.2
49538,46839.75
49537,64118.52
49536,91350.29
49535,81459.54
49534,41421.4
49533,44150.44
49532,42293.11
49531,617.4
49530,76884.89
49529,91842.97
49528,69143.08
49527,73092.23
49526,37157.89
49525,40137.93
49524,50700.29
49523,60179.52
49522,70973.28
49521,69075.48
49520,28845.9
49519,63009.91
49518,57739.19
49517,57194.45
49516,63268.14
49515,88084.72
49514,73221.31
49513,47726.34
49512,42672.09
49511,44352.45
49510,57447.26
49509,72175.9
49508,87775.28
49507,72326.2
49506,30979.51
49505,43447.06
49504,33531.99
49503,41514.85
49502,50084.34
49501,61133.29
49500,68391.66
49499,30578.28
49498,24413.28
49497,36528.21
49496,43235.24
49495,44499.65
49494,55574.21
49493,47745.88
49492,38824.42
