188105,26196.52
188104,34555.93
188103,22979.54
188102,10888.53
188101,11407.71
188100,11475.79
188099,14783.81
188098,536.27
188097,21063.4
188096,14454.61
188095,9710.92
188094,8581.89
188093,8561.21
188092,15975.39
188091,18929.0
188090,28049.86
188089,16519.5
188088,17194.99
188087,12070.23
188086,11776.32
188085,11852.81
188084,15415.32
188083,24359.77
188082,19871.94
188081,8669.44
188080,8531.53
188079,9523.45
188078,12161.61
188077,19265.58
188076,31402.81
188075,24335.15
188074,13830.94
188073,13858.75
188072,14941.41
188071,15705.27
188070,16328.37
188069,29838.61
188068,21811.39
188067,12282.7
188066,13742.31
188065,14694.8
188064,23060.02
188063,35071.05
188062,49009.67
188061,30495.92
188060,34081.17
188059,18540.2
188058,17706.87
188057,13295.22
188056,24635.08
188055,40655.18
188054,29166.26
188053,14462.31
188052,13500.1
188051,15209.32
188050,12723.34
188049,18132.77
188048,39364.49
188047,28658.3
188046,18984.83
188045,14484.56
188044,14039.82
188043,25886.72
188042,26609.79
188041,48997.52
188040,35902.13
188039,18569.59
188038,20229.67
188037,27076.15
188036,17951.53
188035,24957.34
188034,44449.58
188033,31781.18
188032,14889.14
188031,14360.98
188030,22764.12
188029,24480.96
188028,27663.61
188027,48169.34
188026,36664.39
188025,22715.54
188024,19109.07
188023,26616.04
188022,27672.48
188021,40302.68
188020,56405.15
188019,18237.37
188018,18475.58
188017,19106.5
188016,22718.76
188015,27110.62
188014,41757.79
188013,32937.89
188012,1168.75
188011,16790.28
188010,26286.33
188009,26866.69
188008,38034.33
188007,53210.31
188006,37249.51
188005,13851.3
188004,458.2
188003,252.44
188002,34.95
188001,23573.01
188000,34015.85
187999,27457.05
187998,763.9
187997,20957.95
187996,18985.22
187995,26907.35
187994,29520.2
187993,40334.43
187992,33673.17
187991,17078.15
187990,16604.61
187989,20280.95
187988,15577.22
187987,26138.49
187986,49130.91
187985,33257.9
187984,25120.81
187983,20024.9
187982,21982.36
187981,28735.12
187980,38438.61
187979,60596.24
187978,34339.19
187977,15956.4
187976,18196.58
187975,21414.9
187974,18156.76
187973,32127.55
187972,40570.69
187971,34312.88
187970,19072.53
187969,18180.72
187968,19844.47
187967,18516.0
187966,26546.66
187965,42358.99
187964,36349.91
187963,13740.47
187962,14551.16
187961,15364.19
187960,19428.37
187959,30116.25
187958,30573.75
187957,25705.96
187956,36412.66
187955,18114.23
187954,15578.46
187953,21354.2
187952,32057.15
187951,39062.27
187950,28354.57
187949,16297.87
187948,21975.86
187947,24130.04
187946,25302.65
187945,31514.27
187944,42665.93
187943,38040.89
187942,24130.8
187941,21979.99
187940,23543.7
187939,27682.89
187938,30095.27
187937,44785.32
187936,32803.73
187935,16142.37
187934,19244.47
187933,17875.41
187932,20810.72
187931,28432.55
187930,31743.8
187929,35909.55
187928,16415.85
187927,13237.84
187926,18212.11
187925,24656.22
187924,25540.86
187923,31844.77
187922,30293.14
187921,17034.9
