29735,49955.95
29734,78537.36
29733,54371.84
29732,14594.25
29731,19824.16
29730,24954.95
29729,19498.73
29728,554.63
29727,57835.37
29726,34340.37
29725,15663.88
29724,17485.33
29723,17169.08
29722,47516.02
29721,46613.71
29720,82451.17
29719,47265.24
29718,47187.22
29717,30499.71
29716,31480.0
29715,30329.34
29714,37027.94
29713,82794.31
29712,62081.0
29711,17304.58
29710,15658.32
29709,18443.62
29708,17142.08
29707,44850.86
29706,72655.72
29705,50383.11
29704,22761.33
29703,12036.57
29702,20870.79
29701,24708.53
29700,38143.67
29699,71983.29
29698,43220.87
29697,17377.47
29696,24114.36
29695,24681.74
29694,67056.18
29693,71229.48
29692,133827.71
29691,61380.41
29690,49951.36
29689,38355.99
29688,47533.0
29687,34198.91
29686,57785.83
29685,109724.27
29684,72728.11
29683,25110.28
29682,26400.48
29681,27271.54
29680,27932.19
29679,55704.57
29678,82033.83
29677,49530.68
29676,38718.72
29675,13592.77
29674,24828.35
29673,65967.84
29672,80430.4
29671,146167.85
29670,115408.45
29669,49877.26
29668,64755.46
29667,86962.99
29666,54426.15
29665,49225.82
29664,106777.3
29663,86249.56
29662,31204.3
29661,30200.16
29660,58541.75
29659,64589.26
29658,67630.64
29657,124218.11
29656,96286.44
29655,56583.08
29654,64879.48
29653,62511.77
29652,31489.2
29651,69167.65
29650,98519.43
29649,-7.99
29648,34198.09
29647,28302.42
29646,30091.5
29645,35885.38
29644,42191.36
29643,80777.05
29642,60540.07
29641,1240.18
29640,27803.41
29639,42229.82
29638,41207.47
29637,54141.18
29636,96031.3
29635,76477.98
29634,23712.79
29633,2698.78
29632,1375.56
29631,361.82
29630,42810.36
29629,79688.0
29628,69329.29
29627,2338.05
29626,30901.22
29625,33702.85
29624,79756.58
29623,87217.31
29622,126808.05
29621,98050.77
29620,54768.44
29619,46677.61
29618,55778.12
29617,51789.0
29616,76489.63
29615,128014.01
29614,64234.53
29613,31712.43
29612,35440.83
29611,40918.29
29610,58053.34
29609,57685.73
29608,107482.28
29607,59008.63
29606,27742.93
29605,32196.65
29604,32014.12
29603,36469.41
29602,79721.81
29601,105689.59
29600,90074.84
29599,49649.42
29598,51002.67
29597,60985.25
29596,56404.49
29595,75242.8
29594,98496.37
29593,92695.74
29592,42614.94
29591,41499.15
29590,47922.16
29589,61640.76
29588,73983.14
29587,100696.82
29586,83868.47
29585,74568.84
29584,38215.65
29583,40172.23
29582,45520.16
29581,57660.92
29580,92566.56
29579,76360.76
29578,37937.04
29577,79203.03
29576,73743.78
29575,70209.43
29574,89000.72
29573,109037.66
29572,92571.87
29571,51368.07
29570,58886.36
29569,61479.99
29568,69125.94
29567,83865.1
29566,87995.79
29565,74782.19
29564,37299.6
29563,37966.77
29562,35340.04
29561,42735.8
29560,66903.3
29559,61866.46
29558,69834.95
29557,34232.53
29556,25835.16
29555,33050.32
29554,41233.18
29553,49942.25
29552,49627.02
29551,42247.46
29550,31848.16
