141942,28099.61
141941,43654.55
141940,42033.18
141939,16785.77
141938,17571.97
141937,15669.12
141936,16387.27
141935,623.56
141934,34120.58
141933,23514.24
141932,14164.05
141931,10753.39
141930,14397.78
141929,36634.08
141928,42223.53
141927,45337.43
141926,31908.86
141925,35237.83
141924,22826.11
141923,28682.65
141922,31455.87
141921,30944.18
141920,300.67
141919,12826.88
141918,10500.62
141917,14098.08
141916,17016.39
141915,17572.07
141914,28125.46
141913,42639.08
141912,29718.18
141911,16707.45
141910,18160.41
141909,18603.63
141908,23908.61
141907,22083.45
141906,44774.86
141905,24966.3
141904,13001.49
141903,12981.24
141902,18620.28
141901,47218.12
141900,48383.62
141899,66597.68
141898,39532.52
141897,27228.81
141896,22503.07
141895,29366.03
141894,24054.06
141893,34903.04
141892,50170.42
141891,40492.16
141890,21649.66
141889,14283.05
141888,18434.47
141887,19404.36
141886,19714.28
141885,51169.96
141884,28577.71
141883,35988.95
141882,20201.21
141881,20154.65
141880,51482.78
141879,34534.58
141878,66580.71
141877,53115.54
141876,38610.62
141875,45838.53
141874,65014.36
141873,33493.73
141872,39881.96
141871,51828.72
141870,40886.07
141869,16903.36
141868,20434.28
141867,48157.41
141866,35504.82
141865,53692.85
141864,62300.74
141863,43472.15
141862,35593.13
141861,44639.97
141860,52868.28
141859,43839.32
141858,65715.8
141857,71036.08
141856,27956.8
141855,25590.43
141854,26812.66
141853,27055.93
141852,32241.33
141851,42065.66
141850,30874.88
141849,1149.18
141848,19040.52
141847,31646.82
141846,28039.3
141845,38336.46
141844,47267.77
141843,49109.92
141842,20193.63
141841,816.21
141840,947.46
141839,185.07
141838,29376.8
141837,45812.06
141836,33104.98
141835,1263.9
141834,24103.85
141833,23894.66
141832,52987.9
141831,59032.38
141830,77345.4
141829,54566.31
141828,38925.78
141827,38509.87
141826,45931.53
141825,39089.67
141824,53347.97
141823,73650.62
141822,41190.96
141821,25163.81
141820,26664.72
141819,27198.19
141818,38409.01
141817,57184.03
141816,82389.4
141815,48238.08
141814,22628.77
141813,18969.14
141812,23910.72
141811,23408.93
141810,57751.84
141809,63913.57
141808,53249.21
141807,39857.8
141806,33696.49
141805,38431.95
141804,36191.43
141803,49293.11
141802,64440.38
141801,66121.87
141800,22306.7
141799,26731.69
141798,34740.59
141797,48279.57
141796,61035.62
141795,64666.28
141794,52785.91
141793,71111.01
141792,36287.19
141791,26481.75
141790,38834.03
141789,46566.6
141788,47113.7
141787,47024.9
141786,23403.88
141785,49885.66
141784,49288.96
141783,51371.14
141782,52769.34
141781,68167.75
141780,50529.55
141779,42375.91
141778,47980.45
141777,43512.78
141776,50765.85
141775,64197.27
141774,69367.03
141773,49976.5
141772,23729.2
141771,33348.44
141770,28837.41
141769,34931.18
141768,47642.76
141767,39896.45
141766,46345.16
141765,23154.98
141764,23337.39
141763,25747.47
141762,33023.1
141761,39255.91
141760,35397.18
141759,36710.74
141758,27288.7
