57165,32882.33
57164,49756.65
57163,46357.55
57162,18506.17
57161,16402.45
57160,16174.09
57159,15529.13
57158,846.48
57157,35926.27
57156,29740.24
57155,14130.39
57154,10402.58
57153,14854.69
57152,27624.92
57151,30950.32
57150,42033.64
57149,31490.79
57148,36391.12
57147,18407.24
57146,23599.71
57145,18499.88
57144,22407.18
57143,42073.38
57142,33297.04
57141,11836.36
57140,14620.78
57139,18975.24
57138,15246.68
57137,29658.06
57136,48423.9
57135,28543.06
57134,18499.01
57133,16676.94
57132,18024.71
57131,23475.06
57130,20924.23
57129,41590.7
57128,26156.21
57127,18320.68
57126,20071.01
57125,23414.68
57124,46353.17
57123,50660.01
57122,76146.2
57121,46139.73
57120,32499.55
57119,25420.82
57118,29503.35
57117,23789.57
57116,35697.2
57115,60111.31
57114,43169.17
57113,19189.33
57112,14671.4
57111,21734.48
57110,21596.55
57109,31991.06
57108,50733.59
57107,31356.57
57106,29243.29
57105,22645.68
57104,19087.23
57103,43934.15
57102,49763.0
57101,77228.51
57100,58340.06
57099,27347.72
57098,29262.48
57097,52179.94
57096,32159.31
57095,41640.96
57094,64590.48
57093,44952.55
57092,21686.49
57091,29242.1
57090,42836.42
57089,37448.18
57088,46222.99
57087,62006.89
57086,49751.7
57085,31923.39
57084,31327.6
57083,39846.95
57082,33431.3
57081,53781.85
57080,76705.93
57079,23679.85
57078,17514.0
57077,17860.03
57076,26387.41
57075,28313.76
57074,55325.55
57073,39728.93
57072,1100.12
57071,18758.36
57070,39710.74
57069,30723.31
57068,41328.27
57067,60761.16
57066,48853.48
57065,19034.23
57064,97.94
57063,29730.18
57062,52388.23
57061,36882.16
57060,1552.76
57059,19102.66
57058,22452.61
57057,42878.66
57056,45340.46
57055,66044.65
57054,49091.14
57053,33057.32
57052,26254.68
57051,41238.17
57050,31863.41
57049,34353.71
57048,83700.34
57047,41520.54
57046,25130.78
57045,30805.73
57044,31927.05
57043,39161.43
57042,48464.99
57041,79367.96
57040,52592.05
57039,22820.79
57038,23397.83
57037,24648.21
57036,26486.71
57035,58791.81
57034,67937.68
57033,45245.91
57032,27720.16
57031,32739.65
57030,37656.1
57029,30542.93
57028,43724.82
57027,60903.37
57026,57683.17
57025,23679.53
57024,21568.65
57023,29512.71
57022,40263.88
57021,45863.1
57020,64969.53
57019,43068.12
57018,56445.73
57017,18660.8
57016,23527.4
57015,26683.74
57014,37218.8
57013,52021.71
57012,43043.3
57011,23225.88
57010,43716.73
57009,43229.27
57008,42652.26
57007,52081.11
57006,66449.63
57005,45047.34
57004,32176.16
57003,33476.81
57002,39013.2
57001,38711.52
57000,50926.96
56999,71973.02
56998,49525.27
56997,23889.16
56996,26072.8
56995,26480.79
56994,27930.71
56993,42343.25
56992,44858.84
56991,52596.28
56990,20746.67
56989,20321.22
56988,24859.11
56987,28386.3
56986,37173.82
56985,40991.3
56984,31531.29
56983,27749.32
