110322,34427.82
110321,55792.62
110320,36167.15
110319,21298.91
110318,21021.83
110317,24109.6
110316,22226.93
110315,808.1
110314,44735.29
110313,26692.98
110312,18474.29
110311,16477.74
110310,21666.32
110309,33505.63
110308,32060.56
110307,58568.99
110306,38872.25
110305,43024.51
110304,28955.85
110303,32660.13
110302,31439.88
110301,22704.12
110300,98.43
110299,139.43
110298,6535.23
110297,12799.35
110296,20545.77
110295,22122.69
110294,34892.65
110293,55495.74
110292,35000.06
110291,20616.44
110290,21325.75
110289,18120.66
110288,27874.22
110287,31685.22
110286,56464.45
110285,37239.46
110284,18633.33
110283,14903.76
110282,26142.77
110281,42172.78
110280,56410.87
110279,88172.39
110278,58616.89
110277,20699.47
110276,29719.94
110275,34985.84
110274,26597.01
110273,40120.18
110272,67170.79
110271,48196.86
110270,22508.17
110269,23503.93
110268,21437.27
110267,23972.27
110266,42910.02
110265,62639.15
110264,41957.65
110263,31336.88
110262,25862.68
110261,23007.38
110260,47650.05
110259,50463.54
110258,96744.55
110257,70225.45
110256,43396.4
110255,52592.71
110254,72577.04
110253,43895.71
110252,49127.33
110251,86599.83
110250,56225.56
110249,26539.33
110248,29636.15
110247,55641.75
110246,46241.4
110245,54225.95
110244,83960.06
110243,66004.99
110242,38202.07
110241,50780.41
110240,53366.57
110239,50935.4
110238,78484.26
110237,100132.58
110236,30772.02
110235,31304.98
110234,31375.5
110233,34552.8
110232,38307.53
110231,57650.61
110230,43648.75
110229,795.21
110228,27081.26
110227,34981.1
110226,34836.24
110225,48721.15
110224,73446.02
110223,60493.13
110222,27705.15
110221,1154.99
110220,1198.35
110219,171.8
110218,40833.21
110217,61006.38
110216,48259.73
110215,1028.96
110214,34905.52
110213,36282.19
110212,52917.64
110211,56954.41
110210,88484.55
110209,59314.1
110208,40468.04
110207,49841.36
110206,45337.17
110205,36968.38
110204,47417.46
110203,77715.55
110202,47989.52
110201,32597.91
110200,31649.66
110199,35735.37
110198,47164.08
110197,51531.51
110196,91618.99
110195,49276.87
110194,23260.61
110193,28304.63
110192,28696.12
110191,39132.46
110190,51573.58
110189,73650.4
110188,58442.91
110187,37834.28
110186,40346.84
110185,53541.98
110184,37035.32
110183,49789.1
110182,76506.72
110181,65856.43
110180,30970.08
110179,34706.0
110178,35185.33
110177,48606.46
110176,64709.55
110175,77021.43
110174,61264.18
110173,82956.18
110172,36889.45
110171,39129.25
110170,41648.22
110169,51740.42
110168,67149.93
110167,55372.0
110166,35526.24
110165,56506.65
110164,52352.78
110163,46991.6
110162,56784.51
110161,84570.12
110160,61661.68
110159,41819.09
110158,51204.91
110157,43151.77
110156,51360.43
110155,67640.33
110154,82606.8
110153,52819.94
110152,27205.83
110151,35272.52
110150,33554.38
110149,38714.03
110148,51147.6
110147,44253.57
110146,52963.17
110145,17458.49
110144,22765.3
110143,30436.43
110142,34643.91
110141,37619.8
110140,52155.24
110139,35349.44
110138,37549.65
