148845,29267.78
148844,50350.32
148843,42924.93
148842,20323.79
148841,17433.88
148840,16463.73
148839,17158.61
148838,517.52
148837,38463.65
148836,27296.09
148835,16825.96
148834,15339.54
148833,18826.08
148832,26357.0
148831,28903.62
148830,38375.53
148829,31925.25
148828,37067.26
148827,22105.96
148826,24074.72
148825,19874.36
148824,21609.9
148823,34244.38
148822,28233.83
148821,13489.84
148820,15270.39
148819,13897.08
148818,16102.88
148817,30758.39
148816,37902.48
148815,30538.39
148814,16680.67
148813,20907.8
148812,20145.58
148811,24028.54
148810,31418.31
148809,40473.22
148808,22224.99
148807,20872.87
148806,19619.78
148805,26126.9
148804,46141.22
148803,46582.35
148802,63239.19
148801,47923.0
148800,39195.55
148799,35713.85
148798,34648.74
148797,22587.15
148796,36017.38
148795,56562.62
148794,42472.94
148793,26687.24
148792,23052.04
148791,25974.81
148790,24610.65
148789,33124.85
148788,42502.01
148787,32438.91
148786,29734.07
148785,20216.4
148784,23876.17
148783,32501.63
148782,48109.65
148781,65865.4
148780,57969.92
148779,45199.35
148778,43606.61
148777,59211.27
148776,32864.01
148775,37915.14
148774,49696.13
148773,39133.5
148772,23959.35
148771,24229.23
148770,44217.76
148769,38749.48
148768,45835.79
148767,58291.2
148766,49441.35
148765,29856.82
148764,36402.81
148763,48666.16
148762,36869.71
148761,51702.36
148760,71366.58
148759,27013.29
148758,23781.05
148757,26571.97
148756,25495.37
148755,33750.53
148754,44402.81
148753,34563.68
148752,507.61
148751,22392.43
148750,39193.7
148749,36887.58
148748,38357.68
148747,65526.96
148746,48128.58
148745,18230.14
148744,1356.07
148743,881.73
148742,247.25
148741,32646.09
148740,39230.98
148739,33153.72
148738,1238.61
148737,24281.17
148736,22200.7
148735,40310.49
148734,45568.7
148733,56705.84
148732,48637.6
148731,28665.68
148730,33480.79
148729,35382.57
148728,35083.04
148727,46790.6
148726,62047.42
148725,42465.65
148724,28733.32
148723,27957.46
148722,29026.73
148721,40788.53
148720,47343.84
148719,67861.59
148718,43166.3
148717,24001.44
148716,21646.9
148715,30141.42
148714,26905.9
148713,49315.31
148712,63663.82
148711,51335.32
148710,38881.45
148709,38407.11
148708,38274.82
148707,36151.76
148706,40080.12
148705,55589.37
148704,52467.96
148703,22199.94
148702,23867.66
148701,21300.91
148700,36014.38
148699,36187.98
148698,49455.24
148697,38309.81
148696,49295.15
148695,20674.98
148694,21439.93
148693,28771.36
148692,30960.68
148691,38007.21
148690,39083.04
148689,20009.97
148688,39736.18
148687,34447.17
148686,32027.04
148685,38046.86
148684,56622.97
148683,42151.21
148682,31059.06
148681,28393.55
148680,30247.88
148679,34863.98
148678,44904.68
148677,52475.82
148676,31664.8
148675,17438.72
148674,19504.22
148673,23651.64
148672,25225.01
148671,32665.25
148670,38220.02
148669,38335.23
148668,17378.28
148667,12576.53
148666,11965.82
148665,25094.27
148664,25767.4
148663,38196.69
148662,25312.76
148661,24380.93
