186377,23565.15
186376,37279.36
186375,32492.36
186374,14660.96
186373,15786.71
186372,14505.75
186371,14521.17
186370,615.95
186369,31730.66
186368,23507.81
186367,12899.69
186366,14301.62
186365,13506.29
186364,17637.02
186363,19600.05
186362,42514.95
186361,25235.89
186360,26492.65
186359,17558.71
186358,19999.47
186357,15590.98
186356,17659.31
186355,38899.43
186354,33360.32
186353,13170.12
186352,13694.53
186351,11432.53
186350,11033.71
186349,21677.93
186348,41601.76
186347,29152.53
186346,13848.1
186345,19741.51
186344,18291.08
186343,18690.07
186342,28599.1
186341,45751.58
186340,38365.09
186339,17898.6
186338,22129.05
186337,26359.73
186336,43725.22
186335,49676.11
186334,78940.18
186333,44514.53
186332,32369.29
186331,20493.05
186330,23150.82
186329,14789.48
186328,27945.43
186327,47710.0
186326,33037.51
186325,16908.7
186324,15592.11
186323,20955.1
186322,18697.64
186321,22860.41
186320,40774.5
186319,29113.08
186318,22214.87
186317,16543.83
186316,18210.97
186315,36183.88
186314,35384.76
186313,62105.09
186312,50753.26
186311,26581.84
186310,28403.65
186309,37962.61
186308,24764.06
186307,32265.39
186306,54569.95
186305,40946.56
186304,21779.77
186303,23032.07
186302,32371.36
186301,36085.19
186300,37465.85
186299,60463.62
186298,44955.03
186297,27537.08
186296,33179.81
186295,41433.5
186294,32694.52
186293,50273.11
186292,72936.71
186291,-12.0
186290,21300.25
186289,21421.11
186288,22641.61
186287,22993.8
186286,29323.38
186285,43275.91
186284,34871.52
186283,742.91
186282,17346.26
186281,27937.49
186280,33766.85
186279,40018.16
186278,56231.35
186277,53564.49
186276,19373.56
186275,18966.6
186274,24137.97
186273,27905.09
186272,28546.66
186271,47446.17
186270,35319.43
186269,16971.3
186268,21040.11
186267,19433.26
186266,34836.91
186265,36634.11
186264,57575.27
186263,44702.3
186262,26781.09
186261,25754.61
186260,26034.45
186259,30308.41
186258,579.31
186257,67614.39
186256,44215.2
186255,22953.14
186254,29039.94
186253,29027.45
186252,58869.28
186251,66349.3
186250,114737.2
186249,40651.29
186248,16468.57
186247,24981.54
186246,23310.46
186245,25080.46
186244,34651.06
186243,59111.16
186242,45997.69
186241,29648.77
186240,28120.98
186239,28468.11
186238,29287.83
186237,32648.1
186236,62247.89
186235,55100.33
186234,22545.7
186233,21912.84
186232,24974.43
186231,295.62
186230,37690.45
186229,59169.5
186228,43882.61
186227,49190.37
186226,22805.78
186225,23915.71
186224,27626.63
186223,32074.17
186222,50456.66
186221,48714.63
186220,22809.01
186219,31706.08
186218,29613.97
186217,30377.21
186216,38680.98
186215,61519.54
186214,55757.89
186213,29820.97
186212,37183.85
186211,36120.93
186210,46554.03
186209,55980.95
186208,86381.73
186207,51477.04
186206,20128.6
186205,18519.75
186204,24766.92
186203,24116.05
186202,31257.29
186201,44003.39
186200,45972.64
186199,17096.52
186198,18634.98
186197,23591.71
186196,24256.02
186195,28242.5
186194,43378.44
186193,36784.76
186192,28236.69
