18783,35903.93
18782,45736.3
18781,36306.61
18780,14147.67
18779,16905.81
18778,13481.53
18777,19233.84
18776,836.54
18775,31786.44
18774,22290.7
18773,11556.25
18772,12421.42
18771,11956.58
18770,27322.91
18769,25449.69
18768,43035.79
18767,22584.03
18766,30496.23
18765,16760.17
18764,24308.65
18763,23040.58
18762,18711.11
18761,342.66
18760,6574.44
18759,14233.96
18758,11186.9
18757,17231.78
18756,14101.34
18755,30093.01
18754,55114.96
18753,29623.26
18752,13415.58
18751,16320.21
18750,14051.47
18749,22048.47
18748,20834.47
18747,43027.79
18746,21058.72
18745,18408.98
18744,13923.3
18743,17143.83
18742,44324.18
18741,50613.44
18740,70439.87
18739,41216.76
18738,18152.63
18737,18733.5
18736,32949.91
18735,24368.66
18734,39785.83
18733,51961.95
18732,35657.52
18731,16786.77
18730,16745.39
18729,15889.95
18728,15022.36
18727,27913.58
18726,50856.7
18725,26272.89
18724,28827.47
18723,20819.44
18722,17183.95
18721,42722.71
18720,40593.86
18719,82428.57
18718,53274.16
18717,37033.4
18716,43385.38
18715,52646.36
18714,29539.94
18713,42052.85
18712,65580.57
18711,47792.24
18710,14979.31
18709,15772.84
18708,45417.39
18707,34707.91
18706,46700.83
18705,69604.03
18704,39680.4
18703,30953.2
18702,33847.76
18701,44317.79
18700,36137.74
18699,54604.71
18698,64917.5
18697,20766.06
18696,19741.61
18695,23074.6
18694,26056.69
18693,30477.44
18692,46351.49
18691,29366.56
18690,872.51
18689,15719.02
18688,28923.7
18687,26871.33
18686,37051.16
18685,54080.47
18684,38491.9
18683,22978.54
18682,909.84
18681,928.24
18680,94.35
18679,27278.96
18678,35067.46
18677,28065.38
18676,715.67
18675,16501.59
18674,18285.85
18673,44091.84
18672,45348.57
18671,63138.93
18670,38043.15
18669,28511.39
18668,33071.27
18667,32389.85
18666,29393.21
18665,42995.11
18664,68267.81
18663,37783.44
18662,24867.89
18661,27020.1
18660,25800.14
18659,38166.43
18658,48503.29
18657,63487.75
18656,36758.43
18655,17227.8
18654,20924.41
18653,16065.62
18652,21879.01
18651,46007.92
18650,43649.64
18649,29240.13
18648,28246.88
18647,31670.33
18646,32794.38
18645,32043.35
18644,38095.74
18643,58561.31
18642,47911.41
18641,24026.51
18640,20553.22
18639,24103.28
18638,36258.71
18637,53374.86
18636,51002.15
18635,39239.07
18634,46811.3
18633,28192.52
18632,25235.32
18631,29218.34
18630,36584.23
18629,45277.26
18628,36839.16
18627,25084.71
18626,41265.21
18625,37078.87
18624,40005.53
18623,41864.09
18622,52598.41
18621,40586.28
18620,30186.77
18619,33231.67
18618,32310.96
18617,36510.61
18616,46965.46
18615,41955.31
18614,34322.32
18613,21465.88
18612,20696.43
18611,20711.13
18610,26182.17
18609,41165.76
18608,39006.6
18607,44536.92
18606,20068.66
18605,13757.37
18604,23902.81
18603,27853.19
18602,31777.15
18601,36519.06
18600,27951.2
18599,22130.8
