209495,14386.81
209494,24473.0
209493,22859.65
209492,12266.18
209491,9284.7
209490,13084.46
209489,16337.53
209488,702.45
209487,20499.95
209486,22206.92
209485,9882.0
209484,10731.02
209483,7748.64
209482,15817.03
209481,18378.7
209480,23815.45
209479,16459.37
209478,17391.04
209477,11007.95
209476,13939.51
209475,13100.62
209474,13727.65
209473,21559.4
209472,20034.31
209471,10441.76
209470,10701.96
209469,10745.36
209468,9197.56
209467,17949.74
209466,23681.71
209465,16306.22
209464,16723.07
209463,15595.63
209462,13656.79
209461,19224.78
209460,19359.69
209459,20058.7
209458,20721.51
209457,12333.4
209456,13500.46
209455,17596.93
209454,31697.94
209453,37653.19
209452,49361.4
209451,36640.84
209450,24444.86
209449,18721.12
209448,17375.28
209447,17162.03
209446,27499.88
209445,28674.43
209444,24519.31
209443,13193.69
209442,14259.26
209441,14558.67
209440,15570.14
209439,21901.04
209438,28032.59
209437,19798.14
209436,20523.11
209435,16517.48
209434,16594.06
209433,29801.45
209432,32495.78
209431,42574.13
209430,37267.82
209429,21278.39
209428,27986.08
209427,35628.45
209426,23084.8
209425,21196.61
209424,33895.92
209423,25756.31
209422,15311.61
209421,16124.42
209420,28413.31
209419,22660.43
209418,27164.1
209417,38943.0
209416,27586.75
209415,19534.35
209414,22607.64
209413,25795.68
209412,23049.73
209411,35427.33
209410,51942.93
209409,15710.86
209408,11848.06
209407,13993.54
209406,22020.41
209405,26716.06
209404,30902.87
209403,26296.53
209402,478.68
209401,11389.91
209400,28312.72
209399,24993.29
209398,27585.94
209397,44709.43
209396,38158.3
209395,14809.29
209394,15473.14
209393,14032.19
209392,21930.99
209391,23413.18
209390,32119.79
209389,27569.2
209388,12220.97
209387,11756.39
209386,15916.29
209385,26474.4
209384,32530.31
209383,43577.35
209382,29354.73
209381,16194.87
209380,17989.78
209379,18306.22
209378,18869.71
209377,737.42
209376,45919.13
209375,25199.11
209374,15597.54
209373,21518.39
209372,21319.87
209371,31444.43
209370,39829.38
209369,62472.59
209368,45703.6
209367,20341.55
209366,22926.81
209365,18402.57
209364,20895.77
209363,43852.98
209362,41051.36
209361,35380.62
209360,21711.74
209359,25225.71
209358,24609.95
209357,22604.59
209356,31145.68
209355,41901.18
209354,35295.09
209353,14064.28
209352,14926.32
209351,17459.32
209350,201.09
209349,29848.13
209348,32407.78
209347,30581.69
209346,30346.02
209345,22377.69
209344,19978.48
209343,26573.83
209342,30380.43
209341,32770.19
209340,30598.56
209339,17953.11
209338,31542.43
209337,32217.45
209336,34072.34
209335,34149.87
209334,38583.9
209333,28323.86
209332,19054.61
209331,20744.82
209330,20387.94
209329,27332.14
209328,39305.93
209327,48409.45
209326,41463.22
209325,12633.16
209324,17571.65
209323,15865.53
209322,21440.7
209321,27730.24
209320,24778.01
209319,29741.03
209318,13609.66
209317,10105.07
209316,12971.21
209315,17075.66
209314,24320.91
209313,27577.02
209312,22530.35
209311,16289.43
