17825,32350.82
17824,67584.14
17823,49089.96
17822,16369.84
17821,17648.76
17820,19327.91
17819,20038.67
17818,1906.04
17817,37550.9
17816,26550.6
17815,12376.23
17814,12508.41
17813,7504.17
17812,31961.27
17811,46171.14
17810,62190.86
17809,47701.16
17808,18678.37
17807,16501.3
17806,27037.26
17805,29854.97
17804,30696.29
17803,60205.94
17802,41668.87
17801,15623.22
17800,12504.93
17799,15295.48
17798,16976.65
17797,33940.82
17796,65085.68
17795,33255.57
17794,20044.98
17793,23048.74
17792,21598.31
17791,29387.08
17790,35801.13
17789,57791.87
17788,33960.65
17787,22649.05
17786,15040.22
17785,21728.68
17784,37577.06
17783,59918.22
17782,81182.37
17781,39723.88
17780,54209.95
17779,27058.09
17778,40954.22
17777,38134.28
17776,47007.0
17775,79155.52
17774,51162.83
17773,23765.22
17772,20322.71
17771,23066.62
17770,24695.98
17769,38308.87
17768,73041.06
17767,49653.26
17766,38483.38
17765,25806.68
17764,17615.15
17763,59372.61
17762,63185.16
17761,113300.78
17760,82792.31
17759,49125.67
17758,56406.04
17757,71962.79
17756,34740.94
17755,49689.92
17754,68944.78
17753,55235.98
17752,25398.33
17751,22877.69
17750,51966.89
17749,46190.2
17748,53381.3
17747,108970.34
17746,65413.79
17745,40395.61
17744,41910.81
17743,47078.68
17742,41973.1
17741,67017.5
17740,88323.83
17739,20667.01
17738,18818.71
17737,23075.36
17736,29325.39
17735,33617.49
17734,69020.68
17733,28524.3
17732,35.23
17731,20998.49
17730,45221.99
17729,36206.13
17728,54690.51
17727,100357.67
17726,61993.15
17725,13024.5
17724,148.76
17723,41599.84
17722,68242.7
17721,51878.75
17720,138.79
17719,25576.09
17718,30054.88
17717,68869.75
17716,72865.71
17715,101596.74
17714,60290.04
17713,49647.46
17712,37925.07
17711,47249.41
17710,45706.98
17709,61945.63
17708,78579.78
17707,44677.88
17706,26611.72
17705,30093.09
17704,29916.14
17703,53342.2
17702,70023.16
17701,98231.5
17700,57662.45
17699,19327.08
17698,22175.8
17697,29483.46
17696,27687.39
17695,75066.5
17694,89644.69
17693,66057.88
17692,42888.45
17691,44892.14
17690,46282.61
17689,41567.06
17688,54636.44
17687,65964.8
17686,69893.29
17685,26508.25
17684,30607.58
17683,29987.72
17682,57263.7
17681,76411.62
17680,76987.33
17679,54735.77
17678,61285.39
17677,34123.64
17676,28319.24
17675,35638.7
17674,46604.52
17673,52942.01
17672,59708.14
17671,21470.16
17670,55955.86
17669,46675.52
17668,50482.3
17667,53332.04
17666,85217.13
17665,59561.82
17664,36320.01
17663,45370.1
17662,41827.75
17661,51971.47
17660,68999.42
17659,71841.71
17658,51616.51
17657,26566.33
17656,29549.92
17655,29853.18
17654,42699.72
17653,58156.25
17652,46947.6
17651,46669.99
17650,27595.34
17649,24134.6
17648,28696.57
17647,40161.41
17646,45961.86
17645,48091.77
17644,26770.85
17643,27721.5
