82734,19638.52
82733,27443.79
82732,24506.88
82731,15581.46
82730,8153.53
82729,7995.19
82728,11632.3
82727,271.71
82726,23047.29
82725,22500.3
82724,7641.77
82723,8421.82
82722,9018.99
82721,10755.53
82720,13612.35
82719,30128.86
82718,21738.4
82717,22001.58
82716,10238.83
82715,10294.12
82714,13286.44
82713,14309.81
82712,27899.78
82711,21139.36
82710,8391.0
82709,7864.1
82708,10757.85
82707,8297.64
82706,16822.79
82705,30752.97
82704,18656.2
82703,11980.8
82702,11983.37
82701,11864.88
82700,16384.39
82699,17896.34
82698,25376.25
82697,20399.0
82696,12806.25
82695,11864.85
82694,15101.68
82693,22581.78
82692,31322.94
82691,53353.99
82690,34782.84
82689,25038.22
82688,16534.48
82687,17283.5
82686,12947.65
82685,23912.53
82684,41890.38
82683,27437.56
82682,12278.81
82681,12085.37
82680,12038.6
82679,11693.96
82678,18520.01
82677,32258.36
82676,21300.27
82675,17133.76
82674,12112.52
82673,15217.07
82672,24720.26
82671,28509.28
82670,44260.01
82669,30154.88
82668,17300.4
82667,20891.4
82666,22866.24
82665,14794.24
82664,24532.21
82663,38247.38
82662,28597.98
82661,13872.33
82660,15475.42
82659,26167.71
82658,23093.87
82657,22655.68
82656,45049.03
82655,26590.64
82654,17134.85
82653,21259.34
82652,23673.26
82651,18011.23
82650,30864.36
82649,43749.7
82648,11980.14
82647,9736.36
82646,9978.4
82645,15303.61
82644,19336.66
82643,34174.1
82642,24811.21
82641,12529.04
82640,20881.03
82639,15295.65
82638,25937.97
82637,42255.26
82636,30692.54
82635,12790.29
82634,15.99
82633,16933.7
82632,32112.66
82631,19610.25
82630,59.72
82629,13068.4
82628,11837.81
82627,20171.98
82626,25898.88
82625,39772.23
82624,30529.16
82623,15038.69
82622,17910.18
82621,15734.44
82620,19046.28
82619,23513.82
82618,47147.38
82617,28514.66
82616,12853.04
82615,13616.67
82614,16336.91
82613,21899.55
82612,34774.31
82611,51554.83
82610,35194.29
82609,14104.3
82608,14203.82
82607,14463.16
82606,13010.08
82605,28050.39
82604,42010.38
82603,32234.13
82602,18235.07
82601,18478.83
82600,17545.73
82599,17707.4
82598,25272.44
82597,41315.86
82596,40304.19
82595,13459.99
82594,13800.01
82593,12658.41
82592,18970.26
82591,22189.87
82590,42323.55
82589,27761.07
82588,34634.45
82587,12587.07
82586,14363.57
82585,17973.81
82584,21282.2
82583,32987.01
82582,27098.82
82581,13882.5
82580,18442.87
82579,17092.98
82578,20557.84
82577,27857.2
82576,42418.11
82575,27257.01
82574,16546.1
82573,15968.14
82572,19929.67
82571,20772.57
82570,32971.64
82569,44595.8
82568,34615.9
82567,13703.58
82566,13380.21
82565,13924.75
82564,17073.79
82563,23867.22
82562,27730.42
82561,29608.39
82560,13916.59
82559,9699.63
82558,14556.77
82557,19108.06
82556,21876.18
82555,32526.18
82554,21907.06
82553,21931.41
