13412,39478.12
13411,59799.52
13410,31032.41
13409,15059.45
13408,17638.6
13407,15024.54
13406,17398.12
13405,1222.05
13404,41155.57
13403,17474.4
13402,12959.72
13401,10522.61
13400,14294.62
13399,22063.3
13398,30478.15
13397,48284.89
13396,25157.52
13395,28788.07
13394,15133.47
13393,12031.58
13392,18530.9
13391,20048.0
13390,47117.2
13389,29323.34
13388,15926.46
13387,10565.54
13386,15557.52
13385,18407.77
13384,29857.56
13383,39076.54
13382,25258.53
13381,17358.77
13380,13354.91
13379,15120.61
13378,18928.68
13377,26895.84
13376,47962.87
13375,21794.23
13374,10096.54
13373,10901.56
13372,20883.36
13371,41945.54
13370,50273.47
13369,77684.6
13368,24186.01
13367,30937.77
13366,22663.0
13365,29406.62
13364,18832.69
13363,38601.39
13362,66545.98
13361,38909.96
13360,17780.96
13359,19753.46
13358,10228.79
13357,18405.39
13356,30865.33
13355,61936.94
13354,28212.89
13353,27517.98
13352,12741.63
13351,17826.58
13350,35806.9
13349,54673.68
13348,93488.01
13347,51616.33
13346,32343.23
13345,34919.27
13344,47302.4
13343,28077.92
13342,42861.88
13341,67766.89
13340,45030.84
13339,17085.07
13338,20320.52
13337,43841.22
13336,33646.6
13335,47338.81
13334,76596.45
13333,51374.65
13332,34506.1
13331,38907.42
13330,42633.72
13329,33825.29
13328,62817.09
13327,68689.25
13326,20407.2
13325,19720.7
13324,18931.78
13323,22055.11
13322,37329.95
13321,47241.89
13320,24836.85
13319,557.29
13318,17841.88
13317,27911.01
13316,29794.85
13315,42904.65
13314,67288.53
13313,41838.11
13312,16455.68
13311,414.79
13310,466.22
13309,56.77
13308,33720.35
13307,45164.37
13306,34914.34
13305,624.61
13304,18668.09
13303,23819.73
13302,42038.8
13301,50262.82
13300,68610.61
13299,41768.23
13298,29452.83
13297,26139.69
13296,33631.51
13295,30794.28
13294,43816.98
13293,81282.2
13292,40295.67
13291,24813.72
13290,26172.05
13289,28752.6
13288,36919.2
13287,45064.32
13286,67357.91
13285,37927.33
13284,20940.22
13283,19523.58
13282,18530.05
13281,20116.47
13280,43059.79
13279,72109.48
13278,38379.66
13277,25813.61
13276,33581.59
13275,30787.75
13274,32869.22
13273,47957.6
13272,60863.35
13271,40124.32
13270,20553.13
13269,23007.25
13268,23534.73
13267,33732.13
13266,49220.73
13265,51793.5
13264,32819.77
13263,46077.01
13262,22781.31
13261,28739.71
13260,29752.51
13259,35762.64
13258,55838.33
13257,34275.65
13256,21939.59
13255,40627.87
13254,38258.28
13253,37306.14
13252,44763.1
13251,60740.59
13250,42512.48
13249,33469.64
13248,33838.0
13247,36232.22
13246,41923.4
13245,51690.74
13244,53592.04
13243,35943.21
13242,18077.83
13241,20687.75
13240,22332.41
13239,25758.51
13238,38283.94
13237,41455.2
13236,36568.23
13235,20721.9
13234,16575.49
13233,19998.89
13232,28232.24
13231,31071.11
13230,33907.95
13229,30211.5
13228,23486.34
