81197,34655.92
81196,61397.78
81195,46298.7
81194,17152.71
81193,15438.64
81192,18225.62
81191,16259.42
81190,1255.32
81189,37623.65
81188,22418.93
81187,14497.61
81186,15925.27
81185,15005.52
81184,30548.23
81183,37669.05
81182,59425.42
81181,25366.61
81180,37420.81
81179,22398.87
81178,22939.05
81177,27536.75
81176,23275.95
81175,66116.47
81174,37808.69
81173,11826.03
81172,12955.84
81171,16659.71
81170,15700.75
81169,39410.5
81168,58491.98
81167,39720.49
81166,17795.71
81165,8381.19
81164,10586.35
81163,20306.17
81162,34458.99
81161,62867.38
81160,27831.97
81159,13085.49
81158,16720.19
81157,25759.56
81156,55249.9
81155,58362.11
81154,99633.32
81153,36703.97
81152,42158.31
81151,29889.27
81150,36251.34
81149,25277.61
81148,52780.9
81147,91117.6
81146,55592.85
81145,18117.96
81144,20281.11
81143,25506.51
81142,24325.25
81141,52847.49
81140,68107.77
81139,44779.06
81138,31820.77
81137,14383.29
81136,22867.87
81135,54840.57
81134,66696.32
81133,118111.0
81132,76869.7
81131,39233.06
81130,49026.09
81129,66986.03
81128,36300.5
81127,37811.25
81126,71012.79
81125,53320.68
81124,23789.98
81123,21427.8
81122,52431.68
81121,44925.64
81120,52335.5
81119,73962.37
81118,51670.18
81117,31921.37
81116,33635.4
81115,36909.32
81114,30949.39
81113,61330.57
81112,75410.47
81111,28077.06
81110,20812.44
81109,22577.22
81108,26362.97
81107,36643.97
81106,63222.09
81105,34842.71
81104,1190.64
81103,18151.99
81102,37959.87
81101,33598.35
81100,44471.99
81099,81600.04
81098,56008.8
81097,21281.26
81096,1212.59
81095,473.08
81094,315.79
81093,36213.92
81092,54354.9
81091,40350.97
81090,1367.18
81089,21737.16
81088,26506.03
81087,57882.78
81086,60574.52
81085,83319.75
81084,60703.81
81083,36386.83
81082,34032.09
81081,38384.42
81080,41440.73
81079,52282.94
81078,89208.95
81077,43389.96
81076,24978.06
81075,25434.57
81074,26558.84
81073,40509.34
81072,51238.99
81071,75582.61
81070,46757.71
81069,23295.04
81068,25880.91
81067,26087.69
81066,23711.64
81065,55065.98
81064,77239.75
81063,51799.46
81062,36348.27
81061,39218.73
81060,39584.34
81059,40275.7
81058,51705.3
81057,70371.91
81056,60332.81
81055,27206.88
81054,28248.88
81053,33740.54
81052,38878.44
81051,50343.33
81050,68204.04
81049,48657.11
81048,49151.31
81047,29205.72
81046,29526.68
81045,34437.16
81044,41531.93
81043,56599.39
81042,42653.31
81041,23938.74
81040,51062.01
81039,56569.23
81038,49352.28
81037,60721.08
81036,78035.94
81035,65935.96
81034,41729.67
81033,41957.06
81032,45803.67
81031,44550.12
81030,62522.98
81029,66747.37
81028,51562.01
81027,27852.36
81026,25476.24
81025,24457.25
81024,32803.57
81023,45666.94
81022,45841.72
81021,44991.28
81020,23083.38
81019,16622.93
81018,23242.36
81017,29913.51
81016,32018.43
81015,34563.69
81014,26844.37
81013,21600.38
