168982,28674.99
168981,51808.18
168980,42255.5
168979,16166.4
168978,15160.18
168977,16863.19
168976,19111.02
168975,1433.35
168974,37024.97
168973,18104.36
168972,12025.8
168971,7994.97
168970,11832.45
168969,24175.73
168968,25838.28
168967,41612.49
168966,23402.14
168965,28530.13
168964,19328.23
168963,13419.14
168962,18532.68
168961,20448.2
168960,39105.68
168959,28540.62
168958,13020.74
168957,13167.13
168956,14106.08
168955,17614.97
168954,33077.14
168953,45116.73
168952,30301.67
168951,18221.99
168950,19769.21
168949,20829.49
168948,23102.94
168947,33811.26
168946,45011.19
168945,25853.0
168944,15284.84
168943,18391.23
168942,23662.47
168941,44211.33
168940,58585.75
168939,83011.21
168938,44727.87
168937,31572.62
168936,24563.53
168935,30392.81
168934,26102.13
168933,42072.04
168932,64324.73
168931,43311.46
168930,22186.19
168929,20836.8
168928,21775.85
168927,18843.27
168926,31775.71
168925,54243.69
168924,32828.69
168923,28928.54
168922,19681.25
168921,21694.69
168920,41425.31
168919,49951.96
168918,73311.82
168917,57513.23
168916,37877.31
168915,40738.26
168914,48280.25
168913,29577.5
168912,48014.48
168911,62845.32
168910,45208.09
168909,22789.09
168908,23835.49
168907,45496.02
168906,33435.73
168905,48858.49
168904,77538.39
168903,52422.29
168902,30342.56
168901,39715.99
168900,41249.19
168899,36929.0
168898,67991.96
168897,84229.28
168896,23324.22
168895,21327.76
168894,23426.65
168893,21814.4
168892,38897.59
168891,35920.45
168890,36863.76
168889,17526.54
168888,18991.63
168887,36086.43
168886,33653.02
168885,45058.57
168884,61562.35
168883,53222.1
168882,1464.98
168881,21459.86
168880,20004.9
168879,25857.32
168878,37653.44
168877,53824.33
168876,37822.87
168875,26774.46
168874,20337.14
168873,25396.7
168872,47506.29
168871,57089.53
168870,73721.09
168869,45668.55
168868,30636.35
168867,32308.44
168866,35498.35
168865,33444.61
168864,1206.36
168863,71048.55
168862,44009.71
168861,28824.05
168860,28879.07
168859,34393.03
168858,44750.8
168857,52679.48
168856,76008.02
168855,44623.02
168854,21433.89
168853,23673.24
168852,24626.56
168851,31301.92
168850,56157.76
168849,64115.25
168848,46390.4
168847,32581.58
168846,32666.66
168845,36322.33
168844,27909.16
168843,43219.27
168842,63927.46
168841,47126.62
168840,24022.94
168839,26473.5
168838,27026.0
168837,479.96
168836,60790.09
168835,67567.15
168834,52737.1
168833,46351.13
168832,30170.49
168831,28763.29
168830,42239.64
168829,44234.81
168828,56757.6
168827,42958.77
168826,25566.68
168825,46318.5
168824,40714.49
168823,40758.7
168822,58592.38
168821,67270.02
168820,45189.97
168819,32500.59
168818,35480.6
168817,39199.4
168816,45396.0
168815,57406.45
168814,63201.26
168813,45511.96
168812,25685.51
168811,26303.31
168810,23013.34
168809,33304.37
168808,45849.83
168807,47197.59
168806,44946.24
168805,22560.19
168804,19047.57
168803,24685.51
168802,31161.65
168801,39259.88
168800,45780.86
168799,28750.4
168798,29795.89
