175480,34151.89
175479,44161.81
175478,31363.35
175477,14905.39
175476,12641.36
175475,12186.64
175474,11149.17
175473,541.43
175472,30094.53
175471,17134.29
175470,8441.82
175469,13796.63
175468,11731.36
175467,18960.49
175466,21464.43
175465,31254.46
175464,22154.67
175463,22241.62
175462,16594.28
175461,13045.77
175460,15448.31
175459,16764.76
175458,35652.45
175457,18868.45
175456,11899.99
175455,10395.58
175454,13922.77
175453,12946.76
175452,20024.87
175451,31512.87
175450,22241.08
175449,12650.13
175448,15123.51
175447,12688.04
175446,16645.43
175445,23080.27
175444,37915.74
175443,15789.76
175442,14539.7
175441,14930.93
175440,18709.44
175439,30609.74
175438,36944.01
175437,68795.04
175436,33649.41
175435,27879.0
175434,17433.56
175433,22792.39
175432,20157.45
175431,28732.4
175430,47326.26
175429,24295.4
175428,13666.67
175427,15145.07
175426,18284.56
175425,15392.42
175424,26185.48
175423,44596.0
175422,24422.31
175421,19381.26
175420,17300.57
175419,16178.15
175418,33995.71
175417,40362.78
175416,51446.76
175415,33040.77
175414,30267.41
175413,26860.26
175412,26712.72
175411,31422.9
175410,37896.89
175409,51720.5
175408,29763.92
175407,19901.34
175406,21072.31
175405,34419.03
175404,29599.92
175403,40470.88
175402,62375.01
175401,36562.39
175400,20633.78
175399,24483.42
175398,29711.46
175397,29490.03
175396,60291.18
175395,75183.43
175394,16209.59
175393,15364.14
175392,16541.47
175391,16509.59
175390,26123.81
175389,39695.63
175388,20500.82
175387,605.12
175386,13679.56
175385,25218.46
175384,29941.1
175383,39322.77
175382,58918.53
175381,30997.6
175380,12781.34
175379,592.74
175378,309.89
175377,141.29
175376,27307.66
175375,43891.39
175374,23330.07
175373,670.23
175372,12882.43
175371,16701.23
175370,27679.04
175369,35470.02
175368,46581.57
175367,28923.5
175366,20189.6
175365,21656.83
175364,24623.25
175363,24507.29
175362,26489.3
175361,62517.03
175360,34181.25
175359,19247.8
175358,21248.24
175357,22284.54
175356,31142.85
175355,44383.13
175354,61824.63
175353,31309.71
175352,16723.93
175351,18449.47
175350,24612.31
175349,22877.02
175348,39906.43
175347,50620.72
175346,35590.35
175345,22465.15
175344,27797.76
175343,24696.91
175342,21429.99
175341,35595.38
175340,56964.45
175339,41733.98
175338,21317.94
175337,20919.3
175336,22327.85
175335,22797.07
175334,32460.04
175333,51281.51
175332,34025.54
175331,39438.65
175330,17306.38
175329,21394.98
175328,20225.23
175327,29481.46
175326,51632.89
175325,24934.77
175324,22234.35
175323,30951.65
175322,27088.16
175321,31532.74
175320,41241.16
175319,49343.1
175318,27356.0
175317,27333.96
175316,28255.39
175315,24337.33
175314,31251.36
175313,37487.52
175312,50865.44
175311,27970.88
175310,19940.07
175309,19274.62
175308,20741.91
175307,22667.27
175306,35806.03
175305,36347.66
175304,31900.05
175303,18827.28
175302,16382.44
175301,18780.89
175300,24026.15
175299,29405.93
175298,38963.99
175297,23462.03
175296,21696.42
