575,29126.54
574,56238.43
573,47846.56
572,11259.83
571,13331.64
570,15111.99
569,14934.24
568,1509.86
567,37648.1
566,17419.26
565,10935.35
564,12086.59
563,15063.1
562,29345.91
561,33965.9
560,51399.07
559,41469.57
558,38230.34
557,21209.81
556,26475.62
555,22295.29
554,26631.64
553,51621.3
552,43981.3
551,13204.88
550,12911.96
549,16438.19
548,12582.09
547,31814.56
546,50301.63
545,39677.54
544,17686.99
543,22807.08
542,23200.01
541,23895.55
540,30830.03
539,55730.46
538,36866.34
537,22645.23
536,20925.24
535,21322.32
534,55045.61
533,61903.42
532,95384.43
531,65229.83
530,48651.64
529,37141.28
528,39060.68
527,31652.86
526,51365.97
525,62837.54
524,61731.41
523,24392.44
522,21542.04
521,9621.76
520,13802.21
519,35212.68
518,60361.44
517,40037.34
516,34482.84
515,13434.25
514,19284.02
513,41561.38
512,54761.25
511,81997.36
510,70225.03
509,45046.15
508,48846.94
507,69763.79
506,36113.22
505,45827.51
504,80218.2
503,53375.18
502,20962.35
501,24026.2
500,47606.94
499,39998.51
498,54069.19
497,103777.15
496,71892.98
495,41991.84
494,41666.92
493,58435.73
492,35724.18
491,83857.43
490,96951.96
489,29833.07
488,26924.61
487,30997.63
486,31623.8
485,34432.39
484,53125.23
483,39681.14
482,18830.22
481,21476.87
480,35602.07
479,36175.43
478,36712.08
477,66110.3
476,45430.91
475,2305.22
474,22580.81
473,23958.49
472,27348.29
471,32018.41
470,61120.24
469,42674.32
468,29936.79
467,25125.67
466,27738.62
465,53129.99
464,56925.67
463,96776.64
462,65791.5
461,36362.78
460,40742.57
459,49397.96
458,43984.8
457,1933.42
456,96402.59
455,48910.95
454,23919.33
453,31194.25
452,37260.54
451,50094.07
450,55977.6
449,83807.16
448,50513.93
447,22522.66
446,25580.44
445,27750.37
444,21670.72
443,64278.22
442,86969.85
441,65366.73
440,37554.43
439,39417.46
438,47362.16
437,39540.99
436,55878.47
435,76518.11
434,69515.54
433,29017.49
432,28614.19
431,36139.22
430,637.3
429,61980.63
428,72983.96
427,63226.68
426,59704.43
425,30803.35
424,29864.09
423,45053.84
422,50148.71
421,61553.0
420,63264.36
419,22525.2
418,51862.29
417,52385.35
416,48611.63
415,57581.58
414,86278.66
413,70278.92
412,43670.88
411,46743.16
410,44767.88
409,51675.1
408,69439.47
407,81942.73
406,67320.19
405,29300.97
404,33750.11
403,35378.3
402,34682.84
401,48578.22
400,54883.5
399,64773.15
398,26996.52
397,21698.14
396,28460.31
395,36551.42
394,40746.94
393,45410.56
392,39342.14
391,29929.51
