86771,45339.4
86770,73749.2
86769,60572.42
86768,22247.06
86767,25802.69
86766,29216.2
86765,27511.46
86764,1657.91
86763,57223.48
86762,36163.72
86761,23515.43
86760,24070.26
86759,26807.76
86758,41393.58
86757,45077.75
86756,54881.79
86755,60508.81
86754,48687.12
86753,29717.99
86752,36934.47
86751,32760.79
86750,33189.61
86749,47473.71
86748,35102.65
86747,26583.8
86746,28036.18
86745,28761.42
86744,27583.92
86743,44770.04
86742,72099.4
86741,52304.26
86740,28528.35
86739,30429.2
86738,33558.5
86737,34170.52
86736,11084.0
86735,60038.18
86734,49686.97
86733,7954.88
86732,26118.42
86731,31357.76
86730,62539.57
86729,65060.49
86728,100188.85
86727,53269.82
86726,72472.86
86725,37376.09
86724,48682.57
86723,36726.72
86722,53330.65
86721,88624.57
86720,67631.14
86719,30949.71
86718,31432.41
86717,33856.45
86716,30145.58
86715,50883.29
86714,82815.36
86713,53663.15
86712,42923.45
86711,34064.14
86710,35947.59
86709,63955.75
86708,66584.73
86707,114440.43
86706,96895.14
86705,56669.62
86704,65816.12
86703,80596.59
86702,42666.24
86701,58526.1
86700,93474.48
86699,74791.86
86698,34304.71
86697,31958.09
86696,60477.9
86695,52747.23
86694,65185.09
86693,114720.49
86692,81924.89
86691,35992.33
86690,58009.57
86689,66871.81
86688,57349.5
86687,90229.47
86686,129396.13
86685,28063.9
86684,32192.53
86683,36634.72
86682,44676.63
86681,45960.82
86680,80616.52
86679,52522.36
86678,792.24
86677,33224.33
86676,56642.69
86675,50680.78
86674,62057.64
86673,112792.75
86672,100586.77
86671,34188.6
86670,2362.5
86669,967.2
86668,307.52
86667,58529.63
86666,90881.86
86665,70225.33
86664,1420.16
86663,35035.26
86662,42287.53
86661,72290.25
86660,81934.53
86659,116852.43
86658,83924.16
86657,49755.72
86656,48973.33
86655,64233.4
86654,58478.84
86653,81686.25
86652,108407.71
86651,73726.66
86650,40974.9
86649,46620.15
86648,52965.14
86647,65530.58
86646,77897.32
86645,114234.64
86644,74536.21
86643,35053.37
86642,43920.69
86641,50974.1
86640,55782.22
86639,84696.35
86638,112468.19
86637,99706.99
86636,62418.28
86635,64467.58
86634,71876.19
86633,63015.57
86632,81549.06
86631,100350.24
86630,104543.33
86629,53607.37
86628,51449.47
86627,58084.07
86626,78731.76
86625,81945.21
86624,109493.61
86623,88866.09
86622,102203.11
86621,47714.78
86620,51803.97
86619,57513.9
86618,66239.57
86617,80038.32
86616,84886.51
86615,45541.91
86614,76624.29
86613,77148.13
86612,74708.29
86611,77500.37
86610,104328.09
86609,93494.64
86608,63992.83
86607,63246.15
86606,64539.26
86605,79203.08
86604,89333.41
86603,111304.1
86602,78161.73
86601,50533.58
86600,52184.02
86599,62376.69
86598,55199.56
86597,75732.8
86596,68450.1
86595,74965.75
86594,46937.98
86593,40085.68
86592,56472.03
86591,53115.35
86590,64135.07
86589,66338.89
86588,51720.97
86587,33262.36
