68358,37585.76
68357,78743.16
68356,64875.12
68355,23117.21
68354,23487.44
68353,20638.61
68352,23937.42
68351,2327.36
68350,45346.79
68349,36908.49
68348,18247.08
68347,17679.5
68346,18430.58
68345,36469.18
68344,51240.31
68343,74013.97
68342,53836.59
68341,46628.81
68340,32396.71
68339,34945.3
68338,42325.22
68337,39982.49
68336,1025.33
68335,19599.01
68334,17413.77
68333,20809.88
68332,22325.01
68331,20533.24
68330,38508.82
68329,73741.42
68328,43488.67
68327,19005.2
68326,21702.76
68325,20420.81
68324,34354.99
68323,37157.92
68322,63351.33
68321,40252.66
68320,24392.86
68319,18355.36
68318,28101.06
68317,60630.56
68316,80639.18
68315,104166.22
68314,66136.28
68313,45725.62
68312,25105.61
68311,46365.36
68310,33770.08
68309,56514.97
68308,87049.05
68307,62332.72
68306,24949.71
68305,16282.32
68304,19496.04
68303,26451.11
68302,47822.04
68301,70592.03
68300,51878.48
68299,34714.62
68298,30355.12
68297,23621.58
68296,71435.86
68295,75172.54
68294,130726.42
68293,100481.49
68292,64761.49
68291,67333.02
68290,91083.28
68289,51288.83
68288,60346.8
68287,102531.31
68286,77946.89
68285,23071.55
68284,28177.17
68283,62172.58
68282,53338.02
68281,69985.66
68280,115143.93
68279,80815.66
68278,51292.41
68277,55775.11
68276,71915.13
68275,61859.85
68274,92417.19
68273,115874.49
68272,-17.61
68271,35623.87
68270,24369.95
68269,29502.04
68268,34939.0
68267,44852.97
68266,74350.7
68265,51580.77
68264,18495.52
68263,23214.4
68262,42537.68
68261,39835.96
68260,58024.49
68259,75144.73
68258,69977.71
68257,2323.76
68256,24504.4
68255,30393.59
68254,32546.75
68253,46357.48
68252,68253.09
68251,56331.64
68250,30692.57
68249,31177.39
68248,33677.72
68247,65547.45
68246,87274.32
68245,124567.54
68244,93276.15
68243,48481.16
68242,53448.85
68241,53194.34
68240,52219.4
68239,2563.01
68238,102096.41
68237,66134.35
68236,36139.87
68235,40840.13
68234,40469.93
68233,61626.84
68232,76395.05
68231,119809.5
68230,75796.21
68229,27963.82
68228,28944.6
68227,29562.96
68226,31489.11
68225,80679.59
68224,101753.77
68223,78456.31
68222,46897.88
68221,51335.27
68220,55570.79
68219,52440.91
68218,60517.15
68217,106936.9
68216,88131.34
68215,33485.44
68214,38511.75
68213,41567.03
68212,1459.57
68211,79269.95
68210,103563.67
68209,78604.93
68208,98454.51
68207,36842.77
68206,37463.3
68205,50156.87
68204,61981.18
68203,80001.95
68202,75242.23
68201,32404.28
68200,66550.04
68199,65649.94
68198,65181.16
68197,73897.05
68196,95956.23
68195,79149.23
68194,53319.98
68193,49525.82
68192,52136.85
68191,67166.09
68190,88735.19
68189,86436.43
68188,69840.45
68187,35090.84
68186,38780.41
68185,35124.16
68184,49438.48
68183,59201.16
68182,54822.43
68181,64623.78
68180,36558.69
68179,27464.61
68178,36619.23
68177,39304.33
68176,51077.77
68175,53189.35
68174,42306.7
68173,38236.98
