203263,22716.17
203262,32329.15
203261,41423.71
203260,16712.07
203259,13518.35
203258,13341.5
203257,21034.64
203256,787.9
203255,33014.0
203254,22904.25
203253,12702.19
203252,10777.25
203251,12264.6
203250,22789.19
203249,22326.42
203248,29913.27
203247,27602.67
203246,22347.22
203245,20929.73
203244,16446.74
203243,16624.92
203242,19713.16
203241,31454.65
203240,23788.62
203239,13429.2
203238,13537.89
203237,16342.21
203236,14565.43
203235,27588.97
203234,33902.55
203233,23720.37
203232,17391.73
203231,17956.19
203230,19306.65
203229,17683.13
203228,27297.8
203227,32416.42
203226,23991.66
203225,14849.51
203224,17514.96
203223,21559.67
203222,36201.77
203221,41683.58
203220,56940.7
203219,36277.63
203218,30208.88
203217,26269.6
203216,26477.93
203215,18164.99
203214,31308.57
203213,39303.29
203212,33478.99
203211,17765.29
203210,17206.8
203209,16580.58
203208,14026.05
203207,28739.74
203206,39274.0
203205,25090.37
203204,21819.32
203203,19708.64
203202,15833.37
203201,34289.89
203200,34648.85
203199,52822.68
203198,45758.35
203197,22260.42
203196,32742.24
203195,46613.7
203194,22334.72
203193,25590.65
203192,40038.49
203191,39007.96
203190,17427.05
203189,24023.39
203188,36347.78
203187,29136.67
203186,38587.4
203185,51718.48
203184,33509.6
203183,24290.84
203182,31973.8
203181,40207.52
203180,31177.03
203179,41970.63
203178,60159.49
203177,18010.58
203176,18526.31
203175,22379.09
203174,21769.88
203173,25585.32
203172,37510.25
203171,28575.9
203170,425.78
203169,17384.93
203168,26332.99
203167,27375.12
203166,35852.31
203165,42886.63
203164,49410.65
203163,18914.3
203162,16422.12
203161,19074.68
203160,20823.4
203159,23981.52
203158,32737.21
203157,37113.21
203156,15685.72
203155,16888.58
203154,22107.97
203153,34429.04
203152,36173.41
203151,50955.77
203150,41483.28
203149,27179.17
203148,24197.14
203147,30190.88
203146,29125.75
203145,487.26
203144,55337.7
203143,36770.17
203142,21861.03
203141,26904.52
203140,23625.59
203139,37169.35
203138,41078.77
203137,63661.95
203136,39569.56
203135,17493.17
203134,17849.95
203133,22997.35
203132,21448.38
203131,37977.99
203130,50275.48
203129,40224.14
203128,28157.94
203127,25744.31
203126,33298.64
203125,28397.22
203124,37614.96
203123,47309.41
203122,42665.49
203121,19369.91
203120,20168.67
203119,18728.89
203118,227.58
203117,32195.97
203116,39886.08
203115,39001.78
203114,47672.83
203113,16447.82
203112,21868.4
203111,26203.92
203110,24710.63
203109,36564.61
203108,37754.11
203107,21921.15
203106,39071.74
203105,30782.2
203104,29653.81
203103,38343.03
203102,51659.26
203101,42663.17
203100,29920.99
203099,32086.92
203098,30735.37
203097,37105.26
203096,45132.14
203095,51885.1
203094,43581.71
203093,24778.95
203092,29271.05
203091,25913.67
203090,30749.01
203089,34643.32
203088,30469.52
203087,40033.78
203086,19026.25
203085,17919.37
203084,23349.53
203083,26813.26
203082,28498.23
203081,37521.75
203080,34864.99
203079,14190.93
