174332,25930.77
174331,41732.36
174330,32608.02
174329,13684.09
174328,13486.04
174327,11782.24
174326,12910.07
174325,252.14
174324,34289.47
174323,17103.5
174322,11225.29
174321,8735.69
174320,11038.21
174319,20186.34
174318,21246.91
174317,34586.01
174316,25514.29
174315,25281.78
174314,16455.05
174313,12385.42
174312,16221.96
174311,18910.7
174310,42096.44
174309,26619.71
174308,11102.1
174307,12176.57
174306,12510.94
174305,13140.65
174304,28655.23
174303,38871.8
174302,21558.66
174301,11915.09
174300,13493.14
174299,15677.53
174298,18016.03
174297,22076.67
174296,37390.86
174295,21856.27
174294,11500.91
174293,15079.89
174292,18232.78
174291,30790.36
174290,40672.44
174289,66045.91
174288,28822.59
174287,26688.75
174286,21084.77
174285,24632.22
174284,18953.25
174283,31704.25
174282,52737.54
174281,37280.39
174280,14905.13
174279,14626.35
174278,12512.34
174277,16218.73
174276,22409.14
174275,45175.43
174274,30091.58
174273,24226.81
174272,13572.33
174271,18727.38
174270,29666.76
174269,34898.32
174268,68850.96
174267,49033.37
174266,27229.08
174265,34150.57
174264,41888.41
174263,21671.5
174262,31654.24
174261,58866.8
174260,41253.87
174259,17010.12
174258,20049.86
174257,34476.39
174256,28490.03
174255,42986.42
174254,71913.17
174253,51264.19
174252,27069.99
174251,32511.45
174250,38935.45
174249,28679.06
174248,47873.45
174247,69694.12
174246,19424.49
174245,21285.54
174244,20466.6
174243,24682.78
174242,31494.02
174241,36105.92
174240,31872.91
174239,460.89
174238,17538.49
174237,22263.31
174236,25418.07
174235,31829.24
174234,49032.71
174233,40779.76
174232,10391.32
174231,17617.59
174230,15180.45
174229,20820.88
174228,28581.38
174227,41627.24
174226,39109.52
174225,20078.45
174224,20551.31
174223,20277.65
174222,35446.72
174221,39535.34
174220,57728.38
174219,43713.62
174218,24317.93
174217,26295.19
174216,28670.97
174215,23977.93
174214,1125.73
174213,62351.74
174212,32298.26
174211,20304.17
174210,23164.01
174209,21268.94
174208,34088.21
174207,38729.66
174206,55291.38
174205,39850.87
174204,14667.45
174203,20050.62
174202,19728.32
174201,20678.24
174200,40163.35
174199,50535.81
174198,49058.66
174197,24077.38
174196,25562.08
174195,27813.04
174194,22318.9
174193,35382.53
174192,49410.89
174191,48075.33
174190,21576.46
174189,21534.59
174188,27922.48
174187,378.08
174186,45308.02
174185,54141.15
174184,30046.4
174183,49698.54
174182,22927.63
174181,24586.08
174180,28591.53
174179,33835.64
174178,42610.45
174177,37781.1
174176,22514.56
174175,35230.5
174174,34931.98
174173,30953.75
174172,40609.1
174171,51996.56
174170,39990.21
174169,24574.97
174168,22815.77
174167,29591.98
174166,34663.08
174165,48773.53
174164,51413.63
174163,39274.81
174162,20616.81
174161,23150.86
174160,25582.4
174159,22389.96
174158,32001.08
174157,38670.74
174156,39976.5
174155,19467.25
174154,14491.2
174153,21738.26
174152,24359.16
174151,30168.4
174150,28675.01
174149,26643.32
174148,19778.41
