53522,35853.89
53521,50619.13
53520,43941.67
53519,14111.02
53518,18137.63
53517,17348.33
53516,19984.91
53515,1196.67
53514,37666.93
53513,26234.79
53512,12508.64
53511,16212.23
53510,16834.63
53509,21222.47
53508,30349.54
53507,50442.23
53506,25402.89
53505,38775.88
53504,20341.08
53503,24281.33
53502,27646.13
53501,4042.4
53500,108.64
53499,139.07
53498,10125.4
53497,11828.54
53496,13668.3
53495,13396.56
53494,25246.39
53493,47601.56
53492,29997.07
53491,15810.65
53490,17893.1
53489,16611.3
53488,19356.79
53487,25432.25
53486,47503.93
53485,24620.21
53484,15679.52
53483,19532.2
53482,22044.35
53481,43398.85
53480,50250.71
53479,92927.43
53478,48178.14
53477,10769.34
53476,18933.48
53475,24837.0
53474,22975.48
53473,35604.02
53472,60700.11
53471,38743.52
53470,16617.51
53469,16367.88
53468,15998.14
53467,19208.05
53466,29619.39
53465,52147.83
53464,29382.56
53463,25007.74
53462,20594.53
53461,16767.91
53460,41364.53
53459,35399.31
53458,87940.48
53457,58726.44
53456,29775.03
53455,40436.61
53454,55584.65
53453,30930.63
53452,38203.0
53451,66682.17
53450,51106.93
53449,16878.82
53448,20129.13
53447,46290.89
53446,37212.9
53445,44220.88
53444,76155.4
53443,51460.1
53442,33297.33
53441,33566.44
53440,49439.14
53439,36179.49
53438,56773.71
53437,79808.06
53436,-7.37
53435,22573.01
53434,24246.36
53433,20299.23
53432,29404.63
53431,33584.56
53430,49507.98
53429,35135.44
53428,14882.37
53427,17282.52
53426,30691.84
53425,28021.57
53424,41781.02
53423,61074.21
53422,46491.35
53421,1846.07
53420,15886.5
53419,19879.5
53418,22631.83
53417,28234.47
53416,43100.72
53415,34498.32
53414,19853.68
53413,17904.68
53412,17891.03
53411,38756.57
53410,43767.62
53409,69395.05
53408,51070.71
53407,29400.75
53406,26441.73
53405,29742.5
53404,30511.48
53403,1424.4
53402,64764.43
53401,45229.45
53400,24763.9
53399,27804.39
53398,24095.38
53397,36042.3
53396,49931.71
53395,79767.1
53394,43731.21
53393,20489.8
53392,20788.67
53391,19710.51
53390,19894.99
53389,44615.84
53388,60570.3
53387,48050.96
53386,27040.17
53385,26691.41
53384,36039.61
53383,30328.29
53382,40993.51
53381,61971.18
53380,48133.72
53379,17534.53
53378,19468.78
53377,22753.96
53376,599.08
53375,49016.49
53374,58354.75
53373,39649.93
53372,56101.99
53371,19113.0
53370,21124.41
53369,28474.06
53368,31743.7
53367,49725.58
53366,37403.2
53365,20461.15
53364,40609.19
53363,34596.87
53362,45359.92
53361,44636.47
53360,59562.48
53359,46242.65
53358,30550.76
53357,34276.14
53356,34994.59
53355,37530.11
53354,51032.14
53353,61132.09
53352,48421.92
53351,19718.12
53350,18088.44
53349,24469.33
53348,20803.25
53347,34559.77
53346,41645.45
53345,41582.75
53344,19725.75
53343,15783.85
53342,15395.12
53341,24315.2
53340,30774.01
53339,35943.54
53338,29397.09
53337,29881.64
