190599,18817.37
190598,30519.53
190597,24973.97
190596,11913.61
190595,11809.1
190594,8956.99
190593,10753.34
190592,644.3
190591,23641.66
190590,16629.9
190589,10345.97
190588,9231.07
190587,10390.51
190586,14028.58
190585,16356.31
190584,24570.31
190583,25186.97
190582,20158.48
190581,10662.3
190580,14512.78
190579,12704.12
190578,13073.93
190577,27603.38
190576,17978.35
190575,9536.93
190574,8933.81
190573,12721.8
190572,13153.8
190571,20571.16
190570,28619.14
190569,18650.95
190568,13487.62
190567,12320.53
190566,16763.37
190565,13873.65
190564,19598.7
190563,26149.55
190562,18527.18
190561,14034.82
190560,16244.67
190559,15728.72
190558,26658.39
190557,28372.05
190556,47949.6
190555,28337.11
190554,25131.07
190553,18216.54
190552,18606.03
190551,17521.75
190550,28568.03
190549,40569.28
190548,25783.99
190547,16836.14
190546,12586.24
190545,13449.22
190544,15712.13
190543,23203.04
190542,32669.3
190541,18736.28
190540,20077.71
190539,17114.15
190538,15629.91
190537,27182.1
190536,31168.65
190535,52567.59
190534,32569.32
190533,23512.41
190532,19207.6
190531,20522.82
190530,21263.3
190529,34155.91
190528,34339.77
190527,27854.01
190526,18715.07
190525,20271.18
190524,28253.67
190523,25301.24
190522,29410.03
190521,45573.9
190520,29861.95
190519,20489.5
190518,22579.02
190517,26015.72
190516,24279.55
190515,49951.2
190514,53159.79
190513,-13.99
190512,15154.25
190511,14231.21
190510,15280.96
190509,17860.75
190508,25436.93
190507,34442.8
190506,23738.03
190505,295.3
190504,15174.87
190503,22689.66
190502,28693.66
190501,30865.47
190500,41888.2
190499,35375.35
190498,12861.19
190497,15075.4
190496,15321.79
190495,20966.86
190494,21712.99
190493,30756.38
190492,23526.85
190491,7609.45
190490,15064.44
190489,16178.5
190488,21727.4
190487,30801.97
190486,41345.77
190485,28912.57
190484,20640.16
190483,20912.92
190482,21421.13
190481,21503.8
190480,622.42
190479,45313.47
190478,29580.31
190477,20261.33
190476,19161.21
190475,20526.36
190474,26549.0
190473,31787.33
190472,61740.59
190471,32607.32
190470,11830.63
190469,17264.31
190468,18344.11
190467,21582.1
190466,35582.72
190465,43727.44
190464,34154.3
190463,18858.95
190462,21771.2
190461,24560.76
190460,17387.68
190459,34919.65
190458,42887.96
190457,38488.87
190456,19544.25
190455,16998.09
190454,18868.54
190453,187.61
190452,23146.47
190451,45429.15
190450,29979.19
190449,34272.07
190448,18687.13
190447,17767.72
190446,15956.9
190445,33318.63
190444,36374.35
190443,31055.58
190442,16875.95
190441,28993.55
190440,22774.63
190439,21475.9
190438,30119.68
190437,43496.06
190436,28447.81
190435,19574.08
190434,23796.45
190433,25373.53
190432,26053.94
190431,36592.69
190430,42873.15
190429,26272.31
190428,18472.06
190427,17183.37
190426,20203.53
190425,16096.08
190424,27094.31
190423,26640.28
190422,27526.61
190421,14362.07
190420,8803.43
190419,16630.51
190418,18825.54
190417,24244.83
190416,32777.4
190415,25732.84
190414,16667.75
