135244,-51863.12
135243,-68347.08
135242,724357.83
135241,3554724.54
135240,3084043.52
135239,2415835.64
135238,2511528.04
135237,1359024.53
135236,461552.6
135235,270515.85
135234,1780902.46
135233,1578875.43
135232,1015715.62
135231,1082500.54
135230,1912780.24
135229,1042673.62
135228,748964.62
135227,3060320.8
135226,3840917.83
135225,2896121.45
135224,2062750.39
135223,1272883.73
135222,761157.91
135221,903465.95
135220,4624908.42
135219,3676858.55
135218,2311943.61
135217,789673.97
135216,723701.28
135215,413628.0
135214,499663.5
135213,5140378.59
135212,2867126.94
135211,1284219.35
135210,1900309.67
135209,1648943.48
135208,968116.93
135207,750097.2
135206,3242152.3
135205,2072207.29
135204,1476026.57
135203,1826497.37
135202,2285660.58
135201,1378701.89
135200,918482.99
135199,3063885.42
135198,5270183.88
135197,3534309.41
135196,2741546.9
135195,3337114.35
135194,1621758.63
135193,1065550.03
135192,5620318.12
135191,3908846.04
135190,3010536.29
135189,1455288.97
135188,1482605.3
135187,1014414.56
135186,821007.69
135185,3707842.12
135184,2697509.18
135183,1768774.51
135182,1764289.1
135181,2685247.5
135180,1665181.69
135179,1095808.5
135178,4927371.47
135177,3927764.8
135176,3500224.74
135175,3743859.87
135174,2813714.67
135173,1828409.21
135172,1476733.42
135171,1141758.36
135170,5152182.13
135169,2060973.47
135168,2842269.26
135167,2815830.35
135166,1732168.08
135165,1222814.23
135164,4428783.28
135163,3594185.88
135162,3208943.6
135161,3141569.43
135160,2482845.69
135159,1035595.16
135158,3586712.69
135157,1944424.25
135156,1437837.39
135155,914646.85
135154,1292180.89
135153,678202.49
135152,604559.87
135151,2826197.36
135150,1199321.38
135149,795988.79
135148,1480734.1
135147,1473950.56
135146,890547.17
135145,850260.18
135144,3020855.27
135143,2579804.27
135142,2077431.07
135141,1530338.45
135140,2011501.67
135139,1074508.66
135138,880151.66
135137,3136796.0
135136,2221803.92
135135,1478384.83
135134,1809571.44
135133,2520086.44
135132,1565547.02
135131,1176589.37
135130,3887755.09
135129,3835397.15
135128,3082804.46
135127,2846502.0
135126,2696035.84
135125,363919.27
135124,902791.27
135123,5102224.97
135122,3451290.58
135121,2465798.87
135120,1650904.53
135119,2268442.63
135118,1203629.55
135117,1102879.74
135116,4374892.02
135115,2867088.2
135114,1675046.47
135113,1667221.87
135112,1041678.27
135111,953167.59
135110,1103421.88
135109,4969247.96
135108,3505219.93
135107,3001952.12
135106,2536328.24
135105,2906731.32
135104,1237274.98
135103,1063471.37
135102,5195316.79
135101,3996889.26
135100,2741057.05
135099,1697018.55
135098,387923.12
135097,993041.61
135096,944379.57
135095,544668.16
135094,3614545.78
135093,2500423.21
135092,1443183.63
135091,2174387.21
135090,1125555.91
135089,977417.85
135088,3170243.12
135087,2409651.95
135086,2688995.51
135085,2289440.02
135084,2593298.21
135083,1530233.07
135082,1245841.64
135081,4215641.21
135080,3030584.06
135079,2551541.06
135078,2303888.88
135077,2434430.97
135076,1544526.68
135075,1063011.56
135074,3781914.8
135073,3006320.97
135072,2289780.26
135071,1442355.62
135070,2013729.92
135069,1039804.57
135068,748619.72
135067,3278741.58
135066,1787807.6
135065,1429237.83
135064,653599.59
135063,1318266.7
135062,860945.43
135061,531714.4
135060,203535.28
