163229,10172.95
163228,18790.01
163227,20309.34
163226,10133.36
163225,14708.47
163224,8392.8
163223,10695.28
163222,1132.59
163221,14844.1
163220,8945.0
163219,6412.81
163218,5813.48
163217,6612.9
163216,9996.43
163215,11747.31
163214,16710.02
163213,14175.5
163212,9394.29
163211,9154.33
163210,9390.89
163209,6880.93
163208,9001.3
163207,15852.89
163206,11745.07
163205,7484.18
163204,6800.98
163203,5445.58
163202,6987.73
163201,11052.37
163200,18247.48
163199,14465.99
163198,10093.03
163197,8176.85
163196,9511.04
163195,10111.33
163194,13427.58
163193,19128.49
163192,10018.81
163191,8661.03
163190,12927.75
163189,11632.62
163188,20090.29
163187,20769.15
163186,31600.37
163185,24721.67
163184,15081.08
163183,12046.28
163182,12440.42
163181,13152.66
163180,18826.8
163179,26047.31
163178,18663.28
163177,9482.5
163176,10551.44
163175,8390.12
163174,10224.95
163173,15708.96
163172,22259.96
163171,16868.89
163170,12601.13
163169,12576.65
163168,10553.63
163167,19307.85
163166,20213.64
163165,32385.07
163164,21000.65
163163,15235.09
163162,16056.3
163161,22771.02
163160,12231.22
163159,17560.36
163158,26982.39
163157,19793.8
163156,10849.0
163155,15158.86
163154,19092.03
163153,16104.78
163152,22863.64
163151,25533.93
163150,23686.12
163149,17350.16
163148,17569.3
163147,22016.57
163146,25103.43
163145,35284.24
163144,34141.26
163143,11804.61
163142,10680.01
163141,13026.35
163140,17120.74
163139,16076.36
163138,25578.07
163137,18826.32
163136,8699.54
163135,10102.94
163134,16265.26
163133,18710.94
163132,20307.63
163131,26484.37
163130,25397.08
163129,830.27
163128,7543.8
163127,8493.61
163126,11746.46
163125,17871.2
163124,20298.42
163123,15937.11
163122,7655.91
163121,10054.19
163120,9443.39
163119,16515.11
163118,16515.81
163117,27024.07
163116,20009.46
163115,10340.08
163114,12769.04
163113,12141.18
163112,13637.06
163111,274.75
163110,33009.45
163109,21295.78
163108,10926.55
163107,14651.15
163106,16296.32
163105,22766.68
163104,28033.94
163103,46847.81
163102,29536.85
163101,17562.34
163100,11209.32
163099,10124.81
163098,10289.95
163097,23552.71
163096,29243.92
163095,21651.28
163094,13720.7
163093,12337.47
163092,13509.74
163091,12902.7
163090,20285.7
163089,31419.91
163088,22970.22
163087,9521.27
163086,10749.21
163085,12653.34
163084,333.36
163083,18898.73
163082,23283.11
163081,17846.92
163080,13349.15
163079,10162.82
163078,12654.51
163077,13047.82
163076,15917.65
163075,24087.23
163074,18473.71
163073,8789.61
163072,17713.81
163071,16572.53
163070,16133.21
163069,19185.97
163068,24276.75
163067,18791.44
163066,14709.64
163065,15265.66
163064,12712.11
163063,17430.64
163062,23637.08
163061,34100.66
163060,22336.14
163059,10209.37
163058,10509.81
163057,8709.99
163056,12930.79
163055,18044.63
163054,20547.88
163053,21122.19
163052,9070.32
163051,6743.05
163050,10704.02
163049,14014.48
163048,16784.83
163047,21754.5
163046,21484.09
163045,11509.5
