92332,29272.44
92331,51081.72
92330,36642.47
92329,16841.52
92328,17511.48
92327,12568.62
92326,14768.32
92325,499.14
92324,34075.66
92323,30197.72
92322,8251.56
92321,11412.88
92320,11842.49
92319,29751.73
92318,25640.86
92317,48997.02
92316,32433.84
92315,34689.47
92314,16015.42
92313,12810.16
92312,17516.26
92311,7328.8
92310,26018.92
92309,35174.69
92308,12440.46
92307,12881.5
92306,14891.91
92305,16313.77
92304,26718.06
92303,47116.83
92302,28052.22
92301,13392.74
92300,11480.88
92299,14145.54
92298,19695.29
92297,28200.72
92296,43942.41
92295,27638.06
92294,15320.16
92293,12652.45
92292,21611.04
92291,47689.39
92290,54739.26
92289,81386.79
92288,42465.43
92287,31224.52
92286,18982.08
92285,23499.15
92284,20170.67
92283,32871.25
92282,58184.57
92281,40779.1
92280,16793.6
92279,14999.68
92278,17951.73
92277,17268.89
92276,36070.11
92275,51008.33
92274,30838.76
92273,24716.9
92272,11485.41
92271,15732.92
92270,35347.47
92269,48070.7
92268,79064.94
92267,50310.78
92266,33700.94
92265,35234.1
92264,55126.29
92263,27862.33
92262,43050.02
92261,62603.82
92260,50512.09
92259,18921.63
92258,21885.5
92257,40497.77
92256,34472.93
92255,47468.66
92254,68735.6
92253,46872.06
92252,27042.07
92251,33027.16
92250,36638.99
92249,31415.47
92248,62446.17
92247,83314.91
92246,17720.77
92245,19273.29
92244,16696.7
92243,20408.98
92242,32021.34
92241,50953.96
92240,31768.24
92239,457.88
92238,14720.74
92237,26944.16
92236,29237.6
92235,36900.96
92234,60447.06
92233,42038.15
92232,12298.48
92231,848.9
92230,328.45
92229,205.07
92228,27500.33
92227,45337.46
92226,34119.23
92225,862.42
92224,644.53
92223,22508.32
92222,39966.23
92221,49963.33
92220,63301.39
92219,46644.52
92218,31739.33
92217,32285.46
92216,37294.43
92215,33169.46
92214,44221.81
92213,77404.87
92212,45053.63
92211,25897.97
92210,29887.56
92209,27517.91
92208,43168.59
92207,49750.7
92206,87661.62
92205,51333.88
92204,17677.05
92203,21487.59
92202,24964.47
92201,21835.12
92200,56571.89
92199,66943.03
92198,50839.39
92197,28147.24
92196,28185.52
92195,36452.69
92194,33021.93
92193,46641.94
92192,67376.23
92191,60806.77
92190,30442.68
92189,22109.76
92188,23737.6
92187,34061.79
92186,49189.85
92185,50989.23
92184,39427.19
92183,45374.07
92182,22455.26
92181,22708.58
92180,28293.9
92179,36849.93
92178,51567.38
92177,36135.74
92176,16417.37
92175,39307.18
92174,31955.39
92173,34459.13
92172,41266.09
92171,57739.34
92170,43823.92
92169,28611.8
92168,32376.93
92167,25350.4
92166,31872.58
92165,54076.6
92164,69642.46
92163,50771.92
92162,16661.39
92161,19641.14
92160,20548.99
92159,26604.01
92158,35722.6
92157,39504.75
92156,38781.16
92155,20328.15
92154,16374.69
92153,20308.45
92152,27689.75
92151,31788.07
92150,40253.97
92149,26833.34
92148,29809.29
