43720,33129.6
43719,72241.31
43718,55124.31
43717,16744.69
43716,18704.81
43715,23833.96
43714,20500.65
43713,795.54
43712,49477.76
43711,23092.95
43710,17130.86
43709,12168.14
43708,17421.06
43707,32768.36
43706,41389.71
43705,57293.95
43704,51746.99
43703,41649.18
43702,25595.32
43701,28851.76
43700,26696.57
43699,30020.32
43698,64511.89
43697,49424.69
43696,19745.86
43695,19072.69
43694,24357.31
43693,19092.02
43692,46188.38
43691,61058.52
43690,43314.88
43689,24803.77
43688,24823.86
43687,32081.32
43686,32130.15
43685,40429.71
43684,58198.43
43683,43800.26
43682,26141.78
43681,20603.42
43680,24732.99
43679,62477.33
43678,68476.0
43677,107243.31
43676,69243.82
43675,48126.7
43674,41165.42
43673,50073.11
43672,33077.31
43671,51742.41
43670,81821.76
43669,63780.96
43668,24158.33
43667,25912.72
43666,9925.91
43665,15768.24
43664,43209.13
43663,74858.0
43662,47242.72
43661,35662.66
43660,18466.61
43659,23906.93
43658,54892.6
43657,72567.55
43656,105668.1
43655,92266.56
43654,60227.55
43653,58353.57
43652,86269.26
43651,46674.58
43650,54917.35
43649,86845.08
43648,77910.83
43647,30369.43
43646,29485.35
43645,59868.37
43644,52879.76
43643,62771.35
43642,118612.03
43641,87314.78
43640,52386.02
43639,54816.86
43638,68065.85
43637,52899.32
43636,103707.04
43635,128396.63
43634,42845.43
43633,40492.28
43632,44948.11
43631,44535.25
43630,51977.84
43629,72861.57
43628,47883.24
43627,1234.87
43626,27994.81
43625,42592.86
43624,47989.72
43623,50701.41
43622,78162.58
43621,45821.21
43620,23777.39
43619,1911.13
43618,1357.59
43617,313.34
43616,41010.94
43615,62541.43
43614,57410.42
43613,1337.17
43612,30787.09
43611,30904.0
43610,59648.24
43609,72238.3
43608,95451.78
43607,76584.25
43606,48408.73
43605,43525.22
43604,59421.9
43603,55642.28
43602,67139.09
43601,106319.23
43600,57100.61
43599,34813.07
43598,40134.92
43597,43702.72
43596,57932.83
43595,76740.71
43594,102042.1
43593,63838.49
43592,26363.08
43591,31588.14
43590,36163.63
43589,36080.48
43588,74131.23
43587,96859.03
43586,77728.51
43585,48549.24
43584,47322.03
43583,50482.68
43582,46597.66
43581,69039.26
43580,89873.07
43579,85759.63
43578,36395.78
43577,46180.08
43576,48789.99
43575,62504.17
43574,79045.84
43573,93077.77
43572,73256.12
43571,61205.49
43570,40787.45
43569,44996.52
43568,51290.26
43567,61599.51
43566,76189.34
43565,70475.19
43564,36029.27
43563,69307.38
43562,56744.99
43561,51522.76
43560,71896.56
43559,66770.49
43558,81629.56
43557,44003.33
43556,63292.97
43555,63554.68
43554,70880.53
43553,83474.34
43552,97654.09
43551,68099.92
43550,40776.71
43549,37681.31
43548,41490.07
43547,51886.85
43546,57000.31
43545,61040.97
43544,69485.58
43543,39228.52
43542,27900.93
43541,40021.87
43540,41903.76
43539,51377.11
43538,50552.67
43537,43531.14
43536,33652.35
