152870,29721.56
152869,51971.1
152868,38145.03
152867,12442.67
152866,10649.25
152865,11661.31
152864,14046.28
152863,862.39
152862,26601.48
152861,17874.37
152860,10678.25
152859,7001.17
152858,11355.12
152857,19051.14
152856,24814.08
152855,36975.62
152854,27003.49
152853,29389.36
152852,15623.34
152851,9026.27
152850,16309.6
152849,18826.57
152848,37531.85
152847,29195.72
152846,11196.48
152845,12333.57
152844,14570.8
152843,12975.53
152842,23606.38
152841,43374.04
152840,28473.98
152839,17437.28
152838,14006.64
152837,18155.02
152836,19114.9
152835,25810.88
152834,42726.45
152833,27183.49
152832,11307.78
152831,14524.91
152830,19136.78
152829,39760.17
152828,45433.31
152827,80150.06
152826,43141.83
152825,27930.3
152824,24156.82
152823,31417.11
152822,23190.12
152821,37963.09
152820,58701.57
152819,42257.48
152818,18037.28
152817,19641.16
152816,16134.8
152815,14054.62
152814,26256.91
152813,48114.49
152812,28903.51
152811,22441.47
152810,15878.61
152809,15259.16
152808,35695.33
152807,45817.65
152806,73692.07
152805,61256.67
152804,34343.97
152803,35907.46
152802,51511.85
152801,23315.86
152800,37824.85
152799,56933.56
152798,44947.22
152797,18343.34
152796,17467.56
152795,37405.1
152794,32773.54
152793,41048.26
152792,74466.59
152791,53825.51
152790,31362.43
152789,33797.13
152788,41378.11
152787,34907.36
152786,56901.86
152785,83484.29
152784,-14.7
152783,17899.14
152782,23084.47
152781,21868.62
152780,19055.72
152779,31097.98
152778,39365.3
152777,34010.51
152776,1245.29
152775,17107.37
152774,29064.74
152773,26639.35
152772,40160.94
152771,60440.22
152770,46522.14
152769,10506.53
152768,960.33
152767,630.44
152766,319.08
152765,25481.56
152764,46191.45
152763,36724.5
152762,928.36
152761,18905.35
152760,17685.21
152759,46129.09
152758,51523.82
152757,64013.11
152756,49229.5
152755,27670.19
152754,26782.59
152753,32960.74
152752,30441.49
152751,36335.49
152750,78015.36
152749,40977.6
152748,22994.97
152747,23253.48
152746,29210.71
152745,39774.79
152744,43831.07
152743,74747.74
152742,48514.71
152741,17900.61
152740,17860.55
152739,18543.52
152738,21148.22
152737,41109.94
152736,59177.81
152735,45058.04
152734,24741.54
152733,29419.42
152732,29873.8
152731,30002.65
152730,35445.19
152729,56834.28
152728,46363.89
152727,21129.35
152726,23771.07
152725,23088.65
152724,31402.37
152723,43505.43
152722,50120.69
152721,41309.5
152720,46756.99
152719,20761.44
152718,25855.61
152717,27783.87
152716,32256.56
152715,46440.22
152714,34306.31
152713,17098.06
152712,33428.02
152711,32134.2
152710,34749.27
152709,44831.68
152708,56856.77
152707,49685.37
152706,29238.26
152705,27652.49
152704,31778.77
152703,37181.6
152702,45901.22
152701,61734.21
152700,46767.08
152699,20055.96
152698,19515.15
152697,18766.36
152696,24393.89
152695,34755.59
152694,41120.43
152693,43451.64
152692,22897.33
152691,13781.77
152690,16083.36
152689,28163.93
152688,32309.61
152687,32975.66
152686,27082.2
152685,29656.74
