35099,38301.09
35098,52916.2
35097,46526.66
35096,13155.39
35095,13457.15
35094,12736.95
35093,14875.17
35092,405.53
35091,40319.79
35090,21563.11
35089,12654.77
35088,10485.14
35087,14537.9
35086,29675.83
35085,33106.64
35084,56980.91
35083,38579.32
35082,42896.61
35081,24119.87
35080,9313.72
35079,25531.06
35078,7271.51
35077,35983.52
35076,31860.89
35075,13882.92
35074,12897.0
35073,17659.34
35072,15879.15
35071,35600.07
35070,42681.54
35069,28556.72
35068,14528.67
35067,14403.6
35066,18602.69
35065,22424.68
35064,28779.74
35063,42201.42
35062,26382.17
35061,15028.42
35060,17894.33
35059,22735.63
35058,49569.82
35057,58055.96
35056,93241.64
35055,35263.47
35054,25877.68
35053,28245.4
35052,31736.61
35051,22266.24
35050,40916.63
35049,57642.32
35048,48857.9
35047,19732.75
35046,23511.34
35045,21254.92
35044,19260.93
35043,32079.63
35042,58353.04
35041,37102.62
35040,32533.84
35039,17528.73
35038,21602.84
35037,42269.81
35036,56250.35
35035,101376.0
35034,71584.07
35033,43683.16
35032,44908.4
35031,60933.3
35030,30861.56
35029,42834.29
35028,75618.42
35027,52653.93
35026,22991.79
35025,26522.45
35024,51210.24
35023,42089.83
35022,54587.24
35021,88291.2
35020,71591.95
35019,44234.41
35018,49532.62
35017,57052.37
35016,41764.1
35015,65058.01
35014,95555.18
35013,27386.07
35012,28679.34
35011,29649.82
35010,35643.36
35009,45330.71
35008,62726.17
35007,37197.33
35006,934.24
35005,21051.55
35004,36633.57
35003,35526.42
35002,44744.95
35001,73782.88
35000,47021.82
34999,16981.6
34998,20830.83
34997,21654.64
34996,24773.91
34995,34879.17
34994,50512.9
34993,40603.87
34992,27177.55
34991,24205.19
34990,27498.76
34989,56416.99
34988,65569.51
34987,79299.28
34986,56865.68
34985,40510.73
34984,39331.76
34983,44918.13
34982,44447.4
34981,1637.59
34980,108003.1
34979,51358.69
34978,34359.15
34977,41263.56
34976,44012.88
34975,57307.97
34974,58643.31
34973,50313.95
34972,46950.56
34971,21830.81
34970,15643.62
34969,30518.92
34968,26237.71
34967,57434.17
34966,73516.53
34965,54921.6
34964,38701.62
34963,42669.47
34962,39648.45
34961,31849.13
34960,49160.0
34959,86936.92
34958,56384.03
34957,25756.89
34956,32816.81
34955,30632.31
34954,451.54
34953,47275.59
34952,61141.94
34951,52570.62
34950,57449.75
34949,28382.45
34948,27763.71
34947,29494.01
34946,43772.07
34945,60049.23
34944,44437.96
34943,25662.85
34942,49692.44
34941,51850.5
34940,53210.47
34939,57138.08
34938,75879.04
34937,54830.38
34936,41756.34
34935,38290.51
34934,43812.79
34933,53012.19
34932,58370.13
34931,74693.72
34930,44164.42
34929,19579.99
34928,31179.89
34927,26811.26
34926,24422.25
34925,48147.15
34924,43522.38
34923,47073.61
34922,25257.9
34921,21051.44
34920,23610.53
34919,31776.68
34918,32202.77
34917,39900.76
34916,31991.25
34915,32623.22
