62357,44834.79
62356,64557.78
62355,57289.85
62354,15762.7
62353,17109.94
62352,18365.2
62351,24547.49
62350,1544.76
62349,44927.95
62348,26929.0
62347,12638.81
62346,17475.69
62345,18262.08
62344,38136.13
62343,42433.12
62342,64420.99
62341,43944.91
62340,42849.45
62339,27579.59
62338,28787.92
62337,32302.47
62336,28162.95
62335,29364.26
62334,50042.88
62333,18518.27
62332,14480.01
62331,19540.48
62330,23689.9
62329,33682.1
62328,67533.06
62327,41574.83
62326,17968.52
62325,21290.82
62324,21051.1
62323,27998.64
62322,34603.82
62321,53226.72
62320,32047.3
62319,19363.68
62318,15389.67
62317,25958.9
62316,50777.51
62315,61583.35
62314,92421.24
62313,52562.45
62312,49083.82
62311,26141.84
62310,35447.56
62309,29501.37
62308,44602.93
62307,69375.02
62306,56944.67
62305,18755.68
62304,15345.9
62303,21619.06
62302,22909.14
62301,32839.17
62300,57875.41
62299,40516.43
62298,31359.51
62297,21881.7
62296,27198.68
62295,56167.26
62294,64604.54
62293,104230.05
62292,82152.96
62291,46337.7
62290,54548.87
62289,72180.04
62288,40754.06
62287,55532.44
62286,83567.22
62285,65643.91
62284,28174.24
62283,30294.45
62282,53734.22
62281,44022.21
62280,64693.5
62279,92734.05
62278,65030.55
62277,51533.81
62276,53630.69
62275,63907.52
62274,50205.79
62273,71832.98
62272,98234.89
62271,23232.96
62270,25337.85
62269,26887.0
62268,31316.25
62267,39950.64
62266,69095.48
62265,44391.52
62264,1426.02
62263,24313.26
62262,45854.21
62261,34209.91
62260,58932.96
62259,84393.9
62258,66025.99
62257,21519.24
62256,24025.14
62255,26117.31
62254,34577.36
62253,44859.94
62252,58497.59
62251,49863.11
62250,28075.86
62249,31655.99
62248,30565.58
62247,61074.76
62246,76086.22
62245,109098.24
62244,76515.42
62243,48883.17
62242,49787.62
62241,53905.77
62240,47435.32
62239,1489.91
62238,100015.55
62237,62941.63
62236,35640.15
62235,38888.6
62234,38228.09
62233,55610.04
62232,65797.69
62231,105144.16
62230,59863.92
62229,24179.54
62228,24632.12
62227,36222.58
62226,35171.03
62225,64577.52
62224,92999.62
62223,73647.18
62222,46530.52
62221,47937.48
62220,54828.93
62219,52090.72
62218,67370.64
62217,90342.39
62216,77039.14
62215,35824.69
62214,28333.44
62213,36688.15
62212,602.85
62211,83124.73
62210,96275.2
62209,75401.96
62208,90000.68
62207,32678.44
62206,40320.88
62205,42473.26
62204,56845.35
62203,68751.17
62202,64640.5
62201,33110.45
62200,64280.82
62199,63874.04
62198,55373.67
62197,59965.21
62196,91629.43
62195,69912.36
62194,46428.22
62193,48092.13
62192,46075.62
62191,61443.2
62190,79022.8
62189,91889.17
62188,65833.08
62187,35064.07
62186,36642.97
62185,39974.4
62184,41314.89
62183,69228.02
62182,57054.36
62181,67482.7
62180,32798.34
62179,23508.71
62178,41135.17
62177,46090.55
62176,44578.0
62175,60696.98
62174,46435.58
62173,35134.27
