62549,30793.75
62548,65825.02
62547,65760.09
62546,24242.62
62545,34323.68
62544,25253.29
62543,27150.18
62542,1653.29
62541,55512.16
62540,42149.44
62539,28189.54
62538,28798.05
62537,24245.84
62536,44140.51
62535,46004.21
62534,64609.81
62533,56338.11
62532,47385.02
62531,30957.62
62530,33233.0
62529,42860.51
62528,43760.93
62527,5346.69
62526,38863.01
62525,25665.58
62524,22725.25
62523,30286.44
62522,29302.07
62521,43735.63
62520,63415.19
62519,55454.72
62518,24826.98
62517,29158.14
62516,28668.45
62515,36159.17
62514,31537.02
62513,65056.54
62512,50864.17
62511,22580.98
62510,33589.28
62509,38276.2
62508,62013.59
62507,71210.87
62506,88009.01
62505,60705.38
62504,49854.39
62503,28333.5
62502,47000.18
62501,32156.2
62500,54235.37
62499,76314.89
62498,63324.25
62497,29671.57
62496,28578.11
62495,28485.01
62494,27377.66
62493,41498.29
62492,70087.76
62491,54630.72
62490,39903.81
62489,35253.71
62488,34573.84
62487,52558.54
62486,56035.85
62485,102823.43
62484,80116.8
62483,47064.04
62482,57736.56
62481,76628.76
62480,49418.37
62479,56526.11
62478,96515.85
62477,90710.31
62476,29537.37
62475,44124.31
62474,67424.97
62473,51148.25
62472,63042.32
62471,103813.14
62470,78028.49
62469,50434.33
62468,51793.22
62467,67031.46
62466,58382.72
62465,78908.19
62464,115540.94
62463,33205.48
62462,34285.57
62461,38862.52
62460,40447.22
62459,50368.93
62458,72633.25
62457,59078.93
62456,24015.93
62455,30201.93
62454,45750.53
62453,45080.21
62452,60763.75
62451,84514.97
62450,83046.89
62449,2299.31
62448,32958.92
62447,32913.41
62446,44533.61
62445,49981.02
62444,79306.15
62443,77928.21
62442,46588.06
62441,44552.21
62440,43836.75
62439,66213.44
62438,79672.5
62437,107864.95
62436,94778.75
62435,56382.15
62434,56695.46
62433,58641.67
62432,57833.28
62431,1725.18
62430,113701.61
62429,76640.33
62428,40624.08
62427,43014.44
62426,48955.03
62425,62417.53
62424,78524.61
62423,131033.12
62422,73531.58
62421,40088.23
62420,43259.65
62419,43472.11
62418,45441.18
62417,67615.87
62416,105896.22
62415,86355.78
62414,54251.0
62413,50062.86
62412,54860.6
62411,54115.21
62410,67774.8
62409,98659.94
62408,98415.57
62407,46175.15
62406,47845.81
62405,57618.57
62404,977.37
62403,90222.88
62402,118998.43
62401,95879.39
62400,112007.65
62399,50621.26
62398,49934.01
62397,66438.31
62396,62102.02
62395,88310.88
62394,71992.56
62393,46719.26
62392,68788.2
62391,66369.12
62390,64007.05
62389,70039.67
62388,111157.27
62387,90563.93
62386,63329.96
62385,61920.96
62384,74183.59
62383,70392.21
62382,89784.25
62381,116915.75
62380,97902.88
62379,59123.88
62378,54200.61
62377,57372.01
62376,53813.39
62375,74754.75
62374,75966.39
62373,92872.54
62372,50350.05
62371,38929.09
62370,55221.73
62369,58191.78
62368,65299.57
62367,83277.16
62366,58785.96
62365,49105.35
