48714,27051.91
48713,58740.59
48712,45058.03
48711,12815.31
48710,15801.85
48709,14876.22
48708,18859.19
48707,433.24
48706,36486.55
48705,16854.06
48704,10077.79
48703,10390.98
48702,14524.07
48701,25623.08
48700,33091.12
48699,50008.39
48698,32825.99
48697,28194.96
48696,17326.51
48695,18466.56
48694,22248.07
48693,22454.64
48692,49805.64
48691,34768.57
48690,13387.82
48689,10812.74
48688,17704.92
48687,14813.56
48686,30073.32
48685,51386.72
48684,30910.17
48683,17562.82
48682,16057.96
48681,19169.87
48680,22025.56
48679,26076.56
48678,48139.42
48677,27009.23
48676,16538.19
48675,16985.87
48674,19008.21
48673,50961.65
48672,56657.96
48671,80457.21
48670,52911.49
48669,34380.82
48668,26978.3
48667,30148.94
48666,24772.22
48665,39048.34
48664,64264.63
48663,47258.41
48662,21026.84
48661,22408.36
48660,14949.07
48659,12520.24
48658,31647.33
48657,62304.26
48656,35464.12
48655,33471.01
48654,13181.1
48653,17506.68
48652,37075.26
48651,48562.73
48650,80599.46
48649,66858.36
48648,41612.85
48647,47487.63
48646,59876.61
48645,28562.99
48644,42551.61
48643,65969.06
48642,48807.48
48641,21993.49
48640,18451.27
48639,36375.82
48638,35296.8
48637,46163.68
48636,82163.74
48635,62221.92
48634,36413.81
48633,38301.1
48632,52352.35
48631,32223.87
48630,68694.85
48629,81328.36
48628,17198.19
48627,20855.95
48626,21638.38
48625,24331.27
48624,34353.63
48623,43078.77
48622,37656.29
48621,13518.44
48620,15133.05
48619,34070.98
48618,28547.82
48617,42360.32
48616,55587.4
48615,46310.49
48614,92.62
48613,18687.39
48612,17256.84
48611,22998.74
48610,35718.88
48609,44504.74
48608,38262.87
48607,19294.86
48606,19640.08
48605,20196.2
48604,44595.31
48603,52811.58
48602,80903.01
48601,47123.8
48600,33092.15
48599,36299.13
48598,38362.54
48597,29996.25
48596,251.58
48595,83180.88
48594,39418.02
48593,20831.36
48592,28139.49
48591,32556.2
48590,43815.89
48589,53882.27
48588,73208.87
48587,49874.6
48586,17169.54
48585,16993.03
48584,21521.43
48583,23442.63
48582,51873.88
48581,72067.47
48580,53696.23
48579,28994.6
48578,31822.19
48577,39286.53
48576,36848.41
48575,45828.17
48574,70155.27
48573,55745.86
48572,25235.88
48571,26066.57
48570,31851.49
48569,31.96
48568,63462.52
48567,71432.21
48566,50532.28
48565,47771.87
48564,25193.03
48563,30652.74
48562,38319.35
48561,45060.04
48560,53461.65
48559,47840.28
48558,22303.6
48557,48626.4
48556,41408.37
48555,44517.16
48554,45930.24
48553,62456.56
48552,52434.0
48551,32337.33
48550,34985.31
48549,43582.66
48548,48203.18
48547,56865.59
48546,64446.2
48545,47526.37
48544,22914.69
48543,20281.28
48542,23292.93
48541,33098.4
48540,40827.67
48539,39716.81
48538,44057.41
48537,21897.56
48536,19935.84
48535,23347.48
48534,31835.31
48533,35207.2
48532,40565.95
48531,30834.75
48530,24365.62
