135432,42460.27
135431,132547.83
135430,35250.69
135429,29896.17
135428,18032.88
135427,3631.46
135426,1984.76
135425,32522.01
135424,20294.81
135423,12967.52
135422,10422.06
135421,29545.45
135420,6137.39
135419,2298.95
135418,29966.54
135417,3729.91
135416,62571.31
135415,32282.16
135414,17480.37
135413,2599.7
135412,934.0
135411,84379.83
135410,61031.12
135409,24078.31
135408,9235.6
135407,14001.98
135406,2269.21
135405,289.82
135404,94974.36
135403,93927.47
135402,38795.21
135401,31545.68
135400,28402.36
135399,6538.3
135398,1034.07
135397,69121.09
135396,17331.2
135395,13614.81
135394,20346.48
135393,30696.2
135392,11580.86
135391,2284.12
135390,52884.55
135389,73165.08
135388,32353.54
135387,23911.04
135386,27610.83
135385,6449.09
135384,2244.27
135383,60304.31
135382,37761.98
135381,16650.32
135380,11752.08
135379,17077.09
135378,3434.08
135377,405.37
135376,42255.77
135375,22335.8
135374,8566.97
135373,17230.74
135372,29622.69
135371,7936.81
135370,2280.53
135369,94276.06
135368,57362.4
135367,45123.92
135366,67261.41
135365,38147.69
135364,13103.11
135363,10546.15
135362,37739.62
135361,79889.82
135360,17213.58
135359,34740.4
135358,34345.51
135357,9405.43
135356,2094.64
135355,103295.68
135354,42791.41
135353,44788.81
135352,43156.95
135351,19949.96
135350,2986.03
135349,65073.73
135348,17117.79
135347,22461.39
135346,15213.63
135345,12968.3
135344,2720.05
135343,618.77
135342,45023.85
135341,13192.97
135340,9997.59
135339,29025.08
135338,21726.88
135337,4627.07
135336,322.86
135335,86086.01
135334,15743.94
135333,13850.35
135332,14078.81
135331,19920.63
135330,1415.99
135329,703.09
135328,80184.39
135327,14199.23
135326,9683.52
135325,19368.51
135324,69395.62
135323,7441.83
135322,476.61
135321,120769.62
135320,62144.04
135319,56089.37
135318,54494.35
135317,35282.74
135316,1720.85
135315,557.62
135314,115213.95
135313,15631.9
135312,14807.78
135311,14452.87
135310,43582.83
135309,3327.2
135308,109.0
135307,77973.06
135306,62187.28
135305,44994.55
135304,25119.61
135303,21127.83
135302,3481.29
135301,449.92
135300,109024.78
135299,110558.48
135298,56881.55
135297,45307.18
135296,40015.96
135295,3181.87
135294,386.97
135293,76605.33
135292,117708.38
135291,18846.45
135290,13654.35
135289,27224.99
135288,1953.37
135287,182.08
135286,120.75
135285,67857.85
135284,44895.85
135283,18570.66
135282,19533.3
135281,3011.78
135280,1726.54
135279,27275.23
135278,19020.92
135277,27018.9
135276,21096.08
135275,29382.14
135274,4407.21
135273,2323.11
135272,75442.49
135271,26126.24
135270,23624.84
135269,17547.58
135268,18574.45
135267,4468.98
135266,1536.62
135265,45426.28
135264,28805.99
135263,18795.73
135262,6035.59
135261,12212.73
135260,1569.13
135259,29.54
135258,34792.52
135257,12338.15
135256,10679.43
135255,11310.3
135254,16818.93
135253,1527.38
135252,26.93
