45059,25992.27
45058,38598.04
45057,35514.27
45056,10213.74
45055,8835.52
45054,10142.73
45053,13474.28
45052,337.08
45051,22331.28
45050,16028.23
45049,8809.07
45048,8983.26
45047,8473.96
45046,17384.82
45045,20181.55
45044,35479.57
45043,24184.93
45042,21181.24
45041,12247.46
45040,507.09
45039,8783.27
45038,7793.65
45037,12944.22
45036,24821.7
45035,11121.67
45034,9069.99
45033,12248.75
45032,12523.22
45031,18810.0
45030,38897.51
45029,22264.17
45028,10275.62
45027,11199.91
45026,14157.82
45025,16088.2
45024,21551.98
45023,36362.53
45022,18277.74
45021,11975.49
45020,10991.04
45019,14221.74
45018,37448.14
45017,27589.29
45016,75169.67
45015,25744.93
45014,14438.69
45013,17542.91
45012,22105.13
45011,17744.98
45010,25919.5
45009,47265.15
45008,24545.01
45007,13012.9
45006,12754.18
45005,14227.61
45004,11476.89
45003,22301.97
45002,40941.01
45001,25826.57
45000,20674.36
44999,13251.27
44998,11775.18
44997,29448.36
44996,40943.1
44995,67988.51
44994,47987.0
44993,28153.87
44992,36481.09
44991,47562.3
44990,22482.39
44989,30158.46
44988,53347.01
44987,39389.01
44986,12215.37
44985,19260.05
44984,35096.94
44983,27880.35
44982,38123.41
44981,61557.6
44980,37226.96
44979,26641.15
44978,30760.23
44977,31767.1
44976,31927.92
44975,58631.3
44974,75839.54
44973,12881.45
44972,12518.17
44971,16341.32
44970,12763.5
44969,24304.94
44968,37643.02
44967,24095.87
44966,10863.65
44965,9309.96
44964,28042.39
44963,23269.82
44962,32525.99
44961,48377.17
44960,32158.09
44959,77.91
44958,11900.09
44957,13566.01
44956,18480.04
44955,23614.15
44954,26978.7
44953,25476.98
44952,11848.45
44951,14150.37
44950,14561.09
44949,29586.32
44948,33986.58
44947,55349.39
44946,33140.48
44945,24946.93
44944,22830.99
44943,23956.03
44942,27264.19
44941,58410.13
44940,28654.51
44939,18289.88
44938,22744.57
44937,23060.14
44936,32997.41
44935,41812.22
44934,68171.42
44933,37213.97
44932,11514.43
44931,12907.51
44930,18459.74
44929,20529.96
44928,46563.31
44927,51961.22
44926,45394.12
44925,25208.21
44924,28216.76
44923,31402.3
44922,28721.26
44921,40563.52
44920,59430.93
44919,41357.81
44918,18973.37
44917,18177.74
44916,20156.27
44915,29.97
44914,35929.42
44913,45016.04
44912,34477.18
44911,37731.62
44910,12831.85
44909,16757.17
44908,24149.16
44907,29412.82
44906,35044.18
44905,30855.41
44904,13483.81
44903,29625.2
44902,28972.76
44901,26479.56
44900,32864.32
44899,50233.59
44898,33724.2
44897,24817.56
44896,25464.69
44895,24342.16
44894,30831.53
44893,37159.72
44892,50578.4
44891,31210.36
44890,11400.1
44889,14427.86
44888,17426.74
44887,16788.94
44886,29081.47
44885,29778.58
44884,32095.51
44883,11810.18
44882,9046.12
44881,15907.7
44880,21126.67
44879,21514.72
44878,29029.01
44877,20346.59
44876,18502.27
