46213,22412.03
46212,51382.69
46211,34414.44
46210,13968.05
46209,11253.24
46208,14402.59
46207,17351.34
46206,1257.05
46205,32899.68
46204,19715.31
46203,9106.63
46202,7952.5
46201,11073.99
46200,29652.57
46199,35558.78
46198,45280.05
46197,30265.31
46196,35064.06
46195,20209.15
46194,20309.72
46193,22584.28
46192,20144.67
46191,24718.08
46190,44877.03
46189,11401.0
46188,14628.93
46187,11805.21
46186,11389.32
46185,25223.67
46184,47611.95
46183,27612.04
46182,15103.51
46181,14564.15
46180,16175.13
46179,18712.22
46178,25301.9
46177,38860.15
46176,23564.17
46175,13822.17
46174,11494.84
46173,14127.95
46172,45494.29
46171,54228.64
46170,70750.86
46169,45736.1
46168,36356.94
46167,21971.18
46166,33519.79
46165,25592.9
46164,43609.39
46163,56712.59
46162,46735.1
46161,22757.6
46160,19909.31
46159,16996.56
46158,12894.07
46157,29079.23
46156,46305.92
46155,29280.85
46154,26123.4
46153,17257.46
46152,13333.42
46151,47309.93
46150,53656.12
46149,83524.7
46148,60990.52
46147,44759.63
46146,49134.47
46145,68670.59
46144,24925.18
46143,36681.24
46142,56907.29
46141,41621.66
46140,15156.34
46139,16186.3
46138,45866.22
46137,45165.46
46136,53506.54
46135,80397.7
46134,51322.49
46133,38911.72
46132,43245.63
46131,57125.49
46130,39473.35
46129,57617.2
46128,72451.34
46127,20009.61
46126,16064.19
46125,20859.87
46124,25369.33
46123,31740.26
46122,49563.81
46121,34062.72
46120,1019.28
46119,17392.59
46118,33417.84
46117,32548.3
46116,38948.29
46115,54078.37
46114,50757.86
46113,17681.15
46112,1182.19
46111,907.73
46110,49.98
46109,33593.59
46108,42191.65
46107,35925.22
46106,1375.01
46105,15740.61
46104,24514.05
46103,59392.18
46102,62477.02
46101,78877.89
46100,62690.3
46099,34115.3
46098,36476.36
46097,39378.98
46096,35223.86
46095,50479.46
46094,76968.39
46093,37779.33
46092,22985.61
46091,31766.8
46090,29820.08
46089,49116.34
46088,53990.94
46087,69295.79
46086,51946.82
46085,15232.53
46084,18043.27
46083,22390.68
46082,24296.34
46081,53860.18
46080,73562.27
46079,53129.21
46078,34680.05
46077,35328.76
46076,38979.72
46075,37964.62
46074,45014.96
46073,73347.6
46072,56416.52
46071,19368.82
46070,20857.91
46069,24809.6
46068,33826.05
46067,48339.71
46066,56208.53
46065,45135.73
46064,50220.15
46063,21745.55
46062,24578.62
46061,33288.75
46060,40206.35
46059,49337.1
46058,41289.76
46057,20386.15
46056,56114.27
46055,55846.7
46054,42576.29
46053,46090.74
46052,64472.66
46051,53399.85
46050,37529.94
46049,41229.98
46048,39366.19
46047,41796.44
46046,58378.7
46045,63831.95
46044,52516.26
46043,19900.22
46042,22472.67
46041,24261.14
46040,29304.89
46039,39956.91
46038,42343.34
46037,44717.57
46036,23088.42
46035,19091.47
46034,22198.08
46033,30184.69
46032,34018.98
46031,31559.25
46030,24296.59
46029,22302.6
