165534,29352.42
165533,53923.33
165532,47101.34
165531,24820.64
165530,24335.14
165529,23463.91
165528,24874.78
165527,1428.94
165526,35013.56
165525,30021.78
165524,22553.11
165523,23106.29
165522,27358.27
165521,37777.23
165520,29056.15
165519,45039.52
165518,34839.24
165517,48230.41
165516,38148.13
165515,31949.16
165514,32481.44
165513,24915.4
165512,57732.18
165511,39180.22
165510,23433.48
165509,17800.96
165508,23735.46
165507,28912.95
165506,33408.79
165505,49121.59
165504,29382.82
165503,27649.45
165502,26534.63
165501,26239.07
165500,28088.7
165499,37035.2
165498,47645.76
165497,39361.92
165496,30944.75
165495,34952.61
165494,32245.99
165493,57314.06
165492,55178.18
165491,80438.14
165490,48110.89
165489,46623.56
165488,36408.48
165487,38046.31
165486,25716.67
165485,42273.25
165484,58952.21
165483,44482.22
165482,27331.47
165481,26924.81
165480,28076.37
165479,28737.61
165478,34351.78
165477,51947.15
165476,31507.53
165475,29807.51
165474,25883.26
165473,31941.29
165472,55996.87
165471,51573.83
165470,76262.32
165469,55734.96
165468,48395.12
165467,45221.37
165466,59555.08
165465,35516.28
165464,45533.79
165463,48719.14
165462,44731.38
165461,28640.74
165460,32239.54
165459,42420.38
165458,41431.91
165457,42745.64
165456,62487.38
165455,51503.01
165454,38792.66
165453,37816.02
165452,44153.68
165451,37479.02
165450,53177.46
165449,65794.06
165448,29509.04
165447,26230.08
165446,28379.92
165445,31390.29
165444,33163.17
165443,43954.79
165442,35003.08
165441,1045.58
165440,28288.28
165439,42106.46
165438,37164.72
165437,43420.5
165436,57607.7
165435,52762.26
165434,20819.92
165433,1665.51
165432,722.95
165431,118.45
165430,31576.53
165429,43539.48
165428,40028.6
165427,887.08
165426,20345.56
165425,24213.22
165424,38378.12
165423,44860.85
165422,62543.06
165421,51679.84
165420,31880.18
165419,37917.72
165418,39215.77
165417,33569.54
165416,38416.63
165415,66713.26
165414,42083.09
165413,24613.88
165412,28979.7
165411,26971.18
165410,41206.46
165409,49953.9
165408,71646.32
165407,37618.07
165406,21619.97
165405,24145.06
165404,23441.81
165403,25842.65
165402,48915.78
165401,60155.51
165400,48360.11
165399,33251.8
165398,34269.26
165397,34156.71
165396,26625.2
165395,36826.22
165394,52367.49
165393,49687.37
165392,20336.54
165391,23639.98
165390,21149.64
165389,34325.76
165388,38002.13
165387,45490.6
165386,43581.9
165385,48890.5
165384,18724.24
165383,22452.67
165382,30632.25
165381,27642.61
165380,43837.48
165379,37791.24
165378,19782.75
165377,31514.28
165376,25654.01
165375,34341.07
165374,34044.81
165373,46707.22
165372,48149.85
165371,29874.87
165370,31591.24
165369,28669.62
165368,29567.54
165367,38972.88
165366,56057.18
165365,36926.07
165364,20284.7
165363,25163.75
165362,20245.04
165361,25451.6
165360,28483.79
165359,32724.76
165358,34890.37
165357,22333.1
165356,15419.03
165355,20200.49
165354,20870.25
165353,26711.31
165352,30235.76
165351,33380.98
165350,21968.14
