76778,24619.08
76777,49275.14
76776,45393.45
76775,10848.92
76774,11003.19
76773,14704.9
76772,14348.63
76771,2084.89
76770,30252.72
76769,20636.79
76768,9326.83
76767,9246.68
76766,14321.0
76765,23615.65
76764,28279.31
76763,48504.22
76762,27105.69
76761,18941.69
76760,16132.39
76759,18927.41
76758,18117.25
76757,20765.14
76756,43084.32
76755,37044.59
76754,13511.45
76753,11433.67
76752,13320.19
76751,13208.19
76750,28991.79
76749,42971.84
76748,28567.67
76747,16543.65
76746,12738.44
76745,17835.46
76744,17756.84
76743,24362.64
76742,38830.42
76741,26972.67
76740,12607.07
76739,13969.91
76738,17568.8
76737,39668.29
76736,43292.47
76735,73951.16
76734,33701.21
76733,31351.45
76732,21028.89
76731,31109.44
76730,21389.08
76729,28151.7
76728,58597.96
76727,48320.7
76726,15384.2
76725,18996.54
76724,12527.41
76723,18703.71
76722,26218.05
76721,49305.17
76720,34073.03
76719,24480.38
76718,6817.47
76717,16158.32
76716,35300.47
76715,50211.24
76714,73082.61
76713,65730.93
76712,36282.88
76711,39791.74
76710,54895.77
76709,23203.37
76708,32916.89
76707,49947.63
76706,49863.71
76705,16682.51
76704,19920.44
76703,31629.1
76702,30474.42
76701,40333.32
76700,65536.37
76699,62494.67
76698,29882.0
76697,30703.42
76696,35466.85
76695,24644.56
76694,51450.38
76693,66603.25
76692,17620.76
76691,16948.6
76690,15904.48
76689,20125.44
76688,26236.04
76687,36388.41
76686,32150.7
76685,320.02
76684,9534.55
76683,24731.85
76682,26915.51
76681,32593.53
76680,53166.69
76679,40861.06
76678,14794.19
76677,1224.45
76676,523.51
76675,81.43
76674,23010.76
76673,42621.54
76672,38945.91
76671,782.51
76670,17290.95
76669,20608.53
76668,42490.47
76667,44333.19
76666,61234.8
76665,52248.41
76664,27591.45
76663,27531.0
76662,33360.96
76661,29257.92
76660,37273.68
76659,68947.01
76658,40548.44
76657,18778.55
76656,18619.79
76655,23279.19
76654,32790.07
76653,35610.57
76652,72429.51
76651,38228.07
76650,18041.07
76649,18167.37
76648,19069.8
76647,21097.61
76646,46375.27
76645,60501.45
76644,47660.34
76643,30643.8
76642,25785.11
76641,36329.89
76640,28890.29
76639,38328.54
76638,57020.09
76637,54696.8
76636,20809.31
76635,21911.78
76634,30764.55
76633,36635.13
76632,46552.04
76631,55501.14
76630,41947.36
76629,44357.3
76628,22702.92
76627,25491.62
76626,28644.15
76625,34565.1
76624,44317.0
76623,40073.27
76622,21590.53
76621,39834.13
76620,34876.33
76619,37244.12
76618,49382.7
76617,64624.31
76616,46858.52
76615,29325.2
76614,30569.24
76613,39336.16
76612,37756.31
76611,48316.29
76610,65183.94
76609,47158.91
76608,18588.98
76607,18774.51
76606,19302.4
76605,21696.13
76604,37050.97
76603,37466.52
76602,44593.06
76601,17758.65
76600,13432.39
76599,22056.34
76598,24376.36
76597,26885.51
76596,34024.62
76595,21823.04
76594,22508.12
