203644,13969.14
203643,24563.56
203642,25209.31
203641,12217.2
203640,9076.91
203639,11030.57
203638,9192.14
203637,580.04
203636,18632.31
203635,16755.95
203634,10342.32
203633,9469.41
203632,8647.92
203631,13222.87
203630,16799.62
203629,23274.83
203628,18335.35
203627,17311.24
203626,8986.74
203625,11795.86
203624,12959.76
203623,12482.14
203622,24800.01
203621,17254.11
203620,9411.64
203619,8127.14
203618,11243.17
203617,12864.18
203616,17862.33
203615,20910.82
203614,9413.82
203613,13103.34
203612,12150.05
203611,16031.93
203610,17312.22
203609,20707.17
203608,28243.32
203607,16746.96
203606,11539.68
203605,13105.11
203604,16647.71
203603,29524.69
203602,35265.64
203601,46926.19
203600,31614.82
203599,22775.39
203598,17132.13
203597,16479.36
203596,15505.13
203595,24014.51
203594,32193.61
203593,26374.19
203592,14086.66
203591,10830.0
203590,17164.12
203589,16003.73
203588,23214.42
203587,27847.47
203586,22226.57
203585,18123.55
203584,13980.17
203583,13534.89
203582,29204.22
203581,29179.68
203580,37894.16
203579,32970.86
203578,21652.92
203577,21672.63
203576,34367.32
203575,19864.78
203574,19516.58
203573,31776.48
203572,25236.71
203571,16130.48
203570,13606.94
203569,26086.02
203568,21623.95
203567,29699.75
203566,35805.69
203565,29194.9
203564,16804.18
203563,22998.03
203562,27676.53
203561,22421.9
203560,36557.37
203559,43219.44
203558,16473.93
203557,12479.79
203556,14831.68
203555,19989.8
203554,25071.62
203553,25349.5
203552,22743.28
203551,780.82
203550,14755.0
203549,24277.45
203548,23375.01
203547,30188.27
203546,40852.83
203545,35784.5
203544,11360.63
203543,439.76
203542,428.75
203541,179.81
203540,23351.88
203539,27755.94
203538,22861.23
203537,314.13
203536,16851.31
203535,16752.58
203534,26510.05
203533,30967.71
203532,33502.22
203531,27014.84
203530,15919.31
203529,18536.35
203528,19961.14
203527,18855.27
203526,28434.25
203525,36386.11
203524,28135.09
203523,16744.28
203522,21680.34
203521,18808.11
203520,29796.17
203519,35421.27
203518,46095.69
203517,35439.64
203516,17336.98
203515,17558.32
203514,18668.02
203513,18628.67
203512,37198.56
203511,37877.71
203510,31086.01
203509,19788.1
203508,23636.92
203507,22327.28
203506,22908.48
203505,28458.19
203504,33404.08
203503,31479.54
203502,14263.49
203501,16072.62
203500,15698.49
203499,24289.75
203498,30890.89
203497,34748.03
203496,28736.19
203495,37115.79
203494,21493.2
203493,26150.12
203492,27039.04
203491,28761.3
203490,30836.53
203489,25153.68
203488,18564.68
203487,29071.0
203486,21418.41
203485,22548.38
203484,29866.04
203483,33500.65
203482,27851.04
203481,16962.19
203480,21208.26
203479,22936.1
203478,24181.49
203477,36179.56
203476,41416.29
203475,33016.08
203474,14221.02
203473,13533.7
203472,17753.46
203471,17829.41
203470,28796.9
203469,25629.45
203468,24656.92
203467,14054.28
203466,10257.66
203465,16110.35
203464,20907.99
203463,25751.74
203462,26724.46
203461,22970.93
203460,15460.9
