60240,26966.96
60239,60826.82
60238,61109.78
60237,19337.5
60236,19767.55
60235,17457.55
60234,21240.64
60233,877.7
60232,42359.17
60231,32064.95
60230,12665.88
60229,15763.94
60228,15755.81
60227,29606.92
60226,29480.73
60225,51432.2
60224,45591.17
60223,39181.94
60222,20623.01
60221,25032.21
60220,24284.04
60219,29035.79
60218,1481.26
60217,15209.1
60216,16470.06
60215,16762.88
60214,11864.47
60213,15950.05
60212,28582.89
60211,57939.77
60210,44135.87
60209,20939.16
60208,17092.71
60207,14203.67
60206,22434.01
60205,25794.45
60204,54343.77
60203,46686.7
60202,12236.8
60201,18170.08
60200,20384.24
60199,42772.38
60198,50567.55
60197,77350.44
60196,58783.8
60195,39656.63
60194,20184.67
60193,29888.49
60192,28093.12
60191,38924.74
60190,72536.21
60189,58462.9
60188,16535.91
60187,13760.6
60186,16523.58
60185,18173.5
60184,33526.54
60183,60528.54
60182,46105.61
60181,28935.1
60180,15832.18
60179,19609.91
60178,45350.71
60177,43139.73
60176,82004.88
60175,73841.24
60174,42423.64
60173,43904.3
60172,58237.95
60171,32930.67
60170,36515.84
60169,72585.28
60168,64300.33
60167,15570.06
60166,21549.53
60165,47830.18
60164,34032.4
60163,46865.27
60162,88167.1
60161,77364.38
60160,27893.54
60159,38524.68
60158,50867.86
60157,39091.25
60156,62420.08
60155,84329.1
60154,-18.0
60153,21235.64
60152,23178.94
60151,21585.38
60150,28581.76
60149,33487.16
60148,57131.77
60147,52941.07
60146,68.79
60145,22479.13
60144,34920.6
60143,34828.41
60142,44941.18
60141,70719.88
60140,82167.27
60139,18743.45
60138,21.59
60137,34063.21
60136,55509.0
60135,56089.2
60134,42.45
60133,20677.01
60132,25538.53
60131,46326.75
60130,53100.45
60129,88032.84
60128,80464.21
60127,30787.9
60126,26480.67
60125,39606.73
60124,35683.71
60123,53142.16
60122,102130.37
60121,63187.32
60120,29443.04
60119,28188.31
60118,38701.32
60117,52069.39
60116,60669.48
60115,119039.39
60114,67235.97
60113,23733.29
60112,22322.34
60111,24426.18
60110,22455.47
60109,58416.77
60108,88926.87
60107,80097.49
60106,33551.18
60105,39029.56
60104,43876.36
60103,37145.96
60102,45234.58
60101,81703.92
60100,89308.62
60099,26816.65
60098,25225.71
60097,30631.65
60096,45013.62
60095,67948.38
60094,83586.6
60093,74938.76
60092,77343.79
60091,32955.7
60090,24284.11
60089,38019.31
60088,36096.26
60087,64142.59
60086,60916.6
60085,19708.82
60084,50468.25
60083,48147.29
60082,46599.32
60081,52259.59
60080,83963.51
60079,79961.98
60078,40643.11
60077,43397.49
60076,44611.43
60075,53226.09
60074,70037.96
60073,95586.75
60072,89276.05
60071,30945.72
60070,39647.15
60069,31933.15
60068,33441.46
60067,58664.81
60066,63011.49
60065,79545.52
60064,24995.52
60063,25770.67
60062,33227.01
60061,41449.82
60060,44915.07
60059,65130.24
60058,56272.21
60057,50196.08
