200767,21940.23
200766,37133.69
200765,27693.96
200764,11079.67
200763,19224.0
200762,1968.5
200761,14462.02
200760,1064.27
200759,28183.07
200758,18857.79
200757,9721.65
200756,11128.92
200755,10835.08
200754,14849.79
200753,19267.95
200752,31635.97
200751,22841.9
200750,29983.71
200749,20822.79
200748,20257.62
200747,21821.51
200746,10347.98
200745,267.22
200744,46.45
200743,9451.99
200742,10931.98
200741,13763.49
200740,13325.71
200739,20485.67
200738,33977.69
200737,21126.86
200736,14904.23
200735,12986.54
200734,13059.35
200733,18041.83
200732,23361.51
200731,34024.59
200730,16587.08
200729,12666.66
200728,12019.83
200727,17116.3
200726,27350.28
200725,38383.97
200724,48943.55
200723,31881.72
200722,11717.71
200721,15514.26
200720,19099.28
200719,15827.93
200718,24301.19
200717,42799.28
200716,22360.22
200715,13623.28
200714,11381.12
200713,10791.25
200712,14920.68
200711,19875.26
200710,37536.49
200709,22658.89
200708,21592.63
200707,13637.22
200706,14821.46
200705,24120.41
200704,28123.07
200703,62255.28
200702,40960.67
200701,28816.23
200700,32697.74
200699,36040.92
200698,26444.86
200697,29662.95
200696,55389.12
200695,34302.45
200694,21572.64
200693,18763.94
200692,33645.63
200691,26457.4
200690,33720.56
200689,48461.58
200688,33318.61
200687,21345.09
200686,25248.0
200685,36326.57
200684,31077.72
200683,44267.71
200682,55988.27
200681,15396.51
200680,19001.62
200679,16663.11
200678,19974.13
200677,21392.3
200676,40799.51
200675,32472.93
200674,31.98
200673,12116.12
200672,24765.71
200671,22244.62
200670,32060.36
200669,45667.65
200668,35408.02
200667,11086.45
200666,16476.21
200665,19137.34
200664,19153.49
200663,25928.49
200662,33438.78
200661,27368.7
200660,16146.94
200659,21700.97
200658,18117.73
200657,34314.69
200656,35727.64
200655,53829.15
200654,37369.85
200653,21528.43
200652,29070.64
200651,23919.93
200650,21867.53
200649,23.98
200648,47216.98
200647,30298.6
200646,18613.98
200645,21324.77
200644,22067.94
200643,28263.27
200642,34832.19
200641,58021.25
200640,30669.56
200639,14447.3
200638,18951.96
200637,18191.77
200636,19123.47
200635,35288.77
200634,44657.4
200633,37105.5
200632,23191.77
200631,22767.95
200630,28260.68
200629,22495.95
200628,32999.45
200627,43717.79
200626,41710.1
200625,18269.33
200624,19447.86
200623,22497.62
200622,36047.49
200621,47322.38
200620,32982.23
200619,47604.23
200618,24064.34
200617,25978.55
200616,29067.31
200615,29981.32
200614,39690.0
200613,35852.29
200612,18664.9
200611,30952.8
200610,35459.74
200609,32546.35
200608,35687.67
200607,50267.46
200606,37714.2
200605,28355.12
200604,28518.77
200603,30773.43
200602,28254.28
200601,41556.62
200600,50399.26
200599,32016.45
200598,18256.17
200597,20710.43
200596,19830.46
200595,23476.53
200594,34059.61
200593,31422.26
200592,31693.75
200591,14633.65
200590,16229.66
200589,16214.06
200588,22884.86
200587,24379.63
200586,33199.63
200585,24691.08
200584,20547.47
