97897,31371.18
97896,58830.32
97895,56188.41
97894,18073.18
97893,16737.32
97892,18820.85
97891,24377.12
97890,917.17
97889,41384.19
97888,33590.51
97887,14664.38
97886,14651.43
97885,14212.54
97884,28822.98
97883,34670.7
97882,44246.58
97881,39774.87
97880,37110.6
97879,21322.3
97878,23337.41
97877,25539.97
97876,25943.95
97875,50294.95
97874,42499.56
97873,10074.91
97872,17957.83
97871,17671.44
97870,17370.19
97869,33789.64
97868,51144.85
97867,29558.77
97866,21427.38
97865,20701.93
97864,20774.18
97863,23327.87
97862,30918.64
97861,44925.27
97860,29024.99
97859,24004.22
97858,21125.33
97857,28969.93
97856,55697.87
97855,71168.42
97854,76371.97
97853,59473.35
97852,45733.0
97851,27060.62
97850,33370.43
97849,25460.22
97848,42755.68
97847,58966.92
97846,52289.86
97845,24416.89
97844,19012.72
97843,22507.8
97842,23317.32
97841,36982.58
97840,51846.17
97839,41886.85
97838,33546.71
97837,20209.87
97836,26583.01
97835,58183.09
97834,60145.65
97833,78144.75
97832,70386.54
97831,33310.94
97830,39578.9
97829,62353.01
97828,32111.86
97827,35403.01
97826,64595.99
97825,54558.33
97824,19273.64
97823,22570.09
97822,51023.45
97821,44315.77
97820,56005.41
97819,68963.0
97818,64738.47
97817,37254.34
97816,40558.77
97815,52850.1
97814,43929.75
97813,62966.42
97812,90335.7
97811,-109.99
97810,25120.79
97809,21019.83
97808,26059.96
97807,36061.14
97806,43814.91
97805,47792.0
97804,39127.34
97803,20330.83
97802,21508.23
97801,36833.13
97800,33838.5
97799,46158.77
97798,61422.31
97797,64367.47
97796,283.28
97795,22146.04
97794,26164.99
97793,31500.84
97792,39412.69
97791,50129.59
97790,43635.98
97789,20263.82
97788,24789.48
97787,21851.47
97786,51994.79
97785,58750.81
97784,68649.02
97783,59742.3
97782,28171.71
97781,37569.44
97780,41234.31
97779,35220.85
97778,77465.61
97777,51165.16
97776,26452.65
97775,33902.6
97774,32599.06
97773,54250.99
97772,61335.08
97771,105207.98
97770,58734.06
97769,22362.86
97768,22514.54
97767,26063.34
97766,24369.99
97765,65408.73
97764,72885.22
97763,58191.78
97762,29664.65
97761,41254.48
97760,42467.0
97759,35233.33
97758,51134.88
97757,71712.93
97756,72550.09
97755,26468.23
97754,29109.81
97753,26070.18
97752,37.3
97751,48630.32
97750,62087.82
97749,49726.79
97748,68585.11
97747,20665.18
97746,23775.36
97745,38636.11
97744,47772.34
97743,59831.52
97742,52919.84
97741,23385.31
97740,57070.84
97739,51090.76
97738,46889.06
97737,56803.33
97736,62562.59
97735,59560.64
97734,35316.76
97733,42851.56
97732,42363.78
97731,51120.82
97730,73704.81
97729,85237.15
97728,66296.62
97727,22591.69
97726,27595.36
97725,32440.09
97724,36989.56
97723,58103.58
97722,56447.09
97721,60124.41
97720,21111.98
97719,19899.9
97718,27248.56
97717,34532.95
97716,43104.18
97715,58731.19
97714,50041.98
97713,29956.76
