79662,37955.03
79661,44309.11
79660,36359.82
79659,13253.36
79658,10496.55
79657,12438.78
79656,14486.35
79655,544.55
79654,22077.35
79653,19750.7
79652,10333.89
79651,10495.01
79650,11896.97
79649,17234.73
79648,20713.63
79647,33330.71
79646,23405.28
79645,28283.65
79644,14415.49
79643,15983.06
79642,14912.84
79641,18894.3
79640,34772.58
79639,20432.82
79638,10816.17
79637,11292.06
79636,10956.99
79635,13623.03
79634,22505.2
79633,39050.1
79632,23907.17
79631,12629.49
79630,13423.47
79629,17032.45
79628,19213.27
79627,24995.17
79626,35013.71
79625,21168.18
79624,12501.7
79623,15419.84
79622,18549.85
79621,33802.89
79620,46424.83
79619,67922.07
79618,40320.02
79617,34925.63
79616,23054.97
79615,21424.88
79614,16602.19
79613,25816.17
79612,50076.88
79611,31329.48
79610,16054.74
79609,10765.51
79608,14284.03
79607,13868.19
79606,25670.55
79605,39302.38
79604,24432.54
79603,21406.22
79602,14486.58
79601,13958.93
79600,38270.27
79599,44228.6
79598,62770.94
79597,45869.96
79596,25009.56
79595,26624.45
79594,43335.73
79593,23662.62
79592,28001.7
79591,50527.38
79590,35757.97
79589,19851.27
79588,22329.06
79587,32144.06
79586,26507.98
79585,31844.24
79584,54119.21
79583,32073.06
79582,22837.57
79581,24604.91
79580,32186.21
79579,24893.86
79578,47037.73
79577,56928.95
79576,15316.3
79575,13438.35
79574,12567.47
79573,18633.58
79572,22969.68
79571,38053.33
79570,27275.57
79569,461.13
79568,17691.63
79567,29456.68
79566,26014.38
79565,36318.81
79564,53689.83
79563,35156.85
79562,10967.63
79561,15124.9
79560,15441.78
79559,16243.46
79558,23143.11
79557,39835.0
79556,27412.24
79555,13947.72
79554,14912.4
79553,16172.01
79552,32006.1
79551,33584.56
79550,50624.36
79549,30989.01
79548,23241.81
79547,8729.74
79546,19875.44
79545,26394.76
79544,908.14
79543,63521.65
79542,31357.28
79541,16424.12
79540,19985.6
79539,22350.8
79538,31754.67
79537,44525.12
79536,64082.42
79535,37406.08
79534,15421.74
79533,18600.4
79532,22776.38
79531,23017.46
79530,43089.62
79529,56208.11
79528,39408.86
79527,22823.05
79526,24426.06
79525,27719.85
79524,23091.89
79523,37493.12
79522,57094.62
79521,43297.55
79520,19961.5
79519,17685.21
79518,22800.55
79517,255.73
79516,35834.67
79515,45891.05
79514,34823.8
79513,46866.99
79512,15551.81
79511,18070.17
79510,23284.44
79509,30154.22
79508,41968.83
79507,29572.76
79506,18368.01
79505,30212.96
79504,29999.66
79503,30557.76
79502,39024.36
79501,57415.94
79500,35810.73
79499,23944.18
79498,24411.7
79497,26264.97
79496,35896.34
79495,43692.36
79494,55736.59
79493,39693.25
79492,18951.79
79491,15923.31
79490,21611.43
79489,23048.52
79488,32552.34
79487,33375.5
79486,32603.21
79485,16566.79
79484,15103.73
79483,16989.67
79482,25630.1
79481,23646.7
79480,36172.12
79479,21681.69
79478,22621.22
