78125,25669.64
78124,36720.31
78123,30682.94
78122,10098.53
78121,17481.16
78120,13584.68
78119,16353.48
78118,815.8
78117,24619.77
78116,12261.05
78115,8243.57
78114,10530.32
78113,8786.71
78112,23631.76
78111,27865.04
78110,35946.38
78109,26392.67
78108,22907.77
78107,21383.9
78106,15919.41
78105,18876.72
78104,19578.1
78103,36080.26
78102,23763.08
78101,11601.12
78100,10445.39
78099,12410.24
78098,12348.52
78097,24153.91
78096,29855.26
78095,21959.76
78094,15649.72
78093,11981.43
78092,15577.01
78091,15818.12
78090,23883.7
78089,35630.52
78088,17867.58
78087,15007.79
78086,11325.02
78085,17543.12
78084,38195.31
78083,45448.57
78082,58452.35
78081,44949.09
78080,24878.5
78079,19094.33
78078,29444.27
78077,22438.44
78076,32973.26
78075,50525.13
78074,35557.96
78073,18035.32
78072,16951.1
78071,7005.17
78070,9004.75
78069,27463.09
78068,39269.59
78067,25606.01
78066,22433.9
78065,6444.02
78064,14657.38
78063,36540.12
78062,47909.52
78061,65005.91
78060,53013.16
78059,41572.84
78058,39655.14
78057,51699.71
78056,24591.02
78055,31398.81
78054,51953.03
78053,37322.74
78052,14686.2
78051,19669.7
78050,27420.68
78049,30197.25
78048,35613.62
78047,67851.61
78046,49308.15
78045,32298.67
78044,39629.73
78043,24252.91
78042,24966.51
78041,50362.59
78040,53585.34
78039,13341.02
78038,15428.65
78037,15889.68
78036,19739.33
78035,25660.92
78034,31071.84
78033,21595.4
78032,691.24
78031,15580.54
78030,21490.25
78029,26436.11
78028,35127.52
78027,49556.58
78026,29583.89
78025,12544.1
78024,13506.26
78023,15615.39
78022,18002.68
78021,30816.18
78020,37651.49
78019,28159.48
78018,19037.62
78017,16703.08
78016,17388.04
78015,40105.85
78014,39976.98
78013,62348.17
78012,37686.96
78011,33620.5
78010,27438.45
78009,29761.96
78008,21773.08
78007,796.01
78006,50179.63
78005,29944.12
78004,19513.54
78003,21882.95
78002,21855.99
78001,30119.21
78000,40577.35
77999,56540.81
77998,38678.9
77997,15869.42
77996,15545.65
77995,20824.56
77994,15718.55
77993,47173.07
77992,54979.45
77991,42164.81
77990,25737.09
77989,26649.38
77988,30091.89
77987,28523.23
77986,37629.61
77985,46985.68
77984,43482.64
77983,17847.86
77982,22634.03
77981,20870.97
77980,177.68
77979,35896.51
77978,48142.27
77977,38548.3
77976,36808.94
77975,25721.72
77974,24227.24
77973,30015.3
77972,38500.89
77971,42386.81
77970,34226.78
77969,22047.78
77968,40463.77
77967,38509.33
77966,32800.59
77965,43734.71
77964,49319.56
77963,40908.87
77962,28274.27
77961,30780.19
77960,30325.99
77959,35632.78
77958,44928.29
77957,43474.18
77956,32954.57
77955,18911.1
77954,19906.41
77953,22321.29
77952,24624.29
77951,36535.94
77950,26488.91
77949,35000.25
77948,18843.93
77947,15438.37
77946,21873.13
77945,23909.76
77944,26505.94
77943,24855.76
77942,17747.52
77941,17091.25
