19744,30643.75
19743,50027.99
19742,34537.42
19741,11637.64
19740,11054.63
19739,13441.6
19738,10287.65
19737,1215.36
19736,25260.56
19735,18368.54
19734,9759.21
19733,9910.83
19732,12547.82
19731,22859.83
19730,26483.71
19729,43554.1
19728,23462.11
19727,26180.04
19726,10718.22
19725,15333.91
19724,15030.26
19723,19187.23
19722,44805.39
19721,28460.45
19720,9225.36
19719,11084.43
19718,14429.59
19717,16273.85
19716,24287.03
19715,46543.97
19714,26216.02
19713,14970.84
19712,272.71
19711,7553.98
19710,11958.22
19709,20702.43
19708,42122.04
19707,14633.01
19706,11871.7
19705,13147.15
19704,13858.06
19703,22328.89
19702,39987.86
19701,77699.66
19700,48551.09
19699,40128.53
19698,22582.62
19697,22888.99
19696,18023.02
19695,33173.65
19694,66131.43
19693,38263.0
19692,15432.66
19691,14437.37
19690,20274.5
19689,17108.54
19688,31136.14
19687,62923.14
19686,34921.07
19685,17709.66
19684,15886.15
19683,16144.96
19682,40996.56
19681,49389.11
19680,84373.36
19679,60932.71
19678,30829.96
19677,37388.62
19676,41436.86
19675,25866.26
19674,38636.73
19673,70941.78
19672,47485.79
19671,15697.4
19670,22011.82
19669,32912.74
19668,31381.14
19667,40796.08
19666,78535.97
19665,54303.92
19664,27831.94
19663,32301.78
19662,18171.99
19661,16226.59
19660,51427.76
19659,62412.49
19658,-83.98
19657,25031.16
19656,13934.61
19655,19233.06
19654,18761.02
19653,28550.32
19652,56644.16
19651,31050.28
19650,12776.7
19649,17153.23
19648,24782.86
19647,24250.04
19646,39355.71
19645,62137.34
19644,44410.76
19643,1581.32
19642,14945.16
19641,19989.81
19640,22439.67
19639,32425.6
19638,54132.55
19637,38330.4
19636,17344.44
19635,16638.46
19634,16564.99
19633,33167.81
19632,48170.9
19631,65361.15
19630,46810.92
19629,26323.65
19628,27101.06
19627,27364.45
19626,25993.64
19625,770.6
19624,73119.98
19623,44736.46
19622,20407.84
19621,18931.79
19620,23988.68
19619,32129.91
19618,38169.29
19617,64326.29
19616,40777.87
19615,18664.34
19614,19585.05
19613,22926.17
19612,24416.77
19611,51520.9
19610,66571.03
19609,47770.95
19608,27403.61
19607,30849.84
19606,33886.16
19605,27680.79
19604,44727.81
19603,63882.98
19602,50472.02
19601,21890.03
19600,23356.87
19599,24196.3
19598,41.35
19597,35499.55
19596,61106.97
19595,47648.2
19594,40387.29
19593,19487.25
19592,21743.97
19591,27568.28
19590,32168.48
19589,43032.04
19588,35264.67
19587,25420.39
19586,37329.2
19585,39131.02
19584,35535.53
19583,47976.8
19582,67446.22
19581,49575.14
19580,32874.81
19579,33151.55
19578,30092.67
19577,34473.24
19576,45851.47
19575,52068.25
19574,43928.61
19573,19737.87
19572,20589.19
19571,25275.68
19570,22763.51
19569,32819.88
19568,40842.55
19567,38701.19
19566,20005.15
19565,15436.48
19564,20634.04
19563,24912.37
19562,26961.73
19561,36876.18
19560,28939.37
19559,19231.0
