91755,17228.55
91754,24367.4
91753,18723.09
91752,8412.53
91751,9949.46
91750,7263.84
91749,11073.24
91748,651.97
91747,17278.47
91746,12714.42
91745,4771.11
91744,4184.34
91743,6728.68
91742,12175.62
91741,13758.07
91740,23304.0
91739,18684.17
91738,15179.61
91737,11034.26
91736,12066.28
91735,12126.97
91734,12560.34
91733,23008.82
91732,15462.33
91731,6038.46
91730,6696.28
91729,11663.16
91728,8701.21
91727,18848.23
91726,20022.56
91725,17006.6
91724,10047.38
91723,9400.0
91722,9418.28
91721,11918.9
91720,12826.05
91719,26823.63
91718,14003.19
91717,9322.47
91716,11936.12
91715,10543.57
91714,19306.62
91713,25008.16
91712,42570.97
91711,26805.26
91710,19787.73
91709,13172.91
91708,15449.92
91707,16133.8
91706,21429.53
91705,30016.28
91704,22967.23
91703,9854.93
91702,10401.72
91701,11991.25
91700,12267.39
91699,19319.11
91698,32822.86
91697,16089.47
91696,14702.26
91695,12969.69
91694,14917.73
91693,21447.02
91692,24608.13
91691,41800.5
91690,32228.78
91689,20169.26
91688,19419.91
91687,20205.51
91686,17200.39
91685,23939.61
91684,35215.31
91683,22000.9
91682,14146.06
91681,16402.21
91680,20807.99
91679,19344.01
91678,26722.24
91677,34774.11
91676,21489.2
91675,14674.94
91674,16091.82
91673,20414.73
91672,20490.38
91671,37399.76
91670,45438.0
91669,9776.91
91668,11308.58
91667,8104.21
91666,13876.19
91665,15497.64
91664,26513.21
91663,18059.97
91662,9671.79
91661,10817.33
91660,17428.05
91659,19985.1
91658,24080.7
91657,33793.58
91656,28014.7
91655,723.14
91654,11325.97
91653,14367.25
91652,12748.72
91651,18152.55
91650,26831.42
91649,24108.05
91648,7105.72
91647,9937.65
91646,9411.86
91645,17719.05
91644,25274.41
91643,36372.09
91642,22777.76
91641,14435.0
91640,15181.36
91639,14888.58
91638,16344.59
91637,483.19
91636,41119.44
91635,22939.47
91634,15018.04
91633,15489.72
91632,17765.94
91631,22694.4
91630,32956.92
91629,45365.7
91628,25721.94
91627,11283.29
91626,11591.05
91625,15536.97
91624,13060.23
91623,29857.43
91622,40071.08
91621,31513.94
91620,13234.96
91619,15733.41
91618,16474.0
91617,11936.37
91616,27965.61
91615,25626.8
91614,38717.88
91613,16490.58
91612,15347.61
91611,15101.85
91610,251.03
91609,21586.52
91608,40462.89
91607,29115.88
91606,31099.29
91605,11906.14
91604,14851.42
91603,15570.22
91602,22227.5
91601,30744.18
91600,23583.96
91599,10714.89
91598,23568.45
91597,21108.55
91596,19060.49
91595,27912.18
91594,36889.07
91593,22401.33
91592,15840.0
91591,17054.74
91590,16259.59
91589,24223.25
91588,31792.2
91587,39381.9
91586,31993.56
91585,11243.81
91584,12467.69
91583,14945.47
91582,15953.43
91581,21818.33
91580,25712.72
91579,26093.18
91578,9856.96
91577,11116.01
91576,14951.65
91575,17049.72
91574,18768.3
91573,28185.54
91572,18658.33
91571,19413.9
