1732,21667.1
1731,34675.04
1730,37157.56
1729,9330.44
1728,12185.87
1727,11369.98
1726,8461.96
1725,1489.51
1724,21911.59
1723,19852.82
1722,5822.09
1721,8021.38
1720,9700.46
1719,21226.32
1718,24232.72
1717,39327.0
1716,21090.85
1715,21375.8
1714,14776.5
1713,13605.68
1712,18195.96
1711,14660.64
1710,32174.78
1709,29079.32
1708,8585.83
1707,7809.01
1706,8133.38
1705,14430.63
1704,19909.6
1703,34676.14
1702,25727.01
1701,13530.44
1700,9584.91
1699,16503.39
1698,17955.09
1697,19537.43
1696,30802.42
1695,21266.15
1694,12561.14
1693,12635.19
1692,14209.46
1691,31848.31
1690,31068.37
1689,62412.42
1688,27614.14
1687,20988.4
1686,18770.14
1685,24310.49
1684,17693.03
1683,24463.04
1682,45704.04
1681,35342.57
1680,14232.64
1679,13086.58
1678,10804.71
1677,11745.97
1676,18006.29
1675,39508.61
1674,23724.0
1673,20687.93
1672,10681.05
1671,9102.7
1670,26009.01
1669,37431.05
1668,60988.37
1667,49162.72
1666,28751.46
1665,31273.45
1664,49073.3
1663,20637.21
1662,26791.09
1661,38515.23
1660,37838.5
1659,11663.74
1658,17878.11
1657,28874.26
1656,27434.19
1655,34531.62
1654,57764.84
1653,52516.31
1652,27673.13
1651,28910.68
1650,41300.01
1649,22986.99
1648,51082.97
1647,65243.8
1646,-13.99
1645,16895.07
1644,15861.68
1643,14084.27
1642,23906.43
1641,23272.93
1640,32313.42
1639,30083.47
1638,10861.9
1637,10367.32
1636,21812.6
1635,24157.95
1634,26055.82
1633,45567.24
1632,38048.56
1631,1023.21
1630,12495.98
1629,13681.66
1628,17710.86
1627,22928.72
1626,40681.77
1625,38362.65
1624,17459.45
1623,18539.23
1622,13705.86
1621,37841.52
1620,40517.73
1619,53330.44
1618,41841.28
1617,26471.41
1616,23659.88
1615,22017.51
1614,25184.63
1613,606.09
1612,54382.98
1611,36032.11
1610,16446.64
1609,19002.72
1608,19552.0
1607,30319.02
1606,34551.92
1605,60054.03
1604,35882.79
1603,12901.03
1602,16003.07
1601,17872.76
1600,22054.79
1599,41381.8
1598,49629.85
1597,50034.52
1596,26058.68
1595,28231.92
1594,30389.0
1593,28608.33
1592,32838.18
1591,52863.5
1590,54557.83
1589,22961.93
1588,21892.5
1587,23647.58
1586,349.25
1585,36808.47
1584,51158.51
1583,42040.14
1582,45903.82
1581,22401.38
1580,21297.24
1579,26467.64
1578,28578.02
1577,25181.99
1576,43291.74
1575,16129.85
1574,30550.03
1573,30478.26
1572,30872.01
1571,34903.19
1570,49357.14
1569,39713.39
1568,28113.83
1567,29123.99
1566,32806.68
1565,34016.9
1564,45502.87
1563,60633.7
1562,56414.5
1561,13940.05
1560,12896.31
1559,14240.13
1558,20876.01
1557,34628.95
1556,30464.72
1555,38427.66
1554,11427.05
1553,11691.8
1552,16371.18
1551,21458.96
1550,23661.56
1549,32156.19
1548,23624.55
1547,16200.52
