168790,20115.75
168789,26526.02
168788,15972.82
168787,8169.72
168786,8400.78
168785,9533.17
168784,11789.59
168783,429.22
168782,20844.63
168781,11795.89
168780,4609.58
168779,6940.53
168778,7051.47
168777,11793.79
168776,12892.06
168775,19483.73
168774,14784.07
168773,13992.19
168772,8972.55
168771,9430.02
168770,10593.52
168769,13682.4
168768,21154.32
168767,13943.04
168766,9593.08
168765,7022.44
168764,7724.43
168763,8794.45
168762,14277.76
168761,23068.71
168760,16516.26
168759,10358.32
168758,10800.91
168757,9093.18
168756,15011.61
168755,17612.78
168754,27915.29
168753,10700.89
168752,10116.36
168751,10118.55
168750,12282.11
168749,22210.86
168748,28891.81
168747,46474.61
168746,28088.61
168745,28422.97
168744,15905.54
168743,16720.25
168742,10068.39
168741,21443.02
168740,32168.93
168739,22813.4
168738,9688.76
168737,9180.35
168736,11877.46
168735,9272.78
168734,16785.17
168733,26689.84
168732,17592.84
168731,11103.29
168730,8568.0
168729,11170.61
168728,17256.38
168727,21284.17
168726,38529.45
168725,27145.11
168724,15593.29
168723,17937.76
168722,25682.3
168721,16726.4
168720,17989.53
168719,33096.12
168718,27197.15
168717,11878.94
168716,10395.48
168715,18720.79
168714,18943.1
168713,24565.21
168712,37888.17
168711,24418.82
168710,15871.96
168709,16644.17
168708,17552.54
168707,16289.45
168706,27080.34
168705,37627.25
168704,12718.81
168703,12574.61
168702,10895.03
168701,14933.73
168700,19896.64
168699,27733.51
168698,20810.34
168697,798.26
168696,12230.0
168695,27142.95
168694,25757.93
168693,32970.6
168692,36897.05
168691,28394.2
168690,12760.89
168689,1014.5
168688,552.99
168687,231.12
168686,18278.88
168685,26681.77
168684,19464.47
168683,712.57
168682,11483.27
168681,13883.11
168680,19410.56
168679,25499.14
168678,36811.47
168677,24623.89
168676,16026.04
168675,14356.08
168674,15528.47
168673,14411.72
168672,23975.75
168671,34545.7
168670,20069.04
168669,12123.85
168668,14567.96
168667,14726.85
168666,19968.85
168665,25000.96
168664,37349.92
168663,22040.88
168662,12582.1
168661,11577.51
168660,14844.75
168659,11422.2
168658,23808.0
168657,29711.14
168656,24254.46
168655,17210.29
168654,17855.78
168653,18358.45
168652,18758.71
168651,19547.86
168650,32627.67
168649,25517.3
168648,10851.17
168647,9614.54
168646,14509.2
168645,18410.49
168644,23244.9
168643,28129.19
168642,19701.2
168641,24061.71
168640,12322.35
168639,13901.98
168638,15773.81
168637,21918.73
168636,25286.27
168635,21493.61
168634,16768.76
168633,21743.05
168632,23079.09
168631,18935.5
168630,28404.91
168629,33748.75
168628,25364.71
168627,19883.14
168626,17959.3
168625,15930.18
168624,21986.99
168623,25975.24
168622,30551.56
168621,19429.93
168620,13104.46
168619,14114.02
168618,16797.26
168617,17247.91
168616,23114.19
168615,19944.82
168614,17880.01
168613,14397.61
168612,13487.2
168611,14409.2
168610,17828.8
168609,17872.46
168608,24175.86
168607,20867.3
168606,12178.17
