73321,35281.15
73320,40959.46
73319,32469.68
73318,9840.18
73317,14925.47
73316,13529.49
73315,15076.93
73314,979.85
73313,25754.17
73312,21880.51
73311,13339.22
73310,11169.09
73309,12042.73
73308,23031.49
73307,22790.97
73306,39147.13
73305,27325.39
73304,23999.13
73303,16674.23
73302,14172.68
73301,12425.14
73300,16944.83
73299,41702.0
73298,28730.78
73297,13373.54
73296,13190.76
73295,14343.44
73294,15743.64
73293,21846.31
73292,38797.28
73291,22487.1
73290,15054.02
73289,18002.52
73288,18946.2
73287,19876.81
73286,24146.24
73285,42725.48
73284,24315.21
73283,13147.67
73282,16959.08
73281,20671.19
73280,39010.39
73279,46339.41
73278,76176.05
73277,37599.75
73276,32868.45
73275,23506.25
73274,25665.6
73273,19178.26
73272,36393.94
73271,51352.34
73270,33419.4
73269,22359.99
73268,16531.06
73267,18196.65
73266,14456.87
73265,26173.51
73264,50450.17
73263,26937.7
73262,22580.71
73261,17268.45
73260,18262.69
73259,37433.15
73258,49298.58
73257,77200.04
73256,48444.89
73255,26768.42
73254,32272.18
73253,41678.88
73252,27473.73
73251,36691.43
73250,69773.23
73249,47915.09
73248,20575.31
73247,23625.84
73246,39507.29
73245,37377.54
73244,40960.56
73243,69208.33
73242,39265.09
73241,29194.47
73240,33233.1
73239,38169.38
73238,36520.86
73237,48288.39
73236,64708.74
73235,-19.08
73234,19216.49
73233,17528.01
73232,17973.98
73231,22048.56
73230,27222.46
73229,45713.2
73228,34048.42
73227,15241.86
73226,19452.42
73225,30388.89
73224,31314.14
73223,44983.86
73222,55726.07
73221,42290.27
73220,700.34
73219,18896.39
73218,18547.92
73217,25022.91
73216,29026.97
73215,47545.46
73214,34826.46
73213,14397.25
73212,19051.36
73211,21109.44
73210,42390.12
73209,41775.2
73208,57232.14
73207,39033.46
73206,25874.84
73205,26800.72
73204,30821.14
73203,28929.38
73202,690.78
73201,75310.43
73200,35755.99
73199,21134.59
73198,23868.65
73197,25247.52
73196,35306.22
73195,43067.62
73194,67471.41
73193,37899.73
73192,13540.27
73191,25106.58
73190,22687.88
73189,25017.95
73188,50555.64
73187,70170.76
73186,46002.53
73185,26426.97
73184,29180.13
73183,34427.72
73182,32498.5
73181,46412.35
73180,58164.64
73179,43153.23
73178,21677.06
73177,23006.13
73176,23289.81
73175,318.26
73174,40065.67
73173,49349.95
73172,36521.44
73171,43163.53
73170,20242.88
73169,21045.71
73168,28185.76
73167,31394.36
73166,44622.45
73165,34183.74
73164,23392.44
73163,38033.35
73162,30491.18
73161,34987.11
73160,40536.73
73159,55464.15
73158,39835.59
73157,28618.18
73156,32891.38
73155,35843.62
73154,34913.87
73153,48306.61
73152,59774.11
73151,45875.83
73150,18114.82
73149,20542.61
73148,22472.68
73147,25799.66
73146,36921.43
73145,42697.72
73144,41200.26
73143,20343.7
73142,16311.21
73141,23268.55
73140,26424.31
73139,26470.61
73138,39737.57
73137,25624.35
73136,26426.25
