2693,28294.11
2692,41350.29
2691,31161.11
2690,18580.92
2689,16462.25
2688,17295.19
2687,19011.3
2686,936.38
2685,29191.28
2684,23912.15
2683,14124.55
2682,13919.83
2681,12579.15
2680,23088.23
2679,25595.94
2678,30797.22
2677,24289.07
2676,27071.77
2675,21920.9
2674,19923.27
2673,21869.43
2672,20567.87
2671,28722.76
2670,25266.53
2669,16791.72
2668,17870.08
2667,16859.01
2666,18236.67
2665,20131.81
2664,32589.93
2663,26909.56
2662,24429.75
2661,21444.86
2660,21182.74
2659,26181.6
2658,31818.41
2657,33345.16
2656,25987.49
2655,22724.52
2654,22960.27
2653,25205.31
2652,49158.95
2651,59282.48
2650,73137.75
2649,46422.98
2648,47304.54
2647,36471.65
2646,31275.88
2645,28762.32
2644,42350.03
2643,55828.16
2642,41905.49
2641,35756.67
2640,23589.27
2639,26177.57
2638,24699.64
2637,36276.74
2636,47593.01
2635,30508.46
2634,31779.24
2633,27237.36
2632,23704.75
2631,46015.88
2630,48728.86
2629,59936.89
2628,54846.23
2627,33263.5
2626,41625.41
2625,54879.83
2624,31772.72
2623,44736.46
2622,48738.4
2621,42789.06
2620,22859.91
2619,22033.37
2618,39449.13
2617,36831.03
2616,46553.38
2615,64723.44
2614,40487.18
2613,29917.55
2612,36080.62
2611,39539.92
2610,36240.22
2609,48123.99
2608,58643.14
2607,24305.3
2606,23498.18
2605,20594.33
2604,27452.17
2603,36242.5
2602,30569.54
2601,27961.83
2600,321.05
2599,20659.78
2598,41394.06
2597,33609.8
2596,46508.36
2595,56088.73
2594,50193.19
2593,18402.08
2592,17408.2
2591,18706.72
2590,24709.53
2589,31948.98
2588,35808.01
2587,30994.91
2586,16946.31
2585,14492.48
2584,15017.95
2583,36079.29
2582,39457.74
2581,46054.25
2580,34290.09
2579,21691.66
2578,19894.94
2577,24848.92
2576,20756.16
2575,582.16
2574,44309.45
2573,32422.37
2572,18942.9
2571,23631.27
2570,21869.77
2569,35820.11
2568,42477.59
2567,58926.1
2566,42997.42
2565,20866.47
2564,23800.43
2563,19046.87
2562,17630.79
2561,41636.09
2560,48786.77
2559,39738.92
2558,27412.84
2557,26202.12
2556,27714.62
2555,28886.71
2554,37785.96
2553,44180.92
2552,42489.94
2551,19060.13
2550,20968.62
2549,21310.93
2548,581.6
2547,33501.58
2546,39289.33
2545,26430.05
2544,36629.56
2543,14100.04
2542,18184.48
2541,17819.19
2540,23079.11
2539,28196.85
2538,24212.05
2537,11268.51
2536,32583.85
2535,24608.08
2534,25572.96
2533,28638.14
2532,44169.2
2531,36324.48
2530,25385.81
2529,25266.81
2528,27350.05
2527,33519.73
2526,45013.73
2525,42462.47
2524,31504.04
2523,15034.08
2522,15722.31
2521,16802.77
2520,19298.15
2519,28971.56
2518,29282.14
2517,32772.32
2516,13755.51
2515,12641.14
2514,14521.78
2513,22507.0
2512,24524.81
2511,28676.12
2510,20625.22
2509,20473.14
