102862,33117.67
102861,52069.67
102860,45542.19
102859,18217.93
102858,17568.97
102857,25789.02
102856,25653.79
102855,1109.69
102854,40629.81
102853,29621.88
102852,22170.47
102851,23996.58
102850,19329.66
102849,39476.02
102848,38895.73
102847,43987.48
102846,30023.53
102845,40136.26
102844,30418.38
102843,31453.23
102842,29697.43
102841,30700.44
102840,43499.2
102839,36648.41
102838,24006.0
102837,23983.32
102836,23238.62
102835,23026.39
102834,41018.02
102833,48262.64
102832,42804.6
102831,27277.72
102830,31155.07
102829,32655.82
102828,30843.75
102827,38150.23
102826,43003.03
102825,29875.13
102824,28768.56
102823,32520.03
102822,39187.92
102821,65350.32
102820,63074.15
102819,79929.21
102818,58898.39
102817,61296.06
102816,40639.33
102815,48594.03
102814,37659.35
102813,60305.7
102812,68981.78
102811,55060.76
102810,30308.66
102809,28413.8
102808,32266.61
102807,29620.41
102806,43438.1
102805,49643.2
102804,37690.34
102803,45098.99
102802,30742.65
102801,31114.81
102800,58662.34
102799,66847.22
102798,72769.03
102797,67734.42
102796,55031.53
102795,58011.51
102794,76731.89
102793,44674.56
102792,47969.16
102791,56757.56
102790,51819.03
102789,31885.96
102788,32447.06
102787,52674.13
102786,46552.58
102785,59925.01
102784,67722.44
102783,54847.23
102782,51303.5
102781,53477.54
102780,63036.16
102779,49643.82
102778,62628.07
102777,83468.76
102776,34400.49
102775,30807.39
102774,32186.19
102773,38880.05
102772,42126.32
102771,45298.03
102770,40023.53
102769,1334.37
102768,27631.17
102767,47157.57
102766,38853.06
102765,49399.65
102764,57600.85
102763,56785.79
102762,17678.58
102761,30036.75
102760,27935.49
102759,34804.28
102758,38932.1
102757,44020.65
102756,41218.18
102755,24774.72
102754,21595.64
102753,26518.46
102752,57565.74
102751,61278.23
102750,59896.1
102749,50701.5
102748,37888.5
102747,35532.95
102746,38261.14
102745,40573.29
102744,1398.92
102743,60929.51
102742,36184.06
102741,29646.49
102740,30348.86
102739,32518.61
102738,45544.37
102737,47100.19
102736,74436.15
102735,54803.89
102734,24509.04
102733,27299.46
102732,23976.06
102731,25766.78
102730,52172.88
102729,60531.08
102728,48957.39
102727,34421.4
102726,42437.26
102725,41597.87
102724,38948.69
102723,48996.57
102722,55539.05
102721,58613.15
102720,34332.96
102719,31266.78
102718,23236.83
102717,298.43
102716,38844.34
102715,45944.74
102714,38959.64
102713,47347.48
102712,18459.12
102711,21170.96
102710,30708.47
102709,31378.96
102708,35737.57
102707,38582.89
102706,21262.07
102705,39240.34
102704,36457.25
102703,35304.84
102702,42233.03
102701,52291.4
102700,41617.52
102699,29972.57
102698,28775.6
102697,30425.26
102696,38185.52
102695,43683.06
102694,54611.99
102693,40278.78
102692,21003.79
102691,20077.05
102690,21656.61
102689,29154.32
102688,37699.13
102687,35332.87
102686,35846.04
102685,20060.56
102684,17198.61
102683,17899.66
102682,24963.01
102681,26306.94
102680,33110.51
102679,29618.99
102678,25209.24
