62934,12900.79
62933,27305.4
62932,24327.82
62931,13093.23
62930,13787.17
62929,15080.47
62928,15360.64
62927,852.82
62926,24822.07
62925,13969.99
62924,13242.38
62923,9504.31
62922,14293.89
62921,22079.37
62920,19980.38
62919,32736.36
62918,20922.13
62917,26082.17
62916,17485.06
62915,20333.31
62914,17670.25
62913,18105.81
62912,2648.23
62911,24761.24
62910,14987.65
62909,15859.97
62908,15806.26
62907,12196.75
62906,16170.62
62905,31317.59
62904,20090.42
62903,17891.71
62902,15294.19
62901,11306.06
62900,15198.58
62899,10643.26
62898,28436.29
62897,23103.89
62896,8581.82
62895,13191.6
62894,14147.97
62893,28270.29
62892,25161.38
62891,38441.48
62890,21638.06
62889,19143.52
62888,13886.76
62887,22679.28
62886,15737.38
62885,20700.3
62884,29732.48
62883,26181.2
62882,13693.88
62881,11232.11
62880,9982.61
62879,11471.2
62878,13993.31
62877,28630.36
62876,20794.73
62875,12932.95
62874,14026.83
62873,17219.25
62872,26359.15
62871,25069.58
62870,44089.11
62869,32077.1
62868,21736.7
62867,29151.11
62866,38754.56
62865,25134.59
62864,23628.16
62863,43251.3
62862,34611.32
62861,13992.39
62860,17091.59
62859,24740.32
62858,23712.23
62857,24567.1
62856,39825.51
62855,38124.75
62854,20092.01
62853,24750.51
62852,29755.38
62851,25473.16
62850,32352.6
62849,48570.05
62848,17831.32
62847,13163.85
62846,19138.13
62845,19571.98
62844,20234.94
62843,28564.76
62842,29917.96
62841,196.36
62840,12334.19
62839,20919.02
62838,19319.23
62837,22771.05
62836,32601.33
62835,35041.61
62834,18207.82
62833,23023.35
62832,23971.9
62831,24025.02
62830,23260.02
62829,27317.05
62828,24834.31
62827,17793.79
62826,14636.44
62825,17020.15
62824,22783.6
62823,26635.12
62822,39351.75
62821,34061.67
62820,23044.1
62819,19501.62
62818,22106.66
62817,24504.14
62816,2394.58
62815,42505.09
62814,28891.3
62813,17396.03
62812,18202.91
62811,18095.99
62810,25409.87
62809,34975.81
62808,44096.06
62807,31987.84
62806,15272.14
62805,17913.04
62804,21973.86
62803,20020.24
62802,27288.29
62801,37979.19
62800,30122.18
62799,21277.4
62798,24721.56
62797,23778.55
62796,23056.25
62795,26335.18
62794,37276.8
62793,37931.54
62792,18628.75
62791,23009.47
62790,25407.88
62789,557.61
62788,36717.08
62787,46288.72
62786,37169.69
62785,43007.78
62784,26989.66
62783,24704.8
62782,26722.9
62781,30532.28
62780,34055.95
62779,33328.41
62778,22292.98
62777,29983.36
62776,30397.22
62775,27889.1
62774,26902.0
62773,39537.48
62772,34112.9
62771,26222.46
62770,25773.33
62769,25335.77
62768,32704.39
62767,33721.98
62766,48354.41
62765,35751.23
62764,19870.15
62763,22313.69
62762,23150.87
62761,21835.61
62760,27562.76
62759,30288.02
62758,31967.13
62757,18184.68
62756,15171.73
62755,20719.74
62754,23800.11
62753,25166.51
62752,31801.51
62751,22858.64
62750,17425.68
