16297,17975.14
16296,27601.73
16295,19310.84
16294,8172.55
16293,15725.66
16292,12337.49
16291,12142.18
16290,375.08
16289,27790.14
16288,13355.42
16287,7141.85
16286,5403.1
16285,6137.08
16284,10166.94
16283,24437.61
16282,26584.24
16281,20551.76
16280,21476.85
16279,9113.89
16278,13154.44
16277,11406.92
16276,12338.15
16275,31414.96
16274,15913.67
16273,9491.24
16272,9078.0
16271,7222.82
16270,11918.37
16269,13823.27
16268,33987.09
16267,21938.23
16266,12165.91
16265,13548.33
16264,10905.6
16263,15786.86
16262,18537.91
16261,30169.25
16260,22002.49
16259,13121.97
16258,11942.44
16257,14144.35
16256,22790.23
16255,16799.85
16254,38236.65
16253,27295.06
16252,34930.5
16251,5107.57
16250,18015.16
16249,17521.26
16248,31142.1
16247,41867.12
16246,25367.9
16245,11658.58
16244,13608.19
16243,8040.96
16242,11564.67
16241,18567.02
16240,35730.1
16239,23645.33
16238,17518.38
16237,11794.32
16236,8646.44
16235,25688.05
16234,34530.65
16233,62759.88
16232,43318.56
16231,24059.13
16230,27537.67
16229,32758.87
16228,19266.5
16227,28538.37
16226,51088.77
16225,35981.45
16224,13660.3
16223,16209.45
16222,31293.08
16221,28426.44
16220,35404.73
16219,66497.75
16218,40441.41
16217,25680.06
16216,26762.95
16215,26529.14
16214,22591.93
16213,43947.2
16212,53119.98
16211,16318.55
16210,15594.96
16209,18303.22
16208,18573.95
16207,22947.86
16206,47265.97
16205,27581.71
16204,403.35
16203,13701.4
16202,18832.03
16201,23353.91
16200,28421.45
16199,60368.31
16198,38791.04
16197,12438.5
16196,673.04
16195,553.54
16194,214.0
16193,24830.16
16192,45197.06
16191,29133.93
16190,325.08
16189,17495.18
16188,20116.12
16187,36181.99
16186,41023.68
16185,57431.57
16184,35632.89
16183,20518.0
16182,20982.26
16181,28525.12
16180,27088.92
16179,35139.72
16178,58319.5
16177,28805.94
16176,19452.37
16175,20244.13
16174,25247.39
16173,31500.41
16172,38763.94
16171,60221.26
16170,36354.16
16169,14863.07
16168,14490.19
16167,17765.39
16166,11895.97
16165,40778.49
16164,58928.26
16163,39394.33
16162,21224.15
16161,21807.83
16160,27022.71
16159,23312.24
16158,38909.79
16157,53298.0
16156,47421.98
16155,19365.15
16154,21846.78
16153,19501.5
16152,29520.88
16151,42853.84
16150,44048.47
16149,36014.72
16148,38099.92
16147,22169.3
16146,21834.4
16145,26344.44
16144,34274.69
16143,44149.81
16142,40191.23
16141,16001.32
16140,29430.51
16139,33144.93
16138,31379.51
16137,34938.25
16136,50158.32
16135,40697.24
16134,24906.01
16133,22868.38
16132,23289.28
16131,32044.55
16130,39169.33
16129,38689.02
16128,26917.34
16127,17854.3
16126,21516.9
16125,22109.47
16124,24049.56
16123,40262.86
16122,31254.35
16121,30841.47
16120,24063.71
16119,12318.04
16118,20084.61
16117,26132.4
16116,34170.42
16115,33481.9
16114,21905.26
16113,14386.26
