161121,20764.55
161120,27161.8
161119,19048.79
161118,6399.11
161117,10295.81
161116,8953.18
161115,8369.03
161114,360.84
161113,12273.11
161112,14023.95
161111,3650.8
161110,7381.92
161109,8748.05
161108,16284.25
161107,15397.35
161106,23848.98
161105,14077.06
161104,17430.12
161103,9646.58
161102,7702.0
161101,12305.02
161100,13867.13
161099,27113.91
161098,19683.64
161097,6308.92
161096,7779.29
161095,8307.36
161094,7389.84
161093,15004.22
161092,25006.25
161091,18375.59
161090,9857.43
161089,8561.32
161088,8644.57
161087,12178.87
161086,17270.76
161085,25080.98
161084,13564.12
161083,4797.26
161082,8081.5
161081,7356.67
161080,25259.7
161079,28831.36
161078,41972.03
161077,12409.78
161076,22238.45
161075,12542.31
161074,17799.59
161073,14899.98
161072,23733.29
161071,36259.63
161070,21620.02
161069,10170.23
161068,9424.74
161067,7947.41
161066,10592.91
161065,16089.48
161064,27974.34
161063,17197.37
161062,12884.28
161061,7341.64
161060,13104.84
161059,27506.77
161058,28438.72
161057,45453.72
161056,32442.7
161055,17198.99
161054,20481.93
161053,24508.35
161052,17043.16
161051,25375.43
161050,34275.86
161049,24926.94
161048,9965.1
161047,13200.26
161046,21883.97
161045,20123.11
161044,25531.34
161043,45535.01
161042,24177.34
161041,17306.02
161040,22936.6
161039,23904.42
161038,25722.82
161037,37214.79
161036,40197.98
161035,12240.33
161034,10989.29
161033,13600.25
161032,12054.71
161031,17933.85
161030,27648.89
161029,16626.54
161028,1005.63
161027,11005.35
161026,18502.78
161025,17326.19
161024,22025.91
161023,33491.89
161022,24396.76
161021,11816.18
161020,9441.84
161019,10818.43
161018,11869.77
161017,19585.4
161016,24002.44
161015,18328.01
161014,9903.23
161013,10824.31
161012,12258.72
161011,30081.76
161010,31973.25
161009,40647.75
161008,28877.59
161007,16060.92
161006,16550.7
161005,22417.01
161004,21784.56
161003,729.62
161002,42959.98
161001,25311.56
161000,12416.01
160999,16041.12
160998,14760.48
160997,18315.41
160996,24882.51
160995,35889.52
160994,21464.07
160993,11042.38
160992,14098.07
160991,14901.99
160990,15093.06
160989,30453.45
160988,36204.89
160987,25472.67
160986,17142.0
160985,16345.29
160984,23310.57
160983,20593.27
160982,25744.96
160981,28059.49
160980,27653.05
160979,15511.01
160978,13523.56
160977,11374.39
160976,203.65
160975,23210.66
160974,25945.76
160973,20559.15
160972,24190.25
160971,12177.48
160970,11800.07
160969,16976.61
160968,20450.16
160967,26969.42
160966,14408.05
160965,11607.38
160964,20584.95
160963,20355.73
160962,27223.06
160961,28823.94
160960,36200.06
160959,26708.12
160958,19086.92
160957,22307.78
160956,17344.56
160955,20531.66
160954,31226.59
160953,32349.32
160952,21771.15
160951,11546.53
160950,11946.42
160949,11252.93
160948,14549.91
160947,21643.06
160946,18446.35
160945,21104.27
160944,11551.39
160943,8693.69
160942,11398.36
160941,13347.58
160940,13407.99
160939,19218.14
160938,11970.21
160937,13646.33
