109169,27631.71
109168,35373.47
109167,26808.59
109166,8285.43
109165,10967.23
109164,7343.78
109163,7699.04
109162,867.13
109161,29691.46
109160,20023.71
109159,10206.49
109158,9875.88
109157,10725.29
109156,14903.84
109155,10737.84
109154,22471.95
109153,21514.7
109152,21519.68
109151,11579.67
109150,13990.48
109149,11410.62
109148,13878.98
109147,25879.89
109146,18708.19
109145,10778.99
109144,9054.51
109143,11480.41
109142,11286.07
109141,20305.8
109140,32546.52
109139,18664.57
109138,6999.31
109137,10056.74
109136,13336.18
109135,15800.57
109134,19830.41
109133,33192.05
109132,14775.49
109131,11788.3
109130,12886.08
109129,15371.6
109128,25261.86
109127,33084.83
109126,50583.92
109125,31316.69
109124,26428.58
109123,15433.04
109122,19679.66
109121,11538.97
109120,29092.32
109119,40282.26
109118,26725.03
109117,16920.18
109116,11062.1
109115,16752.61
109114,13112.39
109113,19314.43
109112,33757.89
109111,20366.93
109110,17327.17
109109,14676.16
109108,14001.32
109107,22473.42
109106,29816.83
109105,47158.31
109104,33236.26
109103,20149.73
109102,19994.8
109101,27829.61
109100,21234.66
109099,20930.97
109098,35417.94
109097,24730.86
109096,13934.22
109095,19191.74
109094,23639.97
109093,21038.27
109092,26961.61
109091,43265.13
109090,29977.3
109089,22637.43
109088,20019.15
109087,25756.26
109086,22315.6
109085,29782.98
109084,41529.73
109083,18931.68
109082,13799.06
109081,15248.61
109080,16137.28
109079,24322.06
109078,31083.28
109077,23636.17
109076,637.16
109075,12262.91
109074,22695.9
109073,23113.2
109072,28695.92
109071,42924.84
109070,31552.02
109069,13160.2
109068,844.74
109067,451.08
109066,53.75
109065,20526.35
109064,33021.84
109063,26877.72
109062,788.53
109061,15400.05
109060,15758.71
109059,25246.39
109058,30404.94
109057,41484.14
109056,27021.9
109055,19441.29
109054,18469.04
109053,20732.63
109052,22399.39
109051,26376.57
109050,41511.58
109049,25023.33
109048,15256.23
109047,17044.62
109046,17795.47
109045,27111.05
109044,28903.58
109043,44833.02
109042,27526.35
109041,19040.84
109040,16025.67
109039,22407.18
109038,20147.57
109037,31719.95
109036,38213.05
109035,32292.29
109034,21668.39
109033,22290.93
109032,25407.82
109031,20842.11
109030,32630.35
109029,37506.29
109028,33646.55
109027,14376.16
109026,19192.37
109025,20286.76
109024,24596.15
109023,28889.04
109022,30937.62
109021,29353.93
109020,33478.5
109019,17362.11
109018,19413.63
109017,24122.91
109016,27531.89
109015,35884.16
109014,28734.11
109013,20848.26
109012,27171.38
109011,27706.41
109010,26700.8
109009,32492.72
109008,35606.75
109007,31043.51
109006,22774.39
109005,22462.45
109004,22000.86
109003,24504.82
109002,33763.32
109001,39048.44
109000,29663.77
108999,20052.78
108998,18964.92
108997,21132.61
108996,19422.83
108995,26494.21
108994,28176.82
108993,30645.6
108992,16412.35
108991,15455.86
108990,17605.81
108989,21296.37
108988,27882.13
108987,31807.81
108986,22311.65
108985,17424.29
