219668,20675.43
219667,31486.01
219666,24813.65
219665,12883.11
219664,9795.76
219663,11833.6
219662,11470.49
219661,438.95
219660,25873.24
219659,19558.05
219658,9232.29
219657,14108.22
219656,11476.39
219655,16692.54
219654,19009.72
219653,30501.52
219652,20694.06
219651,19701.62
219650,11838.19
219649,13834.11
219648,11471.2
219647,15028.33
219646,26296.06
219645,16296.5
219644,9008.35
219643,10524.85
219642,10677.2
219641,15705.17
219640,17347.94
219639,28616.19
219638,19162.02
219637,13971.2
219636,13388.2
219635,13497.57
219634,12751.54
219633,18699.69
219632,31219.31
219631,19809.69
219630,14238.92
219629,12715.18
219628,17056.57
219627,26583.88
219626,30614.67
219625,46157.72
219624,27955.82
219623,23233.41
219622,17704.5
219621,15967.76
219620,14483.92
219619,22567.88
219618,39568.29
219617,24697.31
219616,12925.18
219615,13898.16
219614,13944.51
219613,12582.2
219612,21401.22
219611,32190.64
219610,23084.22
219609,14986.44
219608,12077.13
219607,15067.13
219606,27585.45
219605,32058.75
219604,45598.27
219603,28935.21
219602,21747.9
219601,21691.42
219600,22741.06
219599,16594.68
219598,26535.5
219597,42086.87
219596,24218.85
219595,17879.43
219594,19947.54
219593,28388.13
219592,24952.47
219591,34111.15
219590,41448.21
219589,24171.11
219588,19078.94
219587,20523.6
219586,24811.08
219585,25021.87
219584,45733.77
219583,51299.31
219582,16027.46
219581,14943.29
219580,15158.82
219579,17533.57
219578,21667.23
219577,36804.74
219576,23463.24
219575,11155.28
219574,16011.94
219573,22723.84
219572,18699.56
219571,29310.34
219570,43321.71
219569,32542.15
219568,505.46
219567,13966.73
219566,16068.85
219565,21052.7
219564,23769.65
219563,34004.44
219562,23015.39
219561,6367.8
219560,7846.81
219559,11785.14
219558,21993.71
219557,31606.07
219556,40438.65
219555,28553.23
219554,18203.06
219553,19341.89
219552,20562.85
219551,23869.56
219550,580.18
219549,46864.02
219548,29966.53
219547,17691.65
219546,19464.6
219545,23749.53
219544,25035.89
219543,37029.93
219542,55220.45
219541,28167.82
219540,14655.3
219539,19403.16
219538,16303.7
219537,23457.48
219536,38031.68
219535,46634.71
219534,32284.08
219533,19063.84
219532,23250.61
219531,23402.11
219530,19431.21
219529,32076.51
219528,44616.09
219527,35646.87
219526,15747.26
219525,18830.99
219524,23040.49
219523,19145.26
219522,9536.0
219521,22692.93
219520,31961.61
219519,35306.32
219518,16458.93
219517,16441.59
219516,18070.41
219515,29790.42
219514,32231.01
219513,27103.88
219512,20998.79
219511,23822.17
219510,23250.64
219509,24383.76
219508,30407.5
219507,36540.45
219506,24049.62
219505,21572.29
219504,23327.45
219503,22720.83
219502,27675.05
219501,39006.72
219500,48568.28
219499,25698.99
219498,15787.13
219497,14775.19
219496,16960.84
219495,18912.84
219494,28804.18
219493,30432.74
219492,27870.38
219491,16557.17
219490,12371.32
219489,23157.92
219488,20088.69
219487,26069.21
219486,32039.82
219485,21843.0
219484,19749.09
