27811,48440.99
27810,62772.11
27809,49585.78
27808,14251.24
27807,13793.65
27806,18077.66
27805,16929.98
27804,791.02
27803,47176.71
27802,30074.39
27801,14166.74
27800,17054.02
27799,13254.25
27798,36544.68
27797,41542.98
27796,64967.11
27795,41904.08
27794,38335.18
27793,21157.65
27792,28768.79
27791,24412.66
27790,32691.61
27789,72811.13
27788,44130.65
27787,13915.27
27786,10296.79
27785,12601.6
27784,17211.56
27783,37382.92
27782,57857.39
27781,34560.16
27780,17774.39
27779,9053.76
27778,18781.88
27777,22117.75
27776,37536.33
27775,62867.41
27774,33590.69
27773,19243.62
27772,15241.47
27771,22857.34
27770,59915.86
27769,67023.66
27768,119620.05
27767,62836.77
27766,40173.11
27765,37352.39
27764,41726.4
27763,26968.95
27762,58259.27
27761,95926.64
27760,71045.55
27759,20148.29
27758,17685.08
27757,23312.67
27756,24338.52
27755,42441.8
27754,69022.61
27753,44689.98
27752,25462.81
27751,12816.16
27750,19171.58
27749,49965.61
27748,60427.25
27747,118866.52
27746,90147.95
27745,46591.01
27744,43987.1
27743,68484.63
27742,33359.11
27741,46558.82
27740,89633.95
27739,66656.0
27738,23175.93
27737,19820.84
27736,41293.7
27735,40163.35
27734,55783.55
27733,102609.56
27732,76213.55
27731,37468.77
27730,44691.25
27729,40492.19
27728,24885.09
27727,56384.55
27726,82193.95
27725,23228.68
27724,20501.9
27723,20662.86
27722,27514.69
27721,37174.06
27720,51800.93
27719,51497.52
27718,14279.63
27717,14676.08
27716,33837.67
27715,32692.31
27714,45653.93
27713,94088.35
27712,66027.1
27711,111.82
27710,20100.98
27709,18094.62
27708,24531.32
27707,37268.94
27706,56474.64
27705,55705.76
27704,24571.57
27703,25488.89
27702,27582.52
27701,54594.48
27700,70182.61
27699,100908.75
27698,81260.46
27697,38695.67
27696,40574.42
27695,36512.13
27694,39673.13
27693,132.98
27692,98485.43
27691,52042.08
27690,20756.75
27689,28353.33
27688,29406.97
27687,43909.12
27686,54434.13
27685,84436.58
27684,57904.73
27683,20919.22
27682,25695.37
27681,23042.48
27680,27161.37
27679,64867.96
27678,91386.04
27677,67720.23
27676,39524.99
27675,39722.53
27674,37577.11
27673,37804.82
27672,61384.14
27671,88950.83
27670,74977.54
27669,29920.04
27668,27048.95
27667,34185.34
27666,54.99
27665,68825.11
27664,87363.54
27663,53414.7
27662,62953.76
27661,29922.62
27660,32872.53
27659,39770.78
27658,47974.41
27657,78333.25
27656,59866.54
27655,28499.45
27654,55512.91
27653,49355.48
27652,54306.34
27651,66354.43
27650,89819.41
27649,74109.39
27648,42253.19
27647,51759.53
27646,51153.15
27645,53223.18
27644,69286.96
27643,75878.55
27642,59835.66
27641,27706.18
27640,27153.01
27639,27330.88
27638,34833.79
27637,50877.7
27636,56188.64
27635,63597.83
27634,20459.42
27633,20475.6
27632,28103.8
27631,27868.46
27630,39180.91
27629,44396.6
27628,32945.76
27627,25112.75
