195973,26275.67
195972,43129.56
195971,35534.03
195970,18746.46
195969,15017.15
195968,13365.07
195967,14048.79
195966,579.93
195965,35390.32
195964,23256.24
195963,15762.46
195962,13904.18
195961,13013.54
195960,21559.43
195959,20330.56
195958,36766.56
195957,24712.45
195956,22697.37
195955,18116.76
195954,15800.75
195953,18023.3
195952,1368.27
195951,5252.81
195950,26842.82
195949,14503.58
195948,15818.46
195947,13774.41
195946,12958.16
195945,26499.23
195944,43432.36
195943,29080.82
195942,14590.61
195941,14625.36
195940,14679.81
195939,21498.54
195938,23526.97
195937,40535.0
195936,21224.86
195935,12968.83
195934,16741.7
195933,19533.23
195932,37124.32
195931,41360.98
195930,73884.14
195929,36822.33
195928,11174.7
195927,20727.85
195926,22527.86
195925,19278.13
195924,27949.07
195923,48353.37
195922,31597.05
195921,14267.42
195920,16668.21
195919,11970.89
195918,15843.83
195917,22045.5
195916,44967.81
195915,31128.59
195914,27524.77
195913,20550.79
195912,15859.32
195911,28824.16
195910,35648.28
195909,60383.51
195908,44469.77
195907,24872.16
195906,37442.58
195905,46415.1
195904,30533.56
195903,36585.01
195902,54848.37
195901,44977.65
195900,22863.64
195899,26014.03
195898,35409.3
195897,33141.43
195896,38944.08
195895,61773.26
195894,45757.09
195893,24853.72
195892,29491.55
195891,31870.62
195890,37480.89
195889,54809.82
195888,72157.75
195887,24111.36
195886,23124.46
195885,18935.93
195884,22266.43
195883,27253.38
195882,44818.44
195881,34999.49
195880,301.15
195879,14246.34
195878,26161.77
195877,25611.23
195876,31609.45
195875,49570.93
195874,42277.61
195873,16288.09
195872,14653.22
195871,17866.66
195870,19685.7
195869,26437.68
195868,38399.66
195867,29472.54
195866,17144.12
195865,20196.3
195864,16199.75
195863,32549.07
195862,33939.26
195861,58112.41
195860,41246.1
195859,25390.84
195858,30991.07
195857,29597.13
195856,28910.75
195855,1013.69
195854,50440.03
195853,41830.16
195852,19635.35
195851,26994.86
195850,30402.93
195849,35127.01
195848,48936.78
195847,75360.8
195846,48820.13
195845,22673.0
195844,24985.89
195843,23049.28
195842,24508.39
195841,44460.98
195840,61857.45
195839,42333.97
195838,22817.26
195837,25291.6
195836,32157.14
195835,25490.38
195834,33564.94
195833,60456.72
195832,46957.3
195831,20205.9
195830,21213.19
195829,22966.6
195828,232.73
195827,35063.78
195826,41328.76
195825,32726.09
195824,49754.22
195823,19654.46
195822,19353.17
195821,26281.89
195820,33128.29
195819,48250.82
195818,40343.93
195817,18617.52
195816,34356.06
195815,36372.85
195814,32249.49
195813,50282.71
195812,51850.38
195811,44714.4
195810,25524.68
195809,30650.93
195808,24924.69
195807,36610.12
195806,50068.22
195805,56896.82
195804,39254.84
195803,20763.68
195802,20396.99
195801,23104.17
195800,26580.2
195799,35986.77
195798,41562.88
195797,43136.51
195796,19591.65
195795,13735.77
195794,21263.17
195793,27810.43
195792,30029.98
195791,35221.88
195790,29035.46
195789,28893.14
