71237,29732.51
71236,52323.82
71235,42206.19
71234,18693.07
71233,13962.46
71232,13373.08
71231,18309.7
71230,591.33
71229,43580.68
71228,30751.98
71227,15135.29
71226,19300.52
71225,14110.45
71224,22675.54
71223,25230.31
71222,48761.11
71221,33627.12
71220,31123.7
71219,19252.51
71218,13920.74
71217,19929.26
71216,12036.6
71215,31826.09
71214,37921.8
71213,15330.51
71212,14265.43
71211,17834.44
71210,16711.65
71209,29359.29
71208,46293.61
71207,33090.31
71206,14426.75
71205,16589.51
71204,15767.05
71203,20523.49
71202,29455.93
71201,46726.58
71200,29020.1
71199,12470.49
71198,19508.24
71197,22876.15
71196,39605.54
71195,47911.24
71194,80432.92
71193,45161.55
71192,27629.97
71191,23889.04
71190,31611.78
71189,20057.22
71188,34368.62
71187,53902.74
71186,36006.48
71185,14176.84
71184,19439.47
71183,17289.41
71182,15821.11
71181,30761.69
71180,49607.15
71179,32419.58
71178,26307.97
71177,20405.33
71176,18526.35
71175,34832.86
71174,50686.96
71173,80790.79
71172,58051.19
71171,32556.9
71170,38513.5
71169,56024.07
71168,32331.04
71167,43027.46
71166,64363.94
71165,55819.08
71164,27563.02
71163,26476.97
71162,46447.63
71161,36723.41
71160,45509.91
71159,74970.26
71158,53061.25
71157,28035.4
71156,35951.98
71155,40431.64
71154,37444.31
71153,53594.56
71152,81610.6
71151,25077.75
71150,24298.82
71149,27821.35
71148,30764.83
71147,37354.21
71146,54783.05
71145,36895.94
71144,816.71
71143,21569.75
71142,33729.5
71141,32323.08
71140,38588.74
71139,55878.97
71138,44092.79
71137,16611.72
71136,715.11
71135,686.64
71134,253.32
71133,30166.67
71132,38284.94
71131,31108.0
71130,1300.46
71129,20938.03
71128,18555.08
71127,39012.25
71126,47422.91
71125,64734.31
71124,42430.99
71123,31947.79
71122,30643.96
71121,35951.69
71120,33870.7
71119,49700.53
71118,76502.63
71117,51507.0
71116,29871.9
71115,32025.83
71114,31769.05
71113,38954.28
71112,46784.56
71111,80919.14
71110,52893.69
71109,18662.82
71108,28671.77
71107,23213.13
71106,27948.6
71105,50047.89
71104,68309.08
71103,55354.06
71102,32233.61
71101,33277.3
71100,37499.03
71099,31670.48
71098,41822.99
71097,69384.93
71096,63475.23
71095,23388.02
71094,26074.96
71093,31503.63
71092,40740.17
71091,47452.98
71090,55737.03
71089,47304.63
71088,54534.68
71087,31937.65
71086,25570.6
71085,31547.13
71084,39591.06
71083,46594.33
71082,42788.15
71081,20615.1
71080,36011.66
71079,40518.96
71078,37228.39
71077,42512.39
71076,56117.42
71075,45589.24
71074,34159.3
71073,36218.19
71072,34984.28
71071,41906.58
71070,46192.51
71069,57446.19
71068,45057.64
71067,17308.56
71066,22268.17
71065,21398.58
71064,23091.33
71063,33181.8
71062,41473.46
71061,44411.91
71060,22174.28
71059,21406.53
71058,22191.5
71057,28222.55
71056,32492.61
71055,41423.24
71054,31269.34
71053,24345.68
