98643,20335.04
98642,35962.15
98641,38860.73
98640,9749.65
98639,10465.93
98638,13253.52
98637,6960.0
98636,489.9
98635,25701.88
98634,20751.54
98633,11794.56
98632,11209.55
98631,15043.06
98630,22647.9
98629,20706.3
98628,29393.99
98627,20641.24
98626,23608.41
98625,13808.67
98624,16635.02
98623,17567.11
98622,16489.17
98621,27702.65
98620,25380.27
98619,9044.79
98618,12679.39
98617,12447.85
98616,9835.08
98615,23234.74
98614,24869.0
98613,18451.93
98612,15251.58
98611,13365.2
98610,17515.96
98609,17918.96
98608,23619.48
98607,29085.72
98606,17224.7
98605,15859.95
98604,16241.74
98603,17402.33
98602,32620.97
98601,38118.65
98600,53131.02
98599,26527.79
98598,27008.75
98597,19510.7
98596,19762.8
98595,17661.04
98594,29256.73
98593,33201.09
98592,32787.59
98591,15050.97
98590,13717.93
98589,18377.02
98588,17095.08
98587,24932.48
98586,31639.21
98585,21794.65
98584,21918.32
98583,16672.43
98582,16820.34
98581,31198.57
98580,33134.22
98579,39020.55
98578,34400.43
98577,16216.81
98576,26594.68
98575,36253.04
98574,22634.24
98573,21466.35
98572,34403.28
98571,30295.33
98570,15570.98
98569,16119.79
98568,27079.61
98567,25885.16
98566,31326.81
98565,43621.05
98564,32881.11
98563,17145.37
98562,26094.45
98561,31312.85
98560,29784.69
98559,39377.55
98558,53252.02
98557,16067.63
98556,11513.15
98555,19809.59
98554,18188.9
98553,25484.76
98552,32560.28
98551,24592.42
98550,579.73
98549,11148.35
98548,22262.45
98547,21356.86
98546,28042.5
98545,35481.27
98544,33834.73
98543,15742.04
98542,15571.14
98541,17023.15
98540,18916.21
98539,21806.69
98538,29561.6
98537,25241.24
98536,14030.14
98535,13643.13
98534,16973.83
98533,30961.83
98532,32562.11
98531,41149.88
98530,30870.73
98529,20058.26
98528,21278.4
98527,25470.16
98526,21783.14
98525,870.54
98524,46571.46
98523,29654.24
98522,17407.54
98521,20335.14
98520,23519.4
98519,33340.41
98518,40355.32
98517,62842.58
98516,35180.62
98515,17884.57
98514,14897.73
98513,17572.99
98512,15828.57
98511,38401.74
98510,40098.07
98509,32350.55
98508,21542.73
98507,21973.27
98506,27949.05
98505,26846.36
98504,31777.47
98503,41490.84
98502,37970.21
98501,19422.97
98500,14234.17
98499,21963.82
98498,229.54
98497,28916.08
98496,32839.95
98495,27196.7
98494,39793.35
98493,15919.8
98492,15372.44
98491,25762.21
98490,29277.31
98489,34658.83
98488,33378.71
98487,17531.68
98486,33244.83
98485,31763.49
98484,29765.69
98483,30963.1
98482,43859.18
98481,35060.99
98480,24851.54
98479,22798.93
98478,24579.57
98477,27186.28
98476,42092.94
98475,50542.7
98474,36310.93
98473,18990.65
98472,21468.33
98471,17403.02
98470,26632.96
98469,31512.08
98468,31850.4
98467,37304.78
98466,14476.81
98465,11985.69
98464,17670.08
98463,22273.3
98462,28365.73
98461,36400.58
98460,30998.69
98459,19294.35
