83696,29598.1
83695,49432.88
83694,38271.49
83693,13952.87
83692,16380.99
83691,14718.07
83690,18751.89
83689,685.61
83688,26902.03
83687,12873.28
83686,10562.66
83685,6728.33
83684,8152.71
83683,20667.05
83682,25192.94
83681,42166.51
83680,19907.98
83679,23059.62
83678,15360.46
83677,19876.45
83676,20050.93
83675,21214.53
83674,43808.49
83673,26781.17
83672,14556.2
83671,12327.41
83670,13198.72
83669,12497.25
83668,26445.35
83667,43926.05
83666,23163.71
83665,12996.74
83664,15878.84
83663,14817.1
83662,15411.42
83661,24274.09
83660,39542.96
83659,20507.56
83658,17078.65
83657,14332.76
83656,19392.61
83655,38035.42
83654,42736.23
83653,76666.27
83652,44409.08
83651,33684.46
83650,23994.34
83649,28908.21
83648,22699.24
83647,35197.71
83646,53565.11
83645,36007.85
83644,18484.45
83643,16609.54
83642,8056.23
83641,8242.08
83640,24926.81
83639,47521.91
83638,26251.26
83637,24171.13
83636,7740.52
83635,18476.61
83634,34610.1
83633,45142.63
83632,61844.87
83631,51323.55
83630,37110.85
83629,36135.55
83628,48336.18
83627,28724.9
83626,33948.84
83625,53624.73
83624,42220.99
83623,14826.2
83622,15514.28
83621,35626.65
83620,35300.14
83619,39671.18
83618,64288.4
83617,43044.44
83616,30022.67
83615,30782.86
83614,38003.48
83613,26688.33
83612,58809.75
83611,70831.67
83610,25087.57
83609,21026.13
83608,21576.47
83607,21816.39
83606,34893.58
83605,39794.82
83604,26275.57
83603,17345.11
83602,18931.2
83601,24845.58
83600,26439.87
83599,31759.19
83598,44620.36
83597,27250.67
83596,977.56
83595,15676.8
83594,13043.51
83593,19049.85
83592,25637.01
83591,38715.73
83590,28910.4
83589,17556.46
83588,15313.49
83587,20241.32
83586,34961.92
83585,47807.84
83584,57316.93
83583,38177.55
83582,26501.55
83581,24897.05
83580,31810.16
83579,26519.09
83578,491.6
83577,55685.63
83576,34240.6
83575,20761.8
83574,24676.97
83573,24311.29
83572,33599.92
83571,39678.61
83570,61236.45
83569,36933.6
83568,19591.13
83567,18460.67
83566,18446.3
83565,17857.1
83564,43204.45
83563,53560.76
83562,37451.52
83561,24754.0
83560,23545.22
83559,29445.28
83558,28135.55
83557,37081.31
83556,44651.84
83555,41423.22
83554,23100.78
83553,24995.09
83552,28647.98
83551,332.75
83550,48267.76
83549,55563.94
83548,36911.59
83547,42703.53
83546,20989.11
83545,20459.76
83544,28915.01
83543,34098.95
83542,44138.61
83541,44157.46
83540,22650.1
83539,35664.48
83538,37566.24
83537,33509.88
83536,45861.58
83535,52364.52
83534,38335.6
83533,30262.39
83532,32644.78
83531,32834.72
83530,39171.52
83529,50665.54
83528,49163.02
83527,38190.98
83526,21360.88
83525,20927.48
83524,19424.02
83523,26615.15
83522,41903.14
83521,33617.5
83520,41509.1
83519,19982.33
83518,13958.26
83517,19738.35
83516,23979.81
83515,35195.14
83514,34385.65
83513,23218.48
83512,16991.36
