135813,40946.74
135812,60596.33
135811,47826.78
135810,22428.22
135809,24079.09
135808,22856.13
135807,23250.91
135806,1898.57
135805,38613.65
135804,34036.1
135803,22034.65
135802,18940.29
135801,21162.33
135800,25546.19
135799,32672.98
135798,41761.47
135797,40304.84
135796,36084.49
135795,28423.49
135794,29166.51
135793,24824.22
135792,27167.43
135791,52384.57
135790,41350.54
135789,17412.51
135788,17749.3
135787,18445.41
135786,20132.09
135785,35255.45
135784,46144.41
135783,28301.3
135782,23232.08
135781,21978.88
135780,26882.89
135779,31207.6
135778,33504.22
135777,49130.14
135776,36041.79
135775,23742.83
135774,32477.39
135773,35161.1
135772,49497.67
135771,58124.22
135770,91048.1
135769,59704.97
135768,43531.37
135767,30614.88
135766,35667.21
135765,28019.26
135764,48726.37
135763,59635.77
135762,44308.54
135761,25496.83
135760,27656.31
135759,29489.01
135758,27806.33
135757,40262.07
135756,57595.75
135755,37911.49
135754,31110.33
135753,26831.65
135752,29512.7
135751,55234.03
135750,57300.55
135749,76133.01
135748,60508.59
135747,39120.74
135746,48161.93
135745,56671.37
135744,40299.91
135743,52160.93
135742,63604.69
135741,60583.96
135740,34995.01
135739,36995.73
135738,58477.94
135737,40959.22
135736,54228.88
135735,77082.2
135734,49579.9
135733,48183.68
135732,43835.15
135731,43670.35
135730,38881.16
135729,53018.95
135728,78883.57
135727,34472.98
135726,27308.13
135725,30554.52
135724,34812.94
135723,36294.06
135722,53997.34
135721,43613.18
135720,1216.31
135719,26435.4
135718,40118.97
135717,45743.96
135716,52847.22
135715,70710.19
135714,59350.36
135713,24476.6
135712,1967.0
135711,877.3
135710,410.98
135709,35596.96
135708,50620.78
135707,38943.08
135706,1688.49
135705,25117.15
135704,25527.93
135703,41172.93
135702,41713.62
135701,64820.11
135700,45834.56
135699,33507.08
135698,32179.03
135697,36850.29
135696,35908.13
135695,52009.59
135694,72991.72
135693,53183.18
135692,30660.23
135691,34763.74
135690,40140.46
135689,55440.94
135688,66089.73
135687,98667.46
135686,53903.27
135685,26075.83
135684,24820.57
135683,26207.25
135682,24644.86
135681,54092.03
135680,66365.25
135679,53214.69
135678,36205.47
135677,27713.87
135676,35620.61
135675,37118.73
135674,42848.22
135673,63496.07
135672,57670.11
135671,24597.44
135670,26946.47
135669,31155.62
135668,40315.7
135667,43923.22
135666,63000.88
135665,50359.46
135664,53448.19
135663,23188.58
135662,25429.76
135661,30288.79
135660,37577.1
135659,58240.95
135658,43206.05
135657,24717.03
135656,40514.65
135655,38687.22
135654,36174.66
135653,44957.1
135652,66351.23
135651,47342.85
135650,33201.07
135649,36004.81
135648,37499.18
135647,41054.65
135646,56796.01
135645,77282.11
135644,51008.97
135643,23848.29
135642,24087.89
135641,27951.65
135640,32222.6
135639,41921.59
135638,48247.78
135637,50204.74
135636,23917.67
135635,18612.25
135634,24937.16
135633,28227.73
135632,32535.11
135631,51030.03
135630,36349.95
135629,29990.08
