221778,20581.96
221777,27647.03
221776,19431.59
221775,12712.43
221774,13007.41
221773,9623.02
221772,9248.95
221771,518.09
221770,17768.01
221769,13247.63
221768,7069.8
221767,9347.12
221766,8990.11
221765,14758.02
221764,17129.72
221763,20522.55
221762,14412.98
221761,16713.28
221760,13678.62
221759,7917.55
221758,8985.2
221757,12789.51
221756,23928.12
221755,16475.39
221754,7533.07
221753,10315.48
221752,10798.0
221751,10843.84
221750,19362.34
221749,27371.09
221748,14222.29
221747,10748.28
221746,8603.18
221745,8874.34
221744,12678.61
221743,15010.77
221742,25209.43
221741,13796.95
221740,10521.27
221739,10094.04
221738,13549.67
221737,22905.1
221736,24218.8
221735,43865.96
221734,25209.52
221733,19186.41
221732,13168.52
221731,16240.29
221730,13913.93
221729,19632.55
221728,28869.01
221727,18360.87
221726,12768.01
221725,10217.72
221724,10937.43
221723,12511.97
221722,15017.3
221721,29666.77
221720,14224.74
221719,17228.78
221718,10313.87
221717,12875.9
221716,20793.74
221715,25289.66
221714,30613.24
221713,27377.32
221712,15693.67
221711,19384.01
221710,27969.84
221709,16349.76
221708,20726.1
221707,30260.54
221706,22825.37
221705,15257.0
221704,17649.7
221703,26427.12
221702,21361.8
221701,21062.28
221700,31796.93
221699,20868.92
221698,16459.23
221697,21039.99
221696,21549.22
221695,18454.03
221694,27900.38
221693,36871.77
221692,13598.1
221691,8680.88
221690,11705.43
221689,12211.72
221688,18896.3
221687,22783.84
221686,17872.41
221685,9302.21
221684,12484.97
221683,19685.92
221682,20243.91
221681,25708.78
221680,38109.49
221679,19174.93
221678,574.51
221677,11692.19
221676,11425.59
221675,15361.96
221674,16650.27
221673,25224.78
221672,16656.61
221671,9131.39
221670,12539.39
221669,13684.04
221668,20406.73
221667,22183.14
221666,34387.21
221665,20416.48
221664,15342.07
221663,15136.35
221662,17978.77
221661,17437.35
221660,479.42
221659,34554.59
221658,24682.26
221657,19019.88
221656,15602.63
221655,16151.54
221654,20638.63
221653,28932.81
221652,36538.47
221651,21473.4
221650,14506.11
221649,19100.26
221648,17298.12
221647,16706.45
221646,28929.54
221645,25724.05
221644,20045.0
221643,17830.09
221642,17747.33
221641,20806.73
221640,16155.76
221639,22970.19
221638,31735.82
221637,25640.77
221636,15243.31
221635,16526.4
221634,17312.01
221633,14221.73
221632,23494.74
221631,23664.52
221630,19325.3
221629,22915.24
221628,16177.77
221627,14465.61
221626,18888.76
221625,20495.35
221624,22611.99
221623,17238.43
221622,14052.27
221621,19319.61
221620,19397.94
221619,21010.87
221618,24046.25
221617,28427.84
221616,21131.19
221615,19127.03
221614,19446.7
221613,17440.89
221612,22316.81
221611,28046.24
221610,28676.89
221609,23702.02
221608,10373.54
221607,12107.97
221606,16443.97
221605,14004.35
221604,20202.41
221603,19620.97
221602,20213.52
221601,14386.98
221600,8740.92
221599,17155.11
221598,15984.0
221597,17836.08
221596,22763.18
221595,18006.57
221594,9373.88
