25508,24549.78
25507,35861.55
25506,24132.33
25505,12873.47
25504,13211.34
25503,9189.21
25502,13498.6
25501,739.41
25500,25847.43
25499,16508.4
25498,10001.3
25497,10491.69
25496,9767.73
25495,16843.81
25494,19406.88
25493,26826.23
25492,19128.55
25491,21792.93
25490,11071.54
25489,11259.32
25488,13652.45
25487,16890.08
25486,25727.08
25485,18212.76
25484,9152.34
25483,10879.24
25482,11977.18
25481,13279.25
25480,20501.78
25479,28240.37
25478,16497.58
25477,11309.69
25476,12621.38
25475,15876.64
25474,18325.73
25473,20954.11
25472,30259.3
25471,15871.11
25470,11976.88
25469,15668.98
25468,16432.24
25467,28966.95
25466,38410.57
25465,53814.38
25464,27867.91
25463,22402.13
25462,15287.68
25461,18268.46
25460,17223.94
25459,23038.57
25458,37174.28
25457,22313.24
25456,12595.37
25455,11748.98
25454,16447.42
25453,14319.29
25452,24826.47
25451,33671.73
25450,19047.85
25449,16422.9
25448,14386.44
25447,15929.96
25446,30561.74
25445,35393.75
25444,48903.74
25443,32318.01
25442,21698.09
25441,20212.94
25440,20790.72
25439,21750.31
25438,32659.72
25437,44696.8
25436,24754.31
25435,17934.86
25434,18024.92
25433,27977.76
25432,23401.27
25431,31605.74
25430,40983.4
25429,23591.59
25428,16052.93
25427,22247.66
25426,24280.64
25425,24085.45
25424,49583.99
25423,50468.15
25422,12392.86
25421,11207.98
25420,14903.6
25419,16686.46
25418,24869.6
25417,33895.66
25416,19518.24
25415,443.23
25414,14353.46
25413,25794.26
25412,22437.04
25411,29027.92
25410,40796.36
25409,28549.35
25408,13465.69
25407,16067.93
25406,15160.81
25405,20116.49
25404,22935.51
25403,32050.07
25402,20759.93
25401,6799.99
25400,10934.35
25399,12517.86
25398,19822.71
25397,30932.33
25396,41099.44
25395,19995.87
25394,16111.53
25393,15976.15
25392,19108.09
25391,22494.19
25390,768.18
25389,46338.23
25388,19742.19
25387,16306.17
25386,21644.03
25385,22476.58
25384,26736.68
25383,35735.02
25382,49593.5
25381,26629.8
25380,10611.56
25379,19852.58
25378,15414.65
25377,17611.77
25376,36404.31
25375,40642.73
25374,29880.63
25373,19517.41
25372,24797.73
25371,24288.07
25370,18220.43
25369,40319.55
25368,42490.29
25367,26726.9
25366,15140.31
25365,19206.72
25364,18060.8
25363,559.05
25362,26798.25
25361,40411.8
25360,27856.37
25359,33219.18
25358,17080.11
25357,12776.23
25356,13476.44
25355,24539.2
25354,29952.08
25353,29402.93
25352,18027.84
25351,27199.81
25350,24202.46
25349,22719.48
25348,29508.24
25347,42392.11
25346,22354.21
25345,21644.78
25344,22292.36
25343,23024.21
25342,29044.82
25341,35359.93
25340,37831.98
25339,26552.99
25338,15856.84
25337,20015.31
25336,16743.61
25335,21664.54
25334,29081.97
25333,26446.86
25332,25103.11
25331,18910.99
25330,13537.48
25329,17568.88
25328,24351.45
25327,27698.19
25326,31718.67
25325,19429.59
25324,17819.1
