4205,36979.6
4204,57492.07
4203,46367.26
4202,16053.35
4201,15238.84
4200,15860.15
4199,18055.45
4198,498.61
4197,42061.4
4196,23127.42
4195,14259.83
4194,13616.99
4193,14530.24
4192,27718.91
4191,36754.77
4190,52329.54
4189,32684.72
4188,33966.65
4187,21357.75
4186,21298.62
4185,24660.02
4184,26974.6
4183,53395.64
4182,41730.56
4181,16867.71
4180,12773.91
4179,20221.24
4178,16301.18
4177,35186.45
4176,50147.65
4175,37749.04
4174,18984.14
4173,6612.67
4172,15767.17
4171,20880.98
4170,31661.75
4169,50298.05
4168,29923.33
4167,15860.54
4166,20355.52
4165,22375.06
4164,48651.79
4163,55810.96
4162,92074.46
4161,54790.38
4160,45877.5
4159,31205.66
4158,33254.96
4157,26528.4
4156,39358.68
4155,74364.8
4154,55093.96
4153,16727.21
4152,18422.71
4151,18718.18
4150,18897.06
4149,38292.54
4148,58513.41
4147,36706.35
4146,32416.15
4145,19157.73
4144,23441.21
4143,52191.65
4142,58067.65
4141,103506.29
4140,80132.89
4139,44564.04
4138,53487.75
4137,68856.48
4136,32773.71
4135,42525.91
4134,72435.98
4133,63490.75
4132,22042.84
4131,24726.03
4130,48127.95
4129,43825.03
4128,52780.13
4127,85874.78
4126,69552.22
4125,40277.37
4124,34526.7
4123,26620.82
4122,33863.87
4121,51921.94
4120,88486.18
4119,-38.26
4118,24691.19
4117,22490.9
4116,22837.78
4115,26866.46
4114,32025.33
4113,46867.62
4112,37339.73
4111,1078.24
4110,19197.99
4109,35661.29
4108,29163.52
4107,39386.98
4106,73943.71
4105,60818.52
4104,21010.39
4103,19166.23
4102,25232.02
4101,28110.07
4100,37143.45
4099,59260.44
4098,56010.83
4097,26040.59
4096,27583.1
4095,24522.19
4094,56058.2
4093,56512.06
4092,71733.72
4091,69418.11
4090,33755.94
4089,37649.01
4088,36864.89
4087,36333.48
4086,1547.12
4085,83941.95
4084,44387.58
4083,24069.01
4082,26094.86
4081,35529.0
4080,44619.76
4079,56398.89
4078,81887.24
4077,45793.74
4076,26497.71
4075,23513.09
4074,25534.19
4073,24599.27
4072,58925.49
4071,73219.86
4070,53191.12
4069,38298.37
4068,39412.71
4067,39323.38
4066,36364.2
4065,55798.47
4064,64948.93
4063,62468.72
4062,28511.8
4061,31040.93
4060,32845.66
4059,444.61
4058,54038.3
4057,62231.01
4056,41595.33
4055,51799.85
4054,23397.04
4053,24330.73
4052,33886.27
4051,38933.93
4050,53084.88
4049,45558.16
4048,24978.64
4047,49523.27
4046,49600.69
4045,53997.12
4044,64497.46
4043,74724.33
4042,63114.31
4041,44764.12
4040,36086.1
4039,48516.66
4038,50944.07
4037,63103.16
4036,69254.9
4035,56784.39
4034,28093.07
4033,25563.76
4032,30050.57
4031,33759.47
4030,47333.42
4029,43595.3
4028,47868.74
4027,26121.41
4026,20221.57
4025,27149.82
4024,34319.53
4023,33499.58
4022,35683.87
4021,27628.87
4020,22945.17
