119738,22689.33
119737,35655.85
119736,26066.52
119735,8664.45
119734,8167.19
119733,14908.08
119732,15018.03
119731,616.56
119730,24726.83
119729,20189.39
119728,10125.3
119727,8696.58
119726,8969.33
119725,18911.5
119724,17980.62
119723,27492.6
119722,26174.04
119721,22423.32
119720,12761.71
119719,13006.18
119718,13666.45
119717,6281.51
119716,34006.07
119715,21033.68
119714,7719.16
119713,10400.7
119712,11032.13
119711,11134.66
119710,22558.59
119709,31801.61
119708,25440.94
119707,6080.39
119706,9933.8
119705,13664.75
119704,17113.37
119703,18041.68
119702,30622.56
119701,14842.41
119700,12680.81
119699,11573.23
119698,14940.82
119697,30490.35
119696,32603.02
119695,59458.71
119694,28658.85
119693,21341.14
119692,19583.69
119691,22936.8
119690,16523.35
119689,29608.95
119688,41878.3
119687,24062.01
119686,10227.22
119685,10215.43
119684,14411.86
119683,13395.07
119682,21216.05
119681,36664.76
119680,17816.87
119679,18198.15
119678,12341.58
119677,14574.36
119676,30892.39
119675,36407.23
119674,51144.77
119673,37384.84
119672,21095.86
119671,27139.9
119670,28862.66
119669,14047.98
119668,25748.67
119667,41217.36
119666,33876.57
119665,18915.68
119664,20278.49
119663,35124.74
119662,30989.8
119661,35345.12
119660,53195.69
119659,32396.65
119658,24329.74
119657,27136.9
119656,29867.76
119655,26892.76
119654,46205.42
119653,58816.02
119652,-44.11
119651,15399.31
119650,16907.21
119649,15033.16
119648,17390.11
119647,20144.86
119646,36270.78
119645,25159.95
119644,475.3
119643,14770.16
119642,27291.45
119641,22944.15
119640,33269.78
119639,44625.86
119638,32733.85
119637,7788.03
119636,997.45
119635,576.98
119634,306.66
119633,23020.74
119632,31371.98
119631,23925.02
119630,400.98
119629,10855.75
119628,15201.31
119627,34678.46
119626,31215.32
119625,43524.96
119624,29438.29
119623,21229.51
119622,23673.06
119621,24179.32
119620,24585.27
119619,29645.02
119618,57696.8
119617,32363.99
119616,16991.45
119615,21713.16
119614,21712.83
119613,30661.83
119612,35753.26
119611,60497.91
119610,33742.09
119609,12618.87
119608,22000.48
119607,19789.92
119606,19964.75
119605,44544.36
119604,45824.61
119603,34017.39
119602,22778.42
119601,25941.91
119600,25050.96
119599,25040.01
119598,34283.14
119597,47884.0
119596,39873.63
119595,16777.22
119594,21108.71
119593,20681.02
119592,30246.6
119591,30301.64
119590,50405.17
119589,30124.85
119588,38349.79
119587,17694.89
119586,18708.28
119585,23865.07
119584,24286.72
119583,39406.9
119582,30733.27
119581,18233.76
119580,34724.18
119579,30786.61
119578,27049.2
119577,34411.28
119576,46360.86
119575,29436.32
119574,20475.49
119573,22670.86
119572,23957.1
119571,28979.91
119570,35065.48
119569,53237.43
119568,35767.32
119567,13431.15
119566,13669.35
119565,17891.64
119564,18229.92
119563,28006.11
119562,34509.89
119561,32053.14
119560,14577.19
119559,10552.78
119558,17291.62
119557,18844.19
119556,17859.82
119555,29224.85
119554,19557.11
119553,19405.92
