57357,15347.18
57356,30850.97
57355,27751.56
57354,11939.79
57353,9340.62
57352,10691.63
57351,11418.93
57350,310.46
57349,26701.7
57348,16988.99
57347,10194.28
57346,9170.94
57345,9871.43
57344,19652.75
57343,17224.67
57342,30093.57
57341,21024.76
57340,22056.12
57339,13005.61
57338,12377.65
57337,7604.1
57336,14010.0
57335,28375.43
57334,26358.65
57333,7822.19
57332,7824.24
57331,12297.26
57330,8581.22
57329,15934.08
57328,28320.48
57327,21476.5
57326,11748.09
57325,10817.26
57324,12464.1
57323,14077.68
57322,15365.31
57321,31837.06
57320,16239.69
57319,10286.34
57318,10748.88
57317,10706.85
57316,25596.58
57315,27083.96
57314,49243.11
57313,32774.5
57312,26042.45
57311,16404.2
57310,23322.61
57309,18734.32
57308,21903.89
57307,40339.21
57306,35313.61
57305,12977.74
57304,9099.75
57303,14471.17
57302,11042.79
57301,19515.94
57300,32964.59
57299,27610.35
57298,21688.38
57297,14560.96
57296,14244.05
57295,29668.96
57294,35963.61
57293,55716.56
57292,43244.68
57291,24298.27
57290,25889.4
57289,43191.48
57288,18995.1
57287,22931.04
57286,33082.67
57285,30456.75
57284,15141.78
57283,20003.71
57282,26002.92
57281,19551.77
57280,29090.44
57279,50002.45
57278,33519.64
57277,18438.63
57276,25539.24
57275,27611.29
57274,21542.23
57273,39761.65
57272,57561.91
57271,14028.59
57270,11890.26
57269,11499.41
57268,18976.66
57267,19008.25
57266,34530.99
57265,27818.3
57264,1194.93
57263,16250.4
57262,23498.99
57261,23117.05
57260,25077.01
57259,40144.77
57258,41457.39
57257,12503.33
57256,16434.46
57255,13920.07
57254,16816.29
57253,18961.37
57252,31296.98
57251,23024.11
57250,14985.65
57249,15235.15
57248,14920.55
57247,33802.0
57246,32022.57
57245,47732.13
57244,39549.29
57243,22083.61
57242,22789.22
57241,28072.06
57240,24353.63
57239,840.98
57238,64180.35
57237,29710.61
57236,16764.55
57235,16346.51
57234,20716.56
57233,29567.23
57232,30183.35
57231,57915.3
57230,39102.97
57229,12568.95
57228,13945.69
57227,19249.84
57226,19174.88
57225,34702.36
57224,49639.87
57223,39548.61
57222,26081.48
57221,26291.44
57220,22259.91
57219,24925.31
57218,35855.83
57217,45685.15
57216,54218.39
57215,15581.07
57214,14890.33
57213,18929.32
57212,306.08
57211,34322.91
57210,44795.47
57209,32494.06
57208,50170.79
57207,14387.05
57206,19929.53
57205,20743.59
57204,27741.79
57203,36280.15
57202,31960.83
57201,17896.08
57200,37226.29
57199,30341.84
57198,29036.62
57197,33947.3
57196,51858.23
57195,34668.69
57194,21359.64
57193,22759.27
57192,24627.68
57191,27935.25
57190,36281.23
57189,52537.41
57188,46258.61
57187,14143.06
57186,18699.21
57185,15712.72
57184,20910.46
57183,29878.99
57182,31656.49
57181,40025.97
57180,14395.85
57179,9401.63
57178,16794.34
57177,21299.05
57176,24029.16
57175,31268.56
57174,23299.82
57173,21542.64
