192708,28865.44
192707,38860.76
192706,24748.91
192705,10552.69
192704,10915.76
192703,11171.13
192702,13533.71
192701,435.35
192700,28970.44
192699,18979.5
192698,7963.32
192697,11566.81
192696,10343.12
192695,17838.89
192694,21888.78
192693,33219.88
192692,14108.62
192691,20983.37
192690,17111.94
192689,15705.16
192688,14665.98
192687,1494.16
192686,6511.58
192685,9760.71
192684,12628.24
192683,9948.22
192682,13717.5
192681,18574.87
192680,24917.52
192679,35577.67
192678,21480.67
192677,12582.56
192676,15180.74
192675,14731.41
192674,20151.88
192673,24402.62
192672,37397.19
192671,14763.47
192670,10373.23
192669,15130.73
192668,15290.19
192667,29601.17
192666,44677.93
192665,66730.55
192664,35143.32
192663,13596.33
192662,16081.66
192661,21391.22
192660,17809.27
192659,28043.67
192658,39188.52
192657,21714.39
192656,10592.83
192655,10519.19
192654,12004.89
192653,14128.38
192652,21498.92
192651,39661.59
192650,18011.96
192649,16151.34
192648,13065.18
192647,11415.82
192646,30042.3
192645,34627.42
192644,55333.57
192643,37313.94
192642,23406.69
192641,29486.84
192640,40375.64
192639,22555.73
192638,32898.34
192637,49208.69
192636,34857.93
192635,15046.58
192634,19404.65
192633,31649.92
192632,26002.97
192631,36173.94
192630,58643.57
192629,29788.34
192628,20658.92
192627,23666.59
192626,26862.11
192625,27713.69
192624,50704.99
192623,57800.17
192622,15948.69
192621,15924.99
192620,15329.87
192619,17924.67
192618,23460.04
192617,36798.95
192616,21156.36
192615,1065.65
192614,12849.24
192613,26466.59
192612,22477.72
192611,33453.2
192610,48444.83
192609,31742.45
192608,12459.4
192607,321.09
192606,711.8
192605,41.28
192604,22576.67
192603,30613.29
192602,24238.16
192601,589.81
192600,13282.34
192599,14446.07
192598,24773.97
192597,29650.61
192596,48091.85
192595,27118.52
192594,18073.91
192593,19591.23
192592,25319.76
192591,22854.91
192590,31704.48
192589,53738.81
192588,25064.82
192587,18991.55
192586,21622.76
192585,22963.28
192584,28560.87
192583,39278.58
192582,62495.04
192581,37352.56
192580,13617.78
192579,14829.13
192578,18006.23
192577,18680.71
192576,37212.66
192575,46551.34
192574,26227.18
192573,19636.57
192572,22850.59
192571,23534.44
192570,20367.94
192569,31430.5
192568,44649.99
192567,28868.74
192566,13633.0
192565,14568.05
192564,15507.45
192563,20141.1
192562,29042.37
192561,39422.8
192560,30741.49
192559,37276.37
192558,12713.95
192557,14417.67
192556,18984.21
192555,30563.7
192554,34286.05
192553,27657.59
192552,15422.42
192551,25190.73
192550,29315.11
192549,28187.33
192548,36188.62
192547,40887.22
192546,25872.02
192545,22412.13
192544,23748.1
192543,22201.55
192542,27833.1
192541,37512.42
192540,45973.23
192539,27937.33
192538,16362.36
192537,14774.83
192536,15510.9
192535,18052.77
192534,27629.75
192533,29385.02
192532,28056.75
192531,12968.59
192530,11105.51
192529,12505.18
192528,16967.98
192527,24568.37
192526,30671.51
192525,21135.66
192524,21222.22
