18591,30921.79
18590,66444.26
18589,40790.33
18588,17888.1
18587,18421.29
18586,20574.06
18585,28327.7
18584,1343.58
18583,44916.26
18582,19853.51
18581,15120.51
18580,14023.07
18579,14724.28
18578,31887.13
18577,38279.91
18576,55177.17
18575,27698.89
18574,32818.32
18573,18931.95
18572,19977.25
18571,23593.77
18570,26347.06
18569,48448.62
18568,32436.66
18567,19392.73
18566,17358.77
18565,21063.19
18564,18438.2
18563,33229.18
18562,55787.05
18561,31603.25
18560,23420.78
18559,17810.26
18558,23826.79
18557,25199.16
18556,32362.14
18555,52175.34
18554,27290.13
18553,12709.72
18552,19130.33
18551,24553.33
18550,40562.0
18549,57088.27
18548,78210.93
18547,48247.56
18546,34272.94
18545,23025.95
18544,32135.44
18543,27656.03
18542,45252.04
18541,62466.81
18540,40081.44
18539,23105.54
18538,22584.34
18537,22721.35
18536,15677.5
18535,28749.19
18534,56315.09
18533,31765.54
18532,33488.75
18531,21779.21
18530,18227.92
18529,42777.15
18528,56383.37
18527,86874.74
18526,57704.95
18525,38349.1
18524,46517.79
18523,58236.28
18522,30982.72
18521,41620.37
18520,60797.57
18519,40005.6
18518,20871.04
18517,21384.31
18516,38660.48
18515,35724.56
18514,49033.23
18513,75376.0
18512,39323.51
18511,32388.53
18510,38438.66
18509,46818.36
18508,37006.08
18507,57233.43
18506,73867.11
18505,-71.98
18504,20431.88
18503,21500.11
18502,18848.3
18501,24108.58
18500,32439.49
18499,49382.87
18498,27939.23
18497,570.17
18496,16848.48
18495,37557.41
18494,29497.89
18493,38386.2
18492,46640.22
18491,37555.84
18490,15485.6
18489,1306.31
18488,819.36
18487,73.59
18486,33815.55
18485,41368.2
18484,30430.64
18483,866.71
18482,25494.47
18481,22929.6
18480,47190.45
18479,55844.76
18478,70434.86
18477,40429.21
18476,27782.78
18475,36574.63
18474,35846.43
18473,33937.91
18472,47173.12
18471,70716.86
18470,38179.95
18469,26862.13
18468,25394.74
18467,28843.12
18466,37853.15
18465,43957.7
18464,65185.75
18463,34758.67
18462,18237.39
18461,20700.19
18460,20911.1
18459,23542.32
18458,49286.57
18457,60092.37
18456,43617.8
18455,29976.92
18454,32920.94
18453,32956.74
18452,29329.28
18451,40802.23
18450,68007.48
18449,49845.59
18448,19641.93
18447,28343.56
18446,35568.45
18445,38443.69
18444,51327.06
18443,60778.91
18442,45095.02
18441,43891.11
18440,30556.6
18439,27314.08
18438,38085.85
18437,41700.65
18436,51524.74
18435,42916.46
18434,32433.02
18433,47024.03
18432,42840.02
18431,35641.6
18430,46534.68
18429,59897.58
18428,40374.76
18427,31428.03
18426,29864.59
18425,40255.43
18424,40840.57
18423,50759.23
18422,53617.89
18421,34414.86
18420,29272.71
18419,41228.13
18418,29750.21
18417,35799.43
18416,48300.66
18415,41584.66
18414,43836.52
18413,23067.57
18412,20670.64
18411,27549.44
18410,30034.97
18409,35005.09
18408,40779.82
18407,26131.35
18406,21581.06
