107634,44835.54
107633,52639.45
107632,47233.61
107631,18764.17
107630,23425.4
107629,21273.67
107628,21459.33
107627,1808.49
107626,41172.91
107625,29018.04
107624,15132.76
107623,14996.39
107622,15949.4
107621,28618.65
107620,28995.93
107619,50983.66
107618,32835.42
107617,40977.56
107616,23750.19
107615,22619.68
107614,25407.65
107613,17690.58
107612,30925.52
107611,30837.79
107610,14109.56
107609,17277.18
107608,16898.63
107607,19669.15
107606,29344.75
107605,52558.36
107604,37259.47
107603,21812.31
107602,24199.6
107601,24255.42
107600,20825.47
107599,29349.94
107598,60023.48
107597,29028.55
107596,21136.93
107595,22637.67
107594,27573.54
107593,51020.34
107592,44443.55
107591,95879.71
107590,54108.52
107589,37463.02
107588,24728.29
107587,32138.85
107586,25712.14
107585,38105.14
107584,63720.5
107583,42668.09
107582,24362.31
107581,22140.77
107580,23109.17
107579,20295.22
107578,38116.53
107577,72013.56
107576,35521.27
107575,29144.26
107574,24789.81
107573,25424.92
107572,46404.99
107571,46348.16
107570,88473.55
107569,65349.42
107568,37796.93
107567,38498.54
107566,51930.53
107565,40392.15
107564,44800.69
107563,76072.43
107562,58690.73
107561,23919.39
107560,24672.27
107559,42141.08
107558,39005.74
107557,49079.34
107556,74175.11
107555,51114.25
107554,33744.2
107553,35681.38
107552,46097.59
107551,39913.93
107550,60757.82
107549,90824.62
107548,-20.99
107547,27062.17
107546,26413.04
107545,27086.29
107544,30268.02
107543,37390.46
107542,58453.6
107541,39915.23
107540,871.34
107539,18156.92
107538,39508.95
107537,35075.32
107536,46851.99
107535,68151.54
107534,52061.98
107533,18665.19
107532,1545.46
107531,1118.85
107530,82.63
107529,33438.18
107528,47072.79
107527,37512.28
107526,1161.56
107525,21448.18
107524,25439.99
107523,42163.27
107522,44263.12
107521,73392.23
107520,52693.82
107519,31901.92
107518,37114.68
107517,35176.56
107516,36569.16
107515,44516.4
107514,77313.78
107513,46975.7
107512,31316.11
107511,29245.21
107510,34795.3
107509,41356.21
107508,56063.52
107507,87246.35
107506,52533.52
107505,25055.77
107504,26389.68
107503,26914.85
107502,28643.66
107501,51081.92
107500,70305.41
107499,54396.52
107498,34396.78
107497,33275.75
107496,38863.6
107495,35791.41
107494,48933.05
107493,69496.11
107492,52451.88
107491,24678.93
107490,24306.36
107489,28800.02
107488,37164.36
107487,56685.32
107486,59552.44
107485,59652.71
107484,76583.55
107483,25231.33
107482,31191.82
107481,32164.15
107480,40377.96
107479,59254.56
107478,48325.07
107477,15682.44
107476,44940.49
107475,40014.7
107474,40888.18
107473,48026.79
107472,72620.99
107471,52962.18
107470,36420.91
107469,42522.65
107468,43373.37
107467,46539.27
107466,52642.57
107465,72319.32
107464,45227.45
107463,23205.01
107462,30102.63
107461,32379.25
107460,31488.05
107459,43148.56
107458,47470.37
107457,46060.55
107456,25225.64
107455,22165.31
107454,27330.87
107453,33003.52
107452,38912.89
107451,41911.66
107450,40906.31
107449,37992.33
