185441,17811.73
185440,31899.57
185439,27968.43
185438,12868.67
185437,13858.99
185436,12810.93
185435,12811.8
185434,204.33
185433,25417.06
185432,20146.26
185431,10663.69
185430,12460.34
185429,11715.39
185428,16174.76
185427,16202.88
185426,30453.0
185425,20928.31
185424,26152.92
185423,15914.0
185422,13262.45
185421,11451.96
185420,12904.07
185419,28484.33
185418,26116.8
185417,14696.81
185416,12880.45
185415,9506.25
185414,9515.69
185413,17135.87
185412,24900.83
185411,21153.13
185410,11046.65
185409,12141.36
185408,15929.25
185407,11516.57
185406,19557.43
185405,28476.39
185404,16668.49
185403,12631.84
185402,14071.08
185401,17085.19
185400,29437.72
185399,32222.2
185398,42498.78
185397,34241.39
185396,22487.21
185395,16790.91
185394,17589.02
185393,12872.35
185392,25218.97
185391,41175.22
185390,26563.34
185389,13463.17
185388,15934.37
185387,13224.4
185386,15129.16
185385,23321.17
185384,31988.19
185383,16965.11
185382,17535.02
185381,13358.35
185380,15105.55
185379,26190.28
185378,30066.18
185377,38193.63
185376,33603.83
185375,21976.09
185374,22600.31
185373,28320.94
185372,19341.62
185371,25515.86
185370,39063.07
185369,34052.85
185368,15347.64
185367,18616.14
185366,26865.42
185365,20228.68
185364,28718.28
185363,51910.39
185362,34112.55
185361,25895.51
185360,26268.29
185359,26745.05
185358,25462.45
185357,32067.1
185356,46724.88
185355,14880.11
185354,14533.21
185353,14078.3
185352,17183.79
185351,25020.58
185350,37703.48
185349,24304.97
185348,422.04
185347,14103.23
185346,19191.69
185345,22592.86
185344,31788.6
185343,40935.78
185342,29247.92
185341,10976.17
185340,861.31
185339,255.51
185338,51.14
185337,18141.25
185336,29117.32
185335,23422.71
185334,410.38
185333,15209.37
185332,14408.3
185331,27377.81
185330,29933.08
185329,36888.95
185328,26692.31
185327,18498.9
185326,16401.17
185325,22712.33
185324,20888.82
185323,34939.29
185322,44525.73
185321,29447.06
185320,16513.89
185319,23339.85
185318,19384.84
185317,26446.72
185316,32304.04
185315,52826.19
185314,30411.62
185313,16422.32
185312,14712.43
185311,14130.98
185310,15042.17
185309,29472.24
185308,37695.61
185307,28749.44
185306,18664.15
185305,17603.18
185304,20798.37
185303,16911.38
185302,23877.23
185301,37722.16
185300,31785.18
185299,14144.09
185298,16070.47
185297,16155.57
185296,19173.53
185295,29045.32
185294,36723.15
185293,27473.12
185292,32316.02
185291,13394.27
185290,14336.81
185289,17815.51
185288,22612.41
185287,37093.07
185286,28932.09
185285,13797.74
185284,25779.87
185283,25632.63
185282,23567.96
185281,26879.39
185280,33110.28
185279,27360.22
185278,19034.05
185277,17664.57
185276,18568.08
185275,22141.69
185274,29418.75
185273,33086.19
185272,25284.66
185271,12274.68
185270,14242.93
185269,13772.42
185268,19250.86
185267,26193.02
185266,23247.3
185265,23497.5
185264,15156.32
185263,9708.57
185262,14387.98
185261,16605.75
185260,23710.72
185259,23945.13
185258,17964.58
185257,16011.09
