17255,24290.19
17254,40670.72
17253,36169.77
17252,10521.26
17251,12733.11
17250,12063.08
17249,13060.2
17248,976.54
17247,27659.83
17246,20104.98
17245,8659.07
17244,12415.33
17243,12172.94
17242,22522.71
17241,23351.89
17240,39096.2
17239,22233.42
17238,24372.7
17237,14902.97
17236,20543.22
17235,19213.6
17234,20121.39
17233,96.0
17232,8357.57
17231,10833.31
17230,10821.32
17229,12822.29
17228,12717.73
17227,25099.66
17226,35270.22
17225,28413.05
17224,13312.65
17223,13765.08
17222,15145.2
17221,13979.18
17220,19877.67
17219,29333.14
17218,23044.69
17217,15375.93
17216,12010.83
17215,17079.76
17214,35751.6
17213,39458.98
17212,52033.65
17211,36806.51
17210,22586.28
17209,14760.99
17208,23853.28
17207,17981.77
17206,27353.1
17205,42972.56
17204,32076.49
17203,13402.81
17202,13438.84
17201,14261.53
17200,15666.04
17199,23271.94
17198,39097.16
17197,26133.63
17196,22257.36
17195,16048.42
17194,14903.24
17193,38404.69
17192,29861.56
17191,65912.46
17190,44711.72
17189,29007.25
17188,32200.13
17187,42404.31
17186,28186.04
17185,32008.05
17184,48011.3
17183,38913.65
17182,14648.14
17181,16432.32
17180,33814.5
17179,27835.23
17178,35358.42
17177,54965.77
17176,37742.01
17175,24733.43
17174,31083.49
17173,34576.04
17172,31943.66
17171,52496.36
17170,66538.92
17169,19181.95
17168,15188.67
17167,15755.53
17166,20333.12
17165,25743.2
17164,35745.62
17163,25458.47
17162,493.8
17161,13039.94
17160,23841.07
17159,23294.95
17158,34058.12
17157,39760.99
17156,44283.05
17155,11872.5
17154,1083.01
17153,854.81
17152,173.7
17151,25745.09
17150,34425.15
17149,31108.91
17148,1086.95
17147,14460.39
17146,17299.2
17145,35368.93
17144,38047.5
17143,56108.34
17142,42514.32
17141,25034.5
17140,29345.35
17139,30616.25
17138,26902.15
17137,38899.35
17136,56151.32
17135,28732.71
17134,18097.12
17133,19566.75
17132,24169.15
17131,31841.37
17130,36792.33
17129,70657.01
17128,34916.33
17127,16221.53
17126,16690.46
17125,14152.51
17124,16345.23
17123,38714.49
17122,44670.41
17121,37339.99
17120,24050.96
17119,24068.8
17118,28023.52
17117,23616.12
17116,31050.81
17115,50739.17
17114,40715.49
17113,16192.45
17112,22228.48
17111,19877.41
17110,33598.58
17109,36570.47
17108,49940.32
17107,32721.97
17106,44598.88
17105,19623.91
17104,20212.32
17103,24315.19
17102,30308.46
17101,37899.22
17100,37802.49
17099,19778.57
17098,32222.39
17097,29877.26
17096,34037.74
17095,37513.79
17094,49706.87
17093,42866.16
17092,27494.99
17091,27678.29
17090,22901.44
17089,35179.71
17088,48700.04
17087,51718.51
17086,38620.7
17085,18753.24
17084,16869.45
17083,19450.5
17082,25156.57
17081,31989.16
17080,32710.9
17079,31816.87
17078,16616.54
17077,15273.7
17076,19585.0
17075,20234.64
17074,26719.9
17073,35570.75
17072,22087.15
17071,18807.2
