25700,32329.16
25699,54559.35
25698,36934.58
25697,14746.33
25696,16485.79
25695,17245.52
25694,13781.53
25693,1020.27
25692,31710.74
25691,20083.78
25690,13624.08
25689,10256.81
25688,10648.01
25687,26935.82
25686,32350.95
25685,47898.74
25684,25697.65
25683,32897.76
25682,19457.63
25681,17501.52
25680,22358.14
25679,19682.39
25678,48328.23
25677,35815.11
25676,12458.87
25675,10422.29
25674,19109.46
25673,15029.25
25672,31004.94
25671,44140.52
25670,27486.36
25669,15374.66
25668,7939.12
25667,15586.09
25666,21680.2
25665,21591.75
25664,48904.1
25663,24020.08
25662,15997.64
25661,15778.04
25660,17768.35
25659,53226.99
25658,60670.35
25657,99199.53
25656,27831.85
25655,45438.5
25654,26358.1
25653,34400.96
25652,26924.29
25651,47494.11
25650,73047.43
25649,50904.33
25648,21698.1
25647,18934.39
25646,22179.26
25645,19971.38
25644,33381.32
25643,60980.04
25642,35227.51
25641,24442.36
25640,17491.61
25639,18146.02
25638,43291.26
25637,60237.76
25636,97554.8
25635,73433.16
25634,36683.11
25633,48195.94
25632,57468.08
25631,36698.96
25630,39191.97
25629,59878.46
25628,46905.1
25627,20414.22
25626,20262.45
25625,42254.76
25624,37429.08
25623,46390.06
25622,77259.3
25621,51646.8
25620,38644.31
25619,35824.69
25618,44088.23
25617,32410.66
25616,60063.93
25615,68171.94
25614,22545.48
25613,16709.94
25612,19318.9
25611,21686.03
25610,28387.72
25609,47622.17
25608,28969.61
25607,1384.11
25606,15518.63
25605,36371.47
25604,28468.53
25603,39554.02
25602,68378.84
25601,49147.57
25600,17679.6
25599,1360.95
25598,1128.66
25597,331.27
25596,32555.65
25595,47407.91
25594,41518.7
25593,1962.88
25592,18954.86
25591,20956.66
25590,50862.33
25589,55029.12
25588,65863.0
25587,49322.71
25586,32414.54
25585,32643.73
25584,36764.87
25583,30442.1
25582,50262.88
25581,84641.84
25580,41355.68
25579,21384.09
25578,24495.02
25577,25589.02
25576,32637.39
25575,40254.01
25574,63117.49
25573,41978.21
25572,19590.47
25571,20696.78
25570,22443.65
25569,23119.23
25568,57325.35
25567,68054.61
25566,49742.61
25565,32646.91
25564,32523.11
25563,34528.78
25562,31562.85
25561,40331.78
25560,61364.08
25559,56737.07
25558,24650.41
25557,28788.73
25556,27642.97
25555,44539.5
25554,57038.96
25553,61932.85
25552,49080.17
25551,51666.23
25550,28003.21
25549,24648.1
25548,35618.33
25547,36989.77
25546,51397.75
25545,42888.62
25544,25222.07
25543,47993.23
25542,45076.05
25541,50613.74
25540,56013.02
25539,73019.05
25538,57496.26
25537,41092.06
25536,42333.22
25535,40800.85
25534,48226.88
25533,56847.73
25532,61971.61
25531,48925.13
25530,22396.05
25529,25373.82
25528,24571.21
25527,33816.12
25526,41949.94
25525,40402.57
25524,45945.28
25523,22308.12
25522,18504.93
25521,19250.82
25520,31590.99
25519,33858.25
25518,38788.21
25517,27696.99
25516,16790.95
