44104,29022.41
44103,50823.46
44102,50475.04
44101,16934.02
44100,18459.78
44099,23641.97
44098,19995.85
44097,936.16
44096,38764.43
44095,32977.42
44094,16700.14
44093,16402.27
44092,13555.17
44091,32387.21
44090,34444.4
44089,53064.23
44088,43997.92
44087,37682.61
44086,25641.26
44085,33862.26
44084,35819.59
44083,40677.59
44082,261.8
44081,12882.69
44080,14497.41
44079,14027.01
44078,19934.13
44077,18557.05
44076,35731.86
44075,59393.23
44074,31292.42
44073,17231.88
44072,21093.67
44071,16615.56
44070,20534.09
44069,26693.46
44068,49440.76
44067,29457.19
44066,15570.03
44065,12396.13
44064,21392.71
44063,52294.48
44062,56504.76
44061,86281.44
44060,50935.65
44059,33898.92
44058,25315.63
44057,37758.07
44056,25679.52
44055,39059.9
44054,72739.84
44053,53435.44
44052,16922.52
44051,17016.07
44050,17946.66
44049,18185.47
44048,37424.82
44047,55435.44
44046,34363.04
44045,29466.8
44044,18404.82
44043,21312.38
44042,47875.47
44041,44578.05
44040,92991.92
44039,65242.51
44038,38652.04
44037,50303.31
44036,71502.81
44035,38062.71
44034,42519.09
44033,61564.12
44032,53880.05
44031,17605.29
44030,20278.17
44029,47570.27
44028,39042.17
44027,46209.12
44026,81168.01
44025,52196.16
44024,38119.21
44023,39465.26
44022,54682.18
44021,42177.29
44020,61662.26
44019,87128.98
44018,-7.68
44017,24232.48
44016,18940.24
44015,21389.23
44014,25688.54
44013,26924.63
44012,49714.21
44011,39154.24
44010,15308.06
44009,15434.02
44008,28641.72
44007,29281.54
44006,36899.34
44005,50558.03
44004,51524.75
44003,52.13
44002,18729.79
44001,22829.93
44000,23934.89
43999,31674.39
43998,47113.99
43997,36589.44
43996,20820.79
43995,22736.41
43994,20224.17
43993,53817.12
43992,57681.26
43991,83135.68
43990,56356.32
43989,38460.37
43988,36315.83
43987,39539.0
43986,39200.64
43985,78056.99
43984,36558.7
43983,27519.36
43982,25450.98
43981,28746.3
43980,49445.75
43979,48792.65
43978,83200.09
43977,51304.89
43976,16758.22
43975,21017.46
43974,21438.74
43973,21924.62
43972,58457.12
43971,72687.51
43970,57007.14
43969,30001.2
43968,39315.29
43967,39280.2
43966,34158.07
43965,47579.58
43964,72370.65
43963,69657.19
43962,17150.22
43961,27556.44
43960,25394.4
43959,47.58
43958,61477.98
43957,66604.46
43956,59013.1
43955,70722.67
43954,26555.44
43953,25486.87
43952,39755.94
43951,36799.87
43950,54571.74
43949,48496.57
43948,22697.41
43947,52067.65
43946,44069.34
43945,49239.12
43944,54475.92
43943,74926.35
43942,64593.91
43941,37941.88
43940,40767.22
43939,40909.98
43938,48864.98
43937,63986.58
43936,69830.46
43935,58099.45
43934,25586.29
43933,27384.36
43932,24810.58
43931,32193.08
43930,45660.46
43929,44090.16
43928,54867.79
43927,22570.02
43926,17033.27
43925,24065.21
43924,27997.44
43923,36398.57
43922,38490.11
43921,33841.23
43920,31355.15
