173756,15694.79
173755,22099.05
173754,17594.9
173753,6816.14
173752,10963.49
173751,9522.71
173750,7324.82
173749,1223.82
173748,14790.09
173747,9982.63
173746,4415.26
173745,8600.46
173744,5413.25
173743,8641.94
173742,12784.03
173741,18308.2
173740,10612.96
173739,19896.36
173738,10689.43
173737,10683.47
173736,8677.41
173735,1531.66
173734,2575.68
173733,5197.25
173732,7946.23
173731,7137.75
173730,7611.51
173729,5695.88
173728,12741.96
173727,22043.95
173726,16607.4
173725,6724.02
173724,8164.52
173723,8938.9
173722,8162.82
173721,14409.86
173720,26546.0
173719,12982.09
173718,7000.93
173717,6425.19
173716,10037.32
173715,20115.88
173714,20829.31
173713,43781.44
173712,25538.31
173711,8455.31
173710,11030.39
173709,12860.79
173708,8879.85
173707,16856.39
173706,27839.46
173705,18870.83
173704,8514.08
173703,9466.71
173702,6839.76
173701,7363.2
173700,16898.57
173699,29645.55
173698,17569.26
173697,13780.25
173696,8218.55
173695,8364.02
173694,19628.36
173693,17999.33
173692,44776.47
173691,32490.03
173690,16339.98
173689,18364.0
173688,23723.5
173687,16377.67
173686,20453.4
173685,35573.77
173684,24447.82
173683,12100.7
173682,9897.86
173681,18775.52
173680,19836.42
173679,21419.12
173678,42981.97
173677,27453.98
173676,16121.89
173675,16735.94
173674,21098.23
173673,17314.28
173672,28205.42
173671,44234.31
173670,13774.08
173669,11654.64
173668,16702.82
173667,14930.78
173666,19926.48
173665,28373.72
173664,17450.63
173663,1300.88
173662,10121.21
173661,14511.16
173660,15322.03
173659,18993.75
173658,31093.71
173657,19879.36
173656,10465.05
173655,403.22
173654,493.62
173653,81.64
173652,16040.75
173651,21769.1
173650,15521.63
173649,563.43
173648,8426.1
173647,11645.0
173646,17515.51
173645,18703.37
173644,35179.13
173643,24052.52
173642,15461.1
173641,16203.08
173640,15071.23
173639,16258.88
173638,19742.45
173637,37061.03
173636,24536.93
173635,14437.08
173634,12582.83
173633,12561.33
173632,18759.9
173631,24374.6
173630,39517.61
173629,21253.92
173628,6920.13
173627,10979.15
173626,11767.43
173625,9617.97
173624,24369.95
173623,33979.34
173622,22708.63
173621,15158.25
173620,16078.95
173619,18151.73
173618,13602.57
173617,19965.47
173616,29707.75
173615,25267.89
173614,9923.84
173613,8963.48
173612,12225.07
173611,19621.95
173610,24370.5
173609,27345.6
173608,28324.84
173607,34672.75
173606,9198.45
173605,13879.84
173604,14943.45
173603,14260.23
173602,23767.07
173601,25054.72
173600,14260.51
173599,20757.35
173598,20075.16
173597,16464.2
173596,23409.65
173595,38499.36
173594,29772.3
173593,19974.34
173592,18318.73
173591,20735.05
173590,21468.52
173589,26216.61
173588,29138.91
173587,24028.64
173586,12331.19
173585,13469.36
173584,17477.1
173583,11835.6
173582,19824.72
173581,25184.61
173580,21276.84
173579,11220.84
173578,9719.72
173577,11275.61
173576,14025.33
173575,15597.07
173574,21118.53
173573,20574.76
173572,20087.71
