123390,26088.86
123389,37075.95
123388,42565.19
123387,15358.59
123386,15393.31
123385,12288.78
123384,15441.0
123383,2093.52
123382,28581.61
123381,23027.56
123380,17268.44
123379,16968.07
123378,13400.57
123377,20423.11
123376,24104.61
123375,34321.34
123374,24308.12
123373,26447.77
123372,16197.43
123371,16412.85
123370,16792.34
123369,16879.8
123368,37537.2
123367,31031.68
123366,12984.79
123365,12378.11
123364,16962.26
123363,16455.35
123362,21989.38
123361,33252.3
123360,28385.97
123359,15424.86
123358,15342.73
123357,18267.71
123356,18020.72
123355,22857.31
123354,38269.79
123353,23966.17
123352,18171.42
123351,15918.47
123350,21589.54
123349,34376.43
123348,42562.58
123347,53782.34
123346,38352.16
123345,34699.54
123344,25208.36
123343,18637.11
123342,16632.63
123341,30900.87
123340,39963.34
123339,30950.21
123338,16978.34
123337,13986.76
123336,15426.48
123335,16546.13
123334,24562.49
123333,42335.37
123332,29704.06
123331,21245.91
123330,16945.3
123329,16602.44
123328,32713.99
123327,34623.19
123326,52123.44
123325,49796.07
123324,19843.57
123323,26609.04
123322,33357.76
123321,26397.11
123320,24538.35
123319,48224.59
123318,36974.71
123317,17449.07
123316,19526.58
123315,31296.22
123314,26749.5
123313,32282.86
123312,55297.11
123311,46594.41
123310,25633.18
123309,28572.71
123308,33288.48
123307,30547.29
123306,45587.12
123305,57293.87
123304,-42.38
123303,23643.79
123302,25121.5
123301,22166.59
123300,21139.76
123299,27507.77
123298,39311.42
123297,32813.65
123296,865.3
123295,19334.63
123294,31763.11
123293,24601.26
123292,33492.61
123291,55409.57
123290,44059.34
123289,17261.88
123288,15986.62
123287,16956.36
123286,23727.29
123285,31010.57
123284,35975.39
123283,36015.32
123282,21319.83
123281,19772.61
123280,19869.63
123279,36756.0
123278,38024.16
123277,49651.66
123276,43350.83
123275,22811.69
123274,22118.09
123273,25397.95
123272,25127.21
123271,1002.54
123270,60702.52
123269,44813.33
123268,23204.65
123267,25831.8
123266,25037.3
123265,38662.17
123264,46175.51
123263,72793.93
123262,48863.41
123261,16913.83
123260,22548.9
123259,19509.27
123258,21927.97
123257,44496.05
123256,53441.74
123255,44982.4
123254,30333.38
123253,23849.28
123252,24066.31
123251,29864.77
123250,38135.69
123249,49561.74
123248,46003.16
123247,20057.24
123246,21458.06
123245,22580.32
123244,341.64
123243,36728.93
123242,51007.92
123241,43329.2
123240,45194.1
123239,21946.66
123238,32031.07
123237,30480.16
123236,35992.14
123235,50699.53
123234,46672.22
123233,28851.84
123232,34742.38
123231,28895.25
123230,28176.78
123229,40323.34
123228,47617.35
123227,40404.7
123226,22750.67
123225,25474.68
123224,33031.28
123223,33637.19
123222,49149.83
123221,58550.47
123220,41973.64
123219,20026.68
123218,23036.79
123217,23576.7
123216,21614.69
123215,35580.87
123214,34468.08
123213,44081.38
123212,20088.66
123211,18337.28
123210,24261.62
123209,25609.04
123208,25384.41
123207,37183.89
123206,35366.23
123205,18161.01
