209878,29359.95
209877,45803.16
209876,33345.07
209875,17611.47
209874,14196.16
209873,12456.32
209872,16587.36
209871,571.91
209870,30498.19
209869,20980.31
209868,9904.01
209867,12642.28
209866,14056.29
209865,8171.14
209864,24337.36
209863,37886.52
209862,24821.92
209861,27797.57
209860,15491.72
209859,18650.61
209858,15430.64
209857,19447.32
209856,34342.16
209855,21762.38
209854,9996.48
209853,9712.04
209852,14880.62
209851,14961.34
209850,24279.6
209849,35634.97
209848,25161.93
209847,13551.23
209846,15492.47
209845,18829.28
209844,17765.74
209843,29845.14
209842,44806.57
209841,20517.0
209840,17412.92
209839,15306.48
209838,22524.81
209837,33714.59
209836,43454.29
209835,72595.72
209834,44445.99
209833,41524.49
209832,22343.88
209831,19307.85
209830,18624.15
209829,29430.65
209828,60612.53
209827,32215.28
209826,13823.61
209825,16225.15
209824,18691.68
209823,18187.87
209822,29212.51
209821,49455.99
209820,30299.71
209819,26332.04
209818,17917.73
209817,18578.55
209816,28160.34
209815,37992.72
209814,58401.66
209813,47530.18
209812,23518.12
209811,25847.31
209810,39027.96
209809,28538.1
209808,37610.49
209807,57573.45
209806,40884.62
209805,18437.55
209804,17394.62
209803,30647.1
209802,25027.62
209801,40160.11
209800,60925.46
209799,49021.69
209798,26233.17
209797,30041.18
209796,29725.74
209795,33710.91
209794,50476.4
209793,66261.61
209792,22861.28
209791,19522.94
209790,21674.97
209789,23508.1
209788,33147.1
209787,41724.74
209786,29837.65
209785,17663.15
209784,18347.85
209783,30992.3
209782,23683.29
209781,41363.21
209780,57908.31
209779,42654.22
209778,19.07
209777,15102.6
209776,19038.81
209775,21854.9
209774,28344.8
209773,44121.88
209772,30614.47
209771,13835.28
209770,13773.43
209769,17645.63
209768,28799.51
209767,38318.92
209766,52412.97
209765,34626.31
209764,23242.85
209763,22127.38
209762,25050.38
209761,24171.47
209760,6.99
209759,63630.48
209758,38562.46
209757,22702.78
209756,21828.86
209755,26347.12
209754,31277.59
209753,45753.12
209752,71405.36
209751,42740.74
209750,19199.47
209749,22144.13
209748,24630.96
209747,27563.43
209746,52309.57
209745,62491.99
209744,48244.05
209743,29762.11
209742,27341.29
209741,27635.46
209740,28294.84
209739,41222.42
209738,55434.18
209737,49918.36
209736,24574.69
209735,22899.44
209734,23160.52
209733,40162.39
209732,50125.45
209731,39992.03
209730,45104.27
209729,20304.24
209728,20661.49
209727,26798.24
209726,39190.39
209725,42198.04
209724,35738.82
209723,22632.57
209722,34626.27
209721,33238.06
209720,33256.32
209719,41651.19
209718,61480.82
209717,45801.56
209716,31219.25
209715,26915.41
209714,26649.64
209713,35563.08
209712,42265.1
209711,58313.18
209710,41580.23
209709,20756.43
209708,23419.68
209707,20775.96
209706,24579.22
209705,35098.24
209704,39257.81
209703,39754.68
209702,18507.21
209701,12639.44
209700,22399.18
209699,24661.92
209698,29328.89
209697,40824.66
209696,32987.18
209695,21100.08
