179513,20161.9
179512,37023.93
179511,24582.78
179510,9078.08
179509,10691.18
179508,11155.09
179507,13610.69
179506,401.82
179505,21411.12
179504,14639.56
179503,9705.66
179502,5401.23
179501,8404.09
179500,14277.0
179499,18599.1
179498,32751.22
179497,13628.34
179496,21703.73
179495,14530.48
179494,11380.49
179493,11458.65
179492,11625.74
179491,28605.64
179490,15527.91
179489,8053.71
179488,10614.96
179487,11521.22
179486,9001.94
179485,21206.07
179484,28661.46
179483,23098.93
179482,5440.05
179481,5638.43
179480,9793.81
179479,13108.57
179478,19575.38
179477,28296.87
179476,13944.41
179475,10558.78
179474,12844.08
179473,19163.33
179472,19907.18
179471,31152.01
179470,53482.22
179469,29833.25
179468,24927.65
179467,14706.11
179466,18031.01
179465,11733.27
179464,19247.98
179463,44492.54
179462,28481.25
179461,11012.54
179460,13050.15
179459,12477.36
179458,10818.41
179457,17064.88
179456,35857.32
179455,21480.65
179454,16703.79
179453,11209.76
179452,12378.0
179451,21557.33
179450,28129.67
179449,50963.11
179448,32975.28
179447,11878.97
179446,16520.5
179445,21526.06
179444,17493.31
179443,23569.86
179442,44893.84
179441,28713.3
179440,12822.93
179439,13928.52
179438,21075.85
179437,16085.9
179436,22461.37
179435,44644.21
179434,32806.86
179433,20875.75
179432,20278.92
179431,859.14
179430,16089.38
179429,30084.7
179428,44223.96
179427,16588.43
179426,9680.36
179425,6402.49
179424,11246.96
179423,17642.11
179422,34539.29
179421,24540.31
179420,588.45
179419,11863.41
179418,22735.8
179417,19541.79
179416,25974.64
179415,42432.73
179414,32109.43
179413,13376.88
179412,834.84
179411,183.23
179410,56.68
179409,16707.85
179408,17868.65
179407,14513.29
179406,595.63
179405,12700.52
179404,14262.4
179403,20317.82
179402,25777.74
179401,38316.16
179400,25244.48
179399,17030.14
179398,11684.93
179397,16704.83
179396,14633.04
179395,23060.02
179394,32595.01
179393,31496.57
179392,19940.39
179391,19794.74
179390,19549.49
179389,23587.86
179388,26162.55
179387,47351.25
179386,35261.82
179385,12550.22
179384,13616.33
179383,13965.27
179382,18203.72
179381,31377.79
179380,40203.43
179379,24956.41
179378,23023.03
179377,14587.54
179376,20833.38
179375,18718.36
179374,29139.99
179373,41344.68
179372,38742.46
179371,12464.67
179370,17871.59
179369,18247.82
179368,20333.04
179367,24563.11
179366,32332.88
179365,25356.51
179364,28403.61
179363,15530.29
179362,17081.01
179361,22547.57
179360,20936.62
179359,33159.95
179358,26765.19
179357,19721.85
179356,21874.71
179355,23681.59
179354,24591.82
179353,28823.23
179352,36262.25
179351,28673.6
179350,17590.71
179349,19512.9
179348,19978.96
179347,27321.54
179346,30816.14
179345,40261.33
179344,30790.81
179343,15642.0
179342,19635.48
179341,17374.05
179340,16226.15
179339,23947.64
179338,28147.31
179337,29643.75
179336,16130.38
179335,11252.07
179334,13370.84
179333,18227.04
179332,18440.79
179331,28532.35
179330,19494.85
179329,15630.79
