218132,15899.58
218131,23747.51
218130,13984.58
218129,8369.69
218128,11363.13
218127,10676.64
218126,9527.38
218125,1269.17
218124,18380.45
218123,9622.05
218122,5852.18
218121,7709.63
218120,9714.92
218119,11921.79
218118,13047.66
218117,20553.5
218116,7668.0
218115,15716.19
218114,9327.18
218113,11430.46
218112,11700.44
218111,15481.76
218110,18276.99
218109,13787.53
218108,8137.25
218107,9531.45
218106,11861.38
218105,10970.56
218104,14500.01
218103,19723.93
218102,12658.81
218101,11707.55
218100,12334.94
218099,11599.95
218098,12308.62
218097,15782.76
218096,19516.05
218095,12304.66
218094,12754.42
218093,9258.79
218092,12095.75
218091,18337.7
218090,17462.41
218089,30734.98
218088,23610.55
218087,19109.23
218086,11937.96
218085,13239.05
218084,11699.19
218083,15991.85
218082,20887.31
218081,14995.45
218080,10287.73
218079,9300.84
218078,10134.58
218077,10578.9
218076,15107.6
218075,20400.98
218074,14133.97
218073,11902.17
218072,11052.12
218071,12748.34
218070,17838.04
218069,20131.74
218068,27026.04
218067,21811.61
218066,14319.02
218065,14869.57
218064,15249.77
218063,14764.67
218062,18340.37
218061,27964.31
218060,18165.68
218059,10833.89
218058,13431.8
218057,16062.08
218056,16689.58
218055,15265.21
218054,23618.93
218053,22379.94
218052,16828.79
218051,14159.1
218050,17836.09
218049,16448.11
218048,25107.78
218047,32755.51
218046,11021.37
218045,13781.05
218044,13576.55
218043,17011.22
218042,18815.69
218041,22407.07
218040,17755.64
218039,13320.47
218038,13176.3
218037,18283.53
218036,20917.31
218035,25509.45
218034,27218.34
218033,25548.97
218032,259.13
218031,11859.73
218030,14231.16
218029,17277.85
218028,17620.54
218027,20344.63
218026,16311.01
218025,13760.4
218024,15470.08
218023,18474.28
218022,19838.81
218021,21269.87
218020,24951.28
218019,22483.77
218018,15876.78
218017,12571.14
218016,13134.8
218015,14132.49
218014,526.52
218013,24763.5
218012,15899.82
218011,12454.75
218010,12873.36
218009,14825.14
218008,18330.42
218007,23079.43
218006,27752.8
218005,24867.24
218004,11868.81
218003,12922.86
218002,16372.6
218001,17406.94
218000,23360.49
217999,23197.84
217998,21831.95
217997,17723.14
217996,15003.72
217995,16832.65
217994,14179.59
217993,19776.54
217992,23642.9
217991,20203.9
217990,10432.86
217989,11974.64
217988,12414.38
217987,17675.84
217986,20733.3
217985,23354.19
217984,18456.58
217983,23688.34
217982,13244.07
217981,12386.62
217980,17950.68
217979,24132.37
217978,21476.59
217977,20283.32
217976,20503.74
217975,22601.09
217974,19837.93
217973,20338.59
217972,20992.56
217971,29555.66
217970,22141.57
217969,18691.89
217968,18360.43
217967,17212.71
217966,20135.46
217965,22066.48
217964,26689.67
217963,15895.02
217962,13004.9
217961,18842.05
217960,17340.76
217959,13758.87
217958,19917.47
217957,19756.13
217956,19239.48
217955,14580.31
217954,11818.08
217953,14761.63
217952,19118.93
217951,18238.6
217950,23266.01
217949,17448.36
217948,11961.23
