202300,23575.38
202299,42380.5
202298,45051.75
202297,12258.74
202296,11486.54
202295,11732.98
202294,14722.57
202293,301.7
202292,27951.4
202291,30510.96
202290,12884.03
202289,11442.24
202288,9036.65
202287,19869.59
202286,22933.65
202285,37477.93
202284,31196.61
202283,24680.66
202282,15933.58
202281,14571.64
202280,17023.9
202279,16521.4
202278,38721.3
202277,25573.77
202276,8792.55
202275,10677.69
202274,10627.01
202273,8330.16
202272,22978.33
202271,32399.28
202270,23366.86
202269,18247.88
202268,16370.33
202267,15294.5
202266,15419.62
202265,25200.27
202264,38735.35
202263,27743.13
202262,19013.87
202261,16901.75
202260,21313.25
202259,39038.15
202258,44854.74
202257,63157.05
202256,47244.69
202255,38389.99
202254,21553.29
202253,19157.34
202252,16892.85
202251,29495.11
202250,47493.48
202249,41048.75
202248,16375.19
202247,13557.82
202246,16320.23
202245,15130.61
202244,25605.2
202243,41174.85
202242,32051.07
202241,24202.66
202240,17501.46
202239,16548.93
202238,35566.02
202237,46893.71
202236,66982.17
202235,55044.56
202234,26591.16
202233,29794.72
202232,44422.09
202231,27108.2
202230,31765.35
202229,60608.09
202228,46482.13
202227,18612.39
202226,17751.04
202225,30871.11
202224,34769.68
202223,42433.96
202222,62072.43
202221,52424.56
202220,27884.31
202219,33721.02
202218,43267.17
202217,30086.94
202216,61541.2
202215,73911.87
202214,21998.89
202213,18668.76
202212,18234.48
202211,23305.31
202210,29136.74
202209,43249.23
202208,36143.24
202207,677.69
202206,14555.5
202205,29219.55
202204,30786.19
202203,33402.21
202202,65763.88
202201,62225.12
202200,18232.33
202199,18097.45
202198,17949.96
202197,20639.58
202196,29422.37
202195,42738.3
202194,41024.97
202193,16712.14
202192,15989.07
202191,16867.3
202190,35535.99
202189,41890.49
202188,61832.64
202187,42686.37
202186,24502.6
202185,24358.09
202184,27778.7
202183,25365.8
202182,601.26
202181,63616.81
202180,46156.51
202179,22662.18
202178,29078.87
202177,28410.35
202176,36254.0
202175,51952.44
202174,87172.38
202173,49478.17
202172,20042.45
202171,19553.78
202170,16400.24
202169,15600.92
202168,43776.71
202167,58571.85
202166,43222.69
202165,26608.34
202164,27270.08
202163,27870.92
202162,27810.79
202161,40220.82
202160,51201.13
202159,50163.87
202158,19005.18
202157,19187.83
202156,19609.43
202155,328.97
202154,36962.27
202153,52955.22
202152,39276.23
202151,51308.59
202150,14984.87
202149,21164.29
202148,23425.49
202147,30946.49
202146,48331.0
202145,47548.4
202144,25954.01
202143,33796.93
202142,34514.1
202141,31572.8
202140,43162.41
202139,58405.23
202138,56133.36
202137,29817.98
202136,27596.42
202135,34856.88
202134,39985.52
202133,52553.19
202132,72031.88
202131,55576.64
202130,15345.49
202129,25255.04
202128,21850.63
202127,29372.93
202126,38838.4
202125,45604.31
202124,50544.76
202123,18586.29
202122,16058.14
202121,23297.77
202120,28456.17
202119,36374.77
202118,49755.38
202117,39104.35
202116,25893.35
