207769,15769.49
207768,22598.36
207767,23418.4
207766,8965.77
207765,6641.46
207764,7190.72
207763,12320.83
207762,438.6
207761,15127.12
207760,15424.7
207759,5706.42
207758,10059.96
207757,7935.86
207756,16502.33
207755,14909.3
207754,20568.84
207753,19757.54
207752,17341.87
207751,10974.61
207750,11725.35
207749,11924.51
207748,10053.07
207747,21764.23
207746,20534.13
207745,10609.79
207744,8326.04
207743,8626.86
207742,9822.79
207741,20823.98
207740,24332.12
207739,17584.95
207738,11585.28
207737,9136.2
207736,14848.58
207735,15728.28
207734,14405.49
207733,23057.94
207732,17302.52
207731,8668.56
207730,12726.65
207729,14161.93
207728,25170.35
207727,28774.1
207726,46394.55
207725,35665.41
207724,26852.92
207723,16115.8
207722,15972.55
207721,11656.97
207720,19929.36
207719,29693.55
207718,27886.37
207717,13458.59
207716,9396.01
207715,11869.78
207714,13661.5
207713,20764.93
207712,27573.07
207711,20165.16
207710,17454.53
207709,18431.59
207708,13896.39
207707,24843.92
207706,29641.83
207705,46091.63
207704,34741.51
207703,21542.14
207702,21772.79
207701,28557.83
207700,21842.25
207699,21835.71
207698,28097.15
207697,30306.02
207696,14577.47
207695,14783.48
207694,23429.92
207693,19230.13
207692,25345.37
207691,38433.77
207690,30005.17
207689,19373.54
207688,21300.16
207687,30538.27
207686,22830.53
207685,30573.18
207684,42002.9
207683,13610.02
207682,12612.29
207681,14778.78
207680,12992.92
207679,21623.23
207678,25265.07
207677,24543.11
207676,603.35
207675,12974.97
207674,24193.93
207673,20393.98
207672,23194.77
207671,31548.32
207670,35466.1
207669,14423.2
207668,14470.75
207667,12518.25
207666,17179.0
207665,16928.57
207664,27401.86
207663,29682.09
207662,13198.1
207661,18656.24
207660,14329.35
207659,27066.64
207658,24842.17
207657,35588.66
207656,26680.76
207655,18946.71
207654,18870.32
207653,18611.13
207652,19210.87
207651,559.1
207650,33790.12
207649,24143.68
207648,16929.41
207647,19738.04
207646,19187.83
207645,24374.36
207644,27517.05
207643,44374.28
207642,38088.99
207641,16753.58
207640,14581.53
207639,18877.22
207638,16169.57
207637,28001.93
207636,36711.1
207635,37303.74
207634,20835.15
207633,17089.45
207632,21302.11
207631,19850.39
207630,21260.81
207629,37450.29
207628,34653.63
207627,12906.74
207626,15312.0
207625,19513.26
207624,238.8
207623,25075.89
207622,37280.41
207621,29222.97
207620,34375.94
207619,18825.1
207618,12708.75
207617,18844.91
207616,21072.55
207615,34887.63
207614,24477.69
207613,17143.81
207612,21658.3
207611,23243.53
207610,22333.17
207609,26216.58
207608,35998.41
207607,33794.99
207606,21777.31
207605,22803.5
207604,20683.16
207603,19627.7
207602,26060.42
207601,33649.59
207600,26898.23
207599,12745.69
207598,14227.25
207597,14230.65
207596,18967.16
207595,23361.52
207594,29236.78
207593,30643.82
207592,15488.08
207591,10154.34
207590,14543.11
207589,13220.06
207588,18168.6
207587,22189.68
207586,25413.21
207585,20733.53
