188294,15129.22
188293,27510.69
188292,26753.97
188291,11831.43
188290,12769.94
188289,11837.56
188288,13337.96
188287,428.79
188286,27337.29
188285,18661.79
188284,10629.6
188283,10820.45
188282,13359.6
188281,17199.36
188280,16337.37
188279,26285.76
188278,22210.18
188277,21243.54
188276,11308.15
188275,9546.3
188274,12810.38
188273,8276.29
188272,23662.95
188271,27022.33
188270,10950.64
188269,8349.18
188268,9962.21
188267,10919.99
188266,14869.85
188265,26799.95
188264,24921.09
188263,9781.55
188262,13011.16
188261,16282.51
188260,16521.34
188259,17249.42
188258,31414.55
188257,19846.39
188256,12903.7
188255,8536.66
188254,15834.4
188253,29076.5
188252,26681.1
188251,48108.28
188250,28999.77
188249,20090.1
188248,15643.42
188247,14541.69
188246,13384.19
188245,21981.18
188244,37012.78
188243,24225.61
188242,12016.65
188241,12659.23
188240,15728.08
188239,15218.51
188238,20485.89
188237,30743.99
188236,22474.33
188235,19338.14
188234,11923.18
188233,14780.96
188232,23017.02
188231,33266.47
188230,44779.85
188229,36510.05
188228,23009.59
188227,24671.6
188226,35439.71
188225,22120.01
188224,21316.92
188223,40608.67
188222,35193.58
188221,13512.01
188220,20595.79
188219,29108.12
188218,25826.67
188217,27583.85
188216,45810.49
188215,35504.54
188214,19019.18
188213,23921.2
188212,30180.17
188211,19288.81
188210,33624.91
188209,58330.72
188208,20722.24
188207,19087.51
188206,18585.06
188205,25877.0
188204,28241.56
188203,35731.2
188202,21572.53
188201,93.97
188200,14493.6
188199,20148.66
188198,21429.78
188197,21338.47
188196,32859.16
188195,28562.38
188194,9305.53
188193,17966.29
188192,28140.05
188191,22469.32
188190,17.32
188189,15264.45
188188,15925.8
188187,23213.87
188186,27954.26
188185,45545.82
188184,33358.59
188183,21117.37
188182,18863.01
188181,23290.88
188180,21856.63
188179,29089.22
188178,50392.55
188177,35198.23
188176,19707.77
188175,16991.43
188174,18244.29
188173,27663.76
188172,34338.0
188171,51564.77
188170,34550.44
188169,14866.81
188168,20491.67
188167,18404.06
188166,18399.97
188165,28107.64
188164,37539.04
188163,33733.49
188162,19923.15
188161,22132.65
188160,26413.06
188159,23703.38
188158,27905.17
188157,47788.57
188156,44883.52
188155,21122.67
188154,21561.67
188153,21478.89
188152,26322.81
188151,29754.6
188150,36159.33
188149,30381.65
188148,37155.0
188147,18600.3
188146,13883.59
188145,20810.83
188144,20208.34
188143,32923.0
188142,28526.66
188141,12354.61
188140,23470.75
188139,23792.77
188138,20815.85
188137,26196.63
188136,40146.32
188135,29124.76
188134,16252.16
188133,23175.85
188132,21385.92
188131,25541.42
188130,31401.24
188129,41186.93
188128,33472.35
188127,15216.94
188126,14260.93
188125,17296.69
188124,16865.14
188123,23531.92
188122,26561.76
188121,36219.24
188120,12646.13
188119,11319.77
188118,14409.55
188117,20776.45
188116,21248.16
188115,28902.05
188114,25724.88
188113,18615.33
