219092,13370.61
219091,25667.38
219090,16807.45
219089,8059.04
219088,7790.99
219087,8962.56
219086,8371.03
219085,1117.82
219084,15850.84
219083,12346.06
219082,7206.51
219081,5022.94
219080,6186.32
219079,12372.08
219078,17133.74
219077,23652.18
219076,14444.43
219075,12146.24
219074,11606.24
219073,12582.32
219072,11244.65
219071,11044.1
219070,34.07
219069,8417.28
219068,8528.88
219067,7346.01
219066,6067.05
219065,7995.28
219064,13617.75
219063,24899.57
219062,15644.12
219061,11968.9
219060,10635.15
219059,16018.47
219058,10869.5
219057,14421.18
219056,22669.43
219055,13778.13
219054,9042.62
219053,3908.3
219052,12059.23
219051,16516.05
219050,27347.41
219049,36137.26
219048,18183.93
219047,12494.28
219046,10113.72
219045,14619.51
219044,14814.76
219043,20925.67
219042,33440.0
219041,23511.83
219040,10797.4
219039,9082.62
219038,8847.68
219037,9039.84
219036,16510.82
219035,28958.34
219034,17061.41
219033,15711.8
219032,13398.91
219031,10882.09
219030,22512.63
219029,24587.8
219028,36823.31
219027,31075.34
219026,19206.89
219025,20600.67
219024,29616.76
219023,20781.36
219022,25596.82
219021,35423.76
219020,23155.0
219019,8815.88
219018,12905.01
219017,18289.37
219016,21165.47
219015,27251.93
219014,40536.49
219013,27616.13
219012,17583.42
219011,17722.2
219010,23666.63
219009,26023.95
219008,44732.47
219007,54665.81
219006,12999.09
219005,10327.89
219004,10575.03
219003,14653.27
219002,15936.86
219001,28292.24
219000,19076.23
218999,7951.64
218998,9983.1
218997,21557.57
218996,15030.36
218995,24847.53
218994,22435.15
218993,25285.3
218992,1012.93
218991,8320.33
218990,10096.58
218989,11889.21
218988,20806.37
218987,23964.7
218986,21379.93
218985,10026.87
218984,11514.99
218983,11432.57
218982,21570.02
218981,26169.91
218980,32028.36
218979,25665.98
218978,18374.61
218977,16724.71
218976,17612.67
218975,16153.4
218974,711.01
218973,35280.38
218972,21838.55
218971,13021.78
218970,15738.09
218969,16503.76
218968,23374.74
218967,29953.2
218966,41654.13
218965,24655.32
218964,11270.87
218963,10506.17
218962,12128.05
218961,13295.95
218960,26918.97
218959,29277.86
218958,25544.9
218957,16579.96
218956,13557.94
218955,15033.73
218954,18628.0
218953,22653.1
218952,34405.65
218951,27342.23
218950,12125.7
218949,13510.34
218948,16045.25
218947,19258.94
218946,31869.18
218945,33622.15
218944,28828.29
218943,29483.92
218942,15283.5
218941,17691.03
218940,21795.53
218939,27661.35
218938,25671.62
218937,25244.69
218936,15620.28
218935,22641.44
218934,19808.85
218933,21200.48
218932,22034.71
218931,30407.57
218930,21568.57
218929,15443.31
218928,14497.71
218927,18223.09
218926,20458.27
218925,28444.77
218924,29948.14
218923,18717.63
218922,13916.06
218921,10904.34
218920,16706.62
218919,17911.76
218918,24044.37
218917,21148.97
218916,23484.14
218915,10519.63
218914,10664.92
218913,14290.21
218912,15151.08
218911,19676.22
218910,19535.09
218909,16826.68
218908,12842.98
