69316,24153.73
69315,55229.29
69314,48327.71
69313,13015.81
69312,16426.44
69311,20968.89
69310,15218.36
69309,1038.25
69308,34110.17
69307,20309.31
69306,13967.27
69305,13352.4
69304,15649.15
69303,31353.55
69302,36134.83
69301,56168.98
69300,37397.13
69299,37456.11
69298,22705.83
69297,24412.18
69296,25324.92
69295,22543.05
69294,46992.99
69293,43409.82
69292,14885.57
69291,17223.85
69290,19182.29
69289,15609.13
69288,31621.49
69287,48433.39
69286,39864.2
69285,22300.57
69284,20073.12
69283,26971.18
69282,26539.0
69281,35065.12
69280,55097.1
69279,31845.26
69278,18824.5
69277,18413.23
69276,22271.36
69275,48815.93
69274,55505.77
69273,83311.57
69272,55540.95
69271,43584.15
69270,36166.4
69269,40779.46
69268,29999.78
69267,45281.96
69266,68948.05
69265,57219.23
69264,19552.84
69263,20636.33
69262,9842.59
69261,13401.81
69260,28822.05
69259,55648.09
69258,40621.5
69257,37393.03
69256,14540.72
69255,20280.16
69254,45233.02
69253,57118.07
69252,77353.43
69251,74699.26
69250,45822.33
69249,58143.12
69248,86036.49
69247,31439.63
69246,38271.88
69245,56915.73
69244,48145.0
69243,19434.14
69242,22077.48
69241,46673.42
69240,45367.9
69239,45252.8
69238,88853.49
69237,73394.56
69236,42353.96
69235,45936.62
69234,55088.79
69233,32764.9
69232,66222.49
69231,90188.47
69230,29763.56
69229,32744.28
69228,25061.23
69227,34804.13
69226,40880.34
69225,45721.7
69224,38310.73
69223,870.56
69222,21990.06
69221,35740.27
69220,38469.64
69219,45102.01
69218,56707.15
69217,37417.29
69216,17978.97
69215,935.39
69214,658.55
69213,222.8
69212,31599.98
69211,49919.15
69210,44809.35
69209,1081.87
69208,25939.79
69207,28603.02
69206,62452.64
69205,60426.34
69204,83636.42
69203,59520.51
69202,40782.31
69201,37823.11
69200,48795.84
69199,45961.75
69198,59237.78
69197,88542.28
69196,48272.6
69195,29242.3
69194,27066.08
69193,31747.68
69192,46967.6
69191,59444.85
69190,85836.34
69189,54949.1
69188,25339.77
69187,25282.26
69186,24109.24
69185,22969.15
69184,65149.62
69183,78754.47
69182,66353.74
69181,42253.52
69180,41593.91
69179,48298.77
69178,44539.22
69177,50320.94
69176,69448.73
69175,71226.7
69174,29502.13
69173,31630.12
69172,37118.87
69171,53947.88
69170,59409.68
69169,75922.42
69168,61103.61
69167,61308.59
69166,30489.77
69165,28489.1
69164,39654.23
69163,42919.47
69162,62644.41
69161,57051.8
69160,28707.82
69159,56550.3
69158,57330.18
69157,46494.41
69156,55822.61
69155,80038.3
69154,67772.03
69153,47622.37
69152,46103.21
69151,51218.45
69150,56536.15
69149,67858.31
69148,77812.21
69147,66054.32
69146,28502.46
69145,34608.82
69144,32014.7
69143,36991.92
69142,45629.21
69141,47877.6
69140,58020.89
69139,26881.35
69138,20602.77
69137,27924.32
69136,39723.9
69135,35183.71
69134,38083.79
69133,30007.04
69132,27574.46
