166687,35011.66
166686,48966.53
166685,40907.08
166684,13659.49
166683,18037.31
166682,15117.22
166681,14710.82
166680,805.84
166679,41287.19
166678,22478.55
166677,12867.36
166676,14248.17
166675,12812.41
166674,23040.74
166673,26456.82
166672,41299.67
166671,25910.04
166670,34322.37
166669,22710.47
166668,20142.16
166667,18937.49
166666,14306.78
166665,28254.92
166664,26750.47
166663,13400.0
166662,12382.47
166661,12320.21
166660,15871.6
166659,26642.91
166658,50227.95
166657,26652.74
166656,16991.16
166655,18017.57
166654,18525.83
166653,15820.41
166652,25030.75
166651,49850.59
166650,27267.08
166649,15925.83
166648,19714.43
166647,22440.43
166646,44871.72
166645,38662.87
166644,81648.68
166643,49946.87
166642,28587.74
166641,23300.05
166640,26485.34
166639,21841.96
166638,34411.0
166637,51438.15
166636,33050.53
166635,15833.18
166634,14809.39
166633,19318.35
166632,14476.62
166631,26639.64
166630,56065.84
166629,35086.14
166628,26305.96
166627,19063.9
166626,19215.04
166625,40231.41
166624,43820.9
166623,81809.04
166622,60845.44
166621,31027.17
166620,35535.11
166619,49917.96
166618,31463.08
166617,38480.06
166616,67809.32
166615,53709.67
166614,19698.97
166613,21038.99
166612,44962.79
166611,38027.95
166610,39458.44
166609,66050.33
166608,50411.86
166607,26002.74
166606,31797.12
166605,41379.69
166604,35299.52
166603,51716.59
166602,75139.31
166601,29053.98
166600,23264.15
166599,22949.72
166598,27458.03
166597,35193.07
166596,44988.22
166595,34617.81
166594,529.05
166593,13802.88
166592,33397.58
166591,29206.46
166590,41712.14
166589,59425.5
166588,47679.44
166587,16282.2
166586,483.82
166585,688.54
166584,4.29
166583,32395.0
166582,42061.08
166581,36618.77
166580,458.53
166579,22231.69
166578,19686.94
166577,39243.15
166576,35622.24
166575,66226.92
166574,47988.62
166573,26777.88
166572,31110.28
166571,30431.5
166570,25583.28
166569,34273.38
166568,69316.09
166567,41383.29
166566,23101.43
166565,25885.59
166564,25711.18
166563,39379.84
166562,50193.64
166561,79558.52
166560,48083.52
166559,19493.86
166558,22476.47
166557,22268.78
166556,25657.2
166555,47106.47
166554,59460.14
166553,49476.36
166552,27716.95
166551,32725.96
166550,33020.42
166549,26588.57
166548,39937.47
166547,60218.52
166546,52986.04
166545,19661.31
166544,20904.0
166543,23413.32
166542,33306.82
166541,44141.08
166540,51898.75
166539,52128.72
166538,60001.58
166537,18972.35
166536,15402.97
166535,29818.08
166534,32487.63
166533,50164.4
166532,47142.75
166531,26505.63
166530,39386.43
166529,35935.17
166528,33990.68
166527,45431.16
166526,63556.9
166525,47269.14
166524,34919.69
166523,30966.1
166522,35121.72
166521,45077.65
166520,49618.5
166519,66157.72
166518,41899.89
166517,24310.31
166516,24383.76
166515,27541.44
166514,25269.68
166513,42335.9
166512,45927.18
166511,40022.69
166510,19042.61
166509,14024.55
166508,22345.66
166507,31676.32
166506,34547.16
166505,41822.35
166504,35304.4
166503,32926.74
