208919,27429.46
208918,37218.55
208917,33723.84
208916,13442.3
208915,13998.08
208914,14230.22
208913,18788.01
208912,549.49
208911,25108.16
208910,23865.99
208909,10042.13
208908,13564.15
208907,13460.26
208906,20774.21
208905,23539.48
208904,27861.84
208903,25469.34
208902,25287.52
208901,11981.62
208900,18618.89
208899,16910.12
208898,19256.29
208897,35302.18
208896,24889.29
208895,10853.94
208894,12979.83
208893,15450.79
208892,15591.72
208891,28376.68
208890,37947.37
208889,24295.08
208888,20404.1
208887,19291.49
208886,17375.79
208885,21431.19
208884,27096.14
208883,39782.28
208882,23518.77
208881,21163.18
208880,21169.36
208879,23564.86
208878,40069.97
208877,51643.46
208876,71222.99
208875,44130.19
208874,42893.52
208873,22973.49
208872,23321.87
208871,22523.19
208870,34245.44
208869,49938.9
208868,38759.42
208867,22683.6
208866,18314.12
208865,22189.99
208864,23997.15
208863,34173.62
208862,47355.04
208861,34091.05
208860,27744.14
208859,20226.41
208858,20927.08
208857,37389.84
208856,40639.13
208855,55581.38
208854,53883.34
208853,25835.06
208852,26644.29
208851,38430.42
208850,28579.57
208849,27140.07
208848,51397.07
208847,46291.91
208846,19597.28
208845,20426.06
208844,37211.02
208843,30292.13
208842,37441.72
208841,54235.42
208840,41922.67
208839,29714.68
208838,33188.7
208837,40056.13
208836,38227.5
208835,50947.34
208834,71441.79
208833,20296.05
208832,16445.18
208831,20495.64
208830,24746.17
208829,32108.19
208828,45569.32
208827,41875.03
208826,19705.21
208825,23349.39
208824,35699.47
208823,36391.67
208822,40772.83
208821,62154.0
208820,56012.74
208819,721.32
208818,19867.55
208817,20394.79
208816,23015.95
208815,31673.29
208814,42904.24
208813,37196.31
208812,22185.55
208811,17180.6
208810,24844.58
208809,36342.03
208808,35563.08
208807,49235.55
208806,43167.53
208805,25541.34
208804,24292.67
208803,23133.53
208802,27514.02
208801,1040.2
208800,60741.69
208799,43026.69
208798,23525.93
208797,28588.89
208796,28768.48
208795,42270.27
208794,51849.58
208793,78552.61
208792,44643.72
208791,22190.54
208790,23560.63
208789,25669.85
208788,28640.48
208787,44563.33
208786,56758.07
208785,55319.44
208784,32551.66
208783,28843.64
208782,31606.8
208781,33492.52
208780,40701.79
208779,59614.69
208778,49348.91
208777,21249.6
208776,20155.22
208775,23013.05
208774,321.48
208773,37274.99
208772,46049.54
208771,44762.5
208770,48591.32
208769,25299.7
208768,27027.3
208767,32143.59
208766,35350.12
208765,53393.71
208764,47216.05
208763,31045.09
208762,45595.45
208761,39153.96
208760,36544.91
208759,38520.88
208758,48634.57
208757,40731.62
208756,25026.53
208755,30001.6
208754,31408.16
208753,37742.82
208752,49359.65
208751,59612.49
208750,42314.98
208749,21094.91
208748,20978.66
208747,20500.86
208746,22775.49
208745,35619.07
208744,34517.15
208743,41117.19
208742,18689.19
208741,13720.84
208740,19084.49
208739,24873.26
208738,32957.52
208737,37394.71
208736,34016.33
208735,22599.79
