198656,18051.54
198655,32348.29
198654,29327.01
198653,9974.85
198652,9968.64
198651,8894.53
198650,9465.45
198649,356.79
198648,22368.64
198647,16847.18
198646,6895.3
198645,10459.43
198644,5505.5
198643,14008.86
198642,16335.25
198641,25692.84
198640,15088.18
198639,18384.18
198638,10891.91
198637,15435.96
198636,13583.69
198635,9317.47
198634,139.73
198633,29.87
198632,5880.16
198631,7204.12
198630,10296.4
198629,9731.97
198628,16625.38
198627,26026.31
198626,17417.2
198625,6451.48
198624,8325.21
198623,9711.38
198622,14989.52
198621,17814.22
198620,29053.81
198619,16535.67
198618,10379.63
198617,8828.54
198616,12964.33
198615,23443.81
198614,28309.94
198613,53734.56
198612,30441.07
198611,9392.75
198610,16424.97
198609,17044.83
198608,13472.1
198607,24741.62
198606,39458.19
198605,25908.98
198604,10204.1
198603,11472.73
198602,9424.36
198601,13583.51
198600,20660.21
198599,35614.62
198598,21200.99
198597,20224.46
198596,12133.82
198595,10539.69
198594,27697.69
198593,27571.62
198592,53707.27
198591,40657.5
198590,22569.63
198589,27518.28
198588,33952.61
198587,25187.17
198586,31560.17
198585,44710.52
198584,32410.0
198583,13639.45
198582,14884.08
198581,29745.17
198580,26085.84
198579,35579.76
198578,52352.02
198577,39127.43
198576,18559.23
198575,24240.03
198574,31237.29
198573,26727.63
198572,50508.84
198571,65365.97
198570,18302.69
198569,13130.02
198568,13947.55
198567,18021.07
198566,21631.41
198565,30850.91
198564,23383.14
198563,368.05
198562,9850.58
198561,22240.92
198560,15359.63
198559,29479.46
198558,41400.08
198557,37672.92
198556,14349.09
198555,426.21
198554,507.88
198553,23.39
198552,17327.66
198551,31698.95
198550,27433.71
198549,323.99
198548,14018.77
198547,15213.17
198546,24533.47
198545,30210.94
198544,48284.16
198543,31722.6
198542,14817.75
198541,19749.34
198540,16808.9
198539,19988.45
198538,25529.39
198537,44249.0
198536,27143.06
198535,14375.76
198534,14047.95
198533,17181.23
198532,30669.77
198531,33197.72
198530,64067.99
198529,33393.93
198528,14034.78
198527,13735.98
198526,13064.79
198525,14493.01
198524,33209.58
198523,38536.2
198522,32286.62
198521,18183.87
198520,15662.31
198519,19901.45
198518,21804.21
198517,28959.53
198516,40090.05
198515,37419.94
198514,12214.66
198513,16229.43
198512,15193.43
198511,27086.66
198510,35130.01
198509,40529.65
198508,30711.63
198507,44166.86
198506,17946.72
198505,18201.28
198504,18955.8
198503,21287.27
198502,36884.27
198501,29490.15
198500,14454.95
198499,28239.17
198498,24178.32
198497,27420.61
198496,28416.35
198495,47747.1
198494,36584.63
198493,20618.02
198492,23271.77
198491,18969.07
198490,21595.62
198489,34605.37
198488,43046.22
198487,34562.85
198486,9568.88
198485,12502.08
198484,16104.83
198483,19701.0
198482,26132.75
198481,26310.27
198480,27803.91
198479,13239.0
198478,10439.6
198477,15435.94
198476,18685.35
198475,20903.71
198474,25419.31
198473,20844.65
198472,18299.5
