154598,21613.38
154597,34563.81
154596,34850.67
154595,15469.39
154594,13750.76
154593,10243.83
154592,11843.58
154591,669.47
154590,27000.3
154589,21715.73
154588,9137.3
154587,9232.74
154586,9784.08
154585,19213.04
154584,20726.3
154583,38197.3
154582,26043.24
154581,18280.72
154580,15075.37
154579,11163.21
154578,9857.44
154577,14088.19
154576,27414.14
154575,22836.03
154574,9023.54
154573,10197.13
154572,9310.75
154571,8563.94
154570,17711.12
154569,28793.44
154568,26128.4
154567,15763.92
154566,11339.76
154565,15222.62
154564,15935.32
154563,20749.76
154562,33253.64
154561,24275.46
154560,13863.69
154559,13461.29
154558,23382.5
154557,33342.79
154556,34192.64
154555,65811.36
154554,37557.13
154553,23229.12
154552,17890.76
154551,19772.02
154550,17638.99
154549,30542.06
154548,44610.98
154547,36138.19
154546,15039.4
154545,13907.85
154544,15343.43
154543,13768.76
154542,22677.84
154541,46692.71
154540,31827.32
154539,22663.46
154538,15372.34
154537,18307.72
154536,33254.22
154535,38336.02
154534,57931.66
154533,45018.36
154532,27344.79
154531,30997.64
154530,37530.11
154529,22762.21
154528,28988.66
154527,51414.03
154526,41343.61
154525,17274.63
154524,18691.22
154523,32052.2
154522,26627.93
154521,28851.88
154520,57769.02
154519,50513.73
154518,29818.1
154517,29507.62
154516,35204.85
154515,44804.78
154514,60458.1
154513,77749.83
154512,18033.79
154511,17954.9
154510,17365.04
154509,20465.64
154508,28206.05
154507,44807.0
154506,35632.14
154505,1109.94
154504,11434.5
154503,30233.82
154502,27667.55
154501,32930.34
154500,60146.12
154499,44144.97
154498,16049.86
154497,1518.21
154496,615.94
154495,119.51
154494,23022.52
154493,44940.63
154492,36465.3
154491,1214.14
154490,12963.65
154489,13997.06
154488,25112.62
154487,31379.42
154486,47671.52
154485,38052.01
154484,14762.32
154483,19092.37
154482,19571.26
154481,19676.29
154480,33420.58
154479,55408.01
154478,39456.69
154477,19260.31
154476,21638.4
154475,21956.88
154474,43519.64
154473,45349.55
154472,90780.49
154471,50482.05
154470,20062.26
154469,18842.07
154468,16875.8
154467,18521.36
154466,41436.81
154465,50574.9
154464,42152.21
154463,21870.01
154462,24113.39
154461,27263.81
154460,25306.83
154459,32619.87
154458,62256.66
154457,45319.63
154456,23718.45
154455,18392.12
154454,20783.52
154453,28507.04
154452,34415.59
154451,50858.57
154450,34775.8
154449,35445.58
154448,16725.18
154447,17376.91
154446,24259.06
154445,28294.9
154444,50166.62
154443,33472.29
154442,16169.61
154441,27638.38
154440,24057.7
154439,27639.21
154438,37662.46
154437,52557.91
154436,43951.62
154435,20240.28
154434,22779.02
154433,24243.38
154432,28773.34
154431,38517.25
154430,66918.86
154429,46733.81
154428,19641.61
154427,20376.7
154426,17594.84
154425,23895.87
154424,29871.35
154423,36281.63
154422,34095.44
154421,13562.9
154420,13296.64
154419,13694.32
154418,25338.11
154417,26809.53
154416,41032.26
154415,29875.88
154414,21702.9
