140967,32613.01
140966,47189.36
140965,44624.87
140964,20594.31
140963,17702.11
140962,18871.64
140961,21038.74
140960,1974.24
140959,43550.29
140958,35143.07
140957,18008.47
140956,18265.01
140955,19466.0
140954,28558.87
140953,35114.64
140952,44863.26
140951,37955.09
140950,39888.28
140949,21005.31
140948,23020.26
140947,19008.77
140946,22982.95
140945,45985.56
140944,42358.66
140943,19302.37
140942,13485.31
140941,18226.27
140940,20773.27
140939,35493.73
140938,51121.07
140937,35807.09
140936,23230.96
140935,20949.68
140934,24876.84
140933,27222.95
140932,29025.4
140931,48283.13
140930,28687.65
140929,25269.42
140928,22677.52
140927,27551.95
140926,49816.87
140925,51191.68
140924,69018.53
140923,52411.22
140922,47858.13
140921,29474.13
140920,33789.42
140919,24333.18
140918,37100.65
140917,60393.27
140916,48321.66
140915,23261.48
140914,21657.53
140913,23999.42
140912,22584.84
140911,35128.96
140910,56412.2
140909,38637.56
140908,32884.19
140907,24165.4
140906,24735.1
140905,49046.55
140904,49446.63
140903,70936.32
140902,67876.72
140901,35709.59
140900,41110.42
140899,53813.45
140898,30965.53
140897,34350.95
140896,61064.09
140895,55392.42
140894,22708.03
140893,23789.51
140892,46749.4
140891,36980.81
140890,43483.67
140889,72218.11
140888,63836.55
140887,36860.11
140886,38915.23
140885,56550.46
140884,42781.25
140883,58865.02
140882,92308.97
140881,28500.06
140880,28904.99
140879,32998.1
140878,35339.22
140877,40320.55
140876,45933.44
140875,49611.47
140874,27234.06
140873,26338.11
140872,41650.22
140871,37269.42
140870,46117.29
140869,64022.54
140868,60970.95
140867,88.45
140866,23556.54
140865,26319.07
140864,31130.43
140863,33685.96
140862,52783.16
140861,47646.74
140860,26009.26
140859,24866.64
140858,31276.95
140857,47346.1
140856,53684.94
140855,78297.07
140854,60297.54
140853,34979.93
140852,37227.81
140851,36822.19
140850,37434.37
140849,1751.59
140848,81818.51
140847,54093.22
140846,31072.86
140845,31576.03
140844,35677.15
140843,45137.98
140842,51616.72
140841,95307.61
140840,61623.23
140839,28497.59
140838,26338.88
140837,32679.14
140836,23487.2
140835,57211.82
140834,79753.17
140833,68264.15
140832,38536.92
140831,42822.76
140830,42056.15
140829,44670.09
140828,52029.71
140827,71187.16
140826,69219.57
140825,29505.27
140824,26372.54
140823,32745.13
140822,695.94
140821,54389.18
140820,63016.77
140819,59966.43
140818,70848.74
140817,37121.68
140816,46860.06
140815,42702.37
140814,51414.42
140813,66342.11
140812,70553.98
140811,38634.79
140810,48333.07
140809,48780.81
140808,45053.5
140807,54786.39
140806,80649.51
140805,70642.3
140804,42771.25
140803,44896.36
140802,43256.53
140801,49775.56
140800,65209.11
140799,81271.11
140798,63537.19
140797,27931.69
140796,31264.97
140795,35326.87
140794,37541.79
140793,48085.15
140792,56097.64
140791,66537.21
140790,29479.54
140789,23911.61
140788,31766.95
140787,39174.55
140786,46895.53
140785,53231.03
140784,44498.25
140783,40380.78
