213140,18298.83
213139,32189.5
213138,25522.67
213137,10435.0
213136,9423.24
213135,9781.35
213134,10753.22
213133,929.19
213132,19579.9
213131,12877.69
213130,6803.77
213129,6279.92
213128,10107.25
213127,16498.3
213126,20311.41
213125,23344.5
213124,13420.69
213123,13788.7
213122,10611.66
213121,10126.77
213120,10026.75
213119,9914.24
213118,24722.06
213117,19043.26
213116,8834.03
213115,9139.35
213114,11346.1
213113,8669.62
213112,15961.37
213111,30065.74
213110,16284.18
213109,13795.92
213108,12791.82
213107,12186.42
213106,12967.83
213105,19520.87
213104,28371.66
213103,14302.68
213102,8604.97
213101,8823.5
213100,10261.76
213099,23314.7
213098,32016.38
213097,34834.25
213096,29108.77
213095,20102.82
213094,8411.08
213093,16246.82
213092,12904.7
213091,24380.92
213090,35670.72
213089,21646.74
213088,16663.51
213087,10972.33
213086,12108.12
213085,9394.76
213084,20586.26
213083,28545.07
213082,17960.87
213081,18385.12
213080,10546.92
213079,10435.94
213078,24441.9
213077,26696.15
213076,40109.96
213075,32101.06
213074,23025.7
213073,27935.44
213072,34528.64
213071,19054.22
213070,21370.69
213069,37927.2
213068,28225.85
213067,11679.82
213066,13123.24
213065,20862.4
213064,22373.39
213063,25509.01
213062,39493.24
213061,27392.79
213060,19062.21
213059,25958.45
213058,29697.58
213057,25103.92
213056,40436.54
213055,52116.12
213054,9988.31
213053,13332.79
213052,11983.29
213051,15536.56
213050,21686.2
213049,27351.75
213048,18612.05
213047,7356.02
213046,10291.51
213045,23748.69
213044,16173.81
213043,27318.62
213042,34094.63
213041,26750.84
213040,877.46
213039,9153.63
213038,12006.63
213037,15051.52
213036,18996.76
213035,26763.38
213034,21335.34
213033,14313.93
213032,16071.72
213031,14331.6
213030,26259.37
213029,35600.9
213028,34872.78
213027,22108.98
213026,18415.08
213025,16504.19
213024,22084.57
213023,20989.51
213022,1374.54
213021,41933.77
213020,25268.56
213019,13631.01
213018,17319.34
213017,14791.74
213016,25088.14
213015,29587.68
213014,39866.03
213013,26637.29
213012,9885.1
213011,14215.08
213010,13258.12
213009,12834.43
213008,31241.89
213007,41508.11
213006,29839.43
213005,17831.61
213004,19939.51
213003,20048.29
213002,16833.94
213001,27449.37
213000,40676.23
212999,31472.38
212998,14678.83
212997,15415.56
212996,17678.69
212995,27660.98
212994,31746.52
212993,41068.08
212992,25998.51
212991,29475.26
212990,16718.87
212989,14780.29
212988,24827.52
212987,28979.16
212986,30577.32
212985,26876.29
212984,14639.59
212983,22932.73
212982,24276.0
212981,20727.75
212980,29180.75
212979,31918.82
212978,26338.39
212977,18451.05
212976,20850.54
212975,22711.49
212974,25257.71
212973,30557.52
212972,41184.7
212971,27378.68
212970,14449.17
212969,23741.02
212968,20695.54
212967,21165.98
212966,26944.05
212965,25439.94
212964,28602.92
212963,12875.2
212962,13669.61
212961,15709.74
212960,19358.45
212959,21511.39
212958,23634.15
212957,16580.43
212956,14931.74
