38168,27964.17
38167,48093.22
38166,30672.41
38165,16468.24
38164,12915.37
38163,13345.46
38162,13510.32
38161,392.76
38160,27974.12
38159,15592.91
38158,9320.52
38157,7774.08
38156,10871.92
38155,14727.12
38154,18495.56
38153,35849.59
38152,24553.26
38151,38912.08
38150,16644.4
38149,17986.49
38148,17510.34
38147,9364.31
38146,29.09
38145,761.67
38144,10175.02
38143,12793.56
38142,8120.74
38141,11255.41
38140,23999.9
38139,40813.52
38138,25612.24
38137,11525.95
38136,15052.71
38135,13478.46
38134,15322.96
38133,20457.08
38132,38824.28
38131,19953.95
38130,11930.27
38129,13402.78
38128,15449.82
38127,30975.84
38126,40237.41
38125,66360.97
38124,37113.78
38123,7478.0
38122,19566.05
38121,22061.8
38120,15358.98
38119,31221.25
38118,50113.66
38117,32146.55
38116,12953.15
38115,12531.42
38114,11444.25
38113,16456.95
38112,24607.23
38111,52318.52
38110,26799.47
38109,20185.54
38108,15314.84
38107,14425.1
38106,34218.66
38105,38106.44
38104,69578.53
38103,47156.66
38102,26114.31
38101,30462.15
38100,41463.54
38099,24748.67
38098,36871.62
38097,63789.69
38096,41362.8
38095,15164.58
38094,13573.15
38093,31625.97
38092,27750.87
38091,38006.61
38090,66392.17
38089,38204.61
38088,27654.29
38087,28557.61
38086,36865.19
38085,35483.89
38084,49334.48
38083,72868.16
38082,22767.59
38081,19530.62
38080,17176.97
38079,19949.05
38078,28443.42
38077,45136.62
38076,26128.63
38075,474.32
38074,11858.09
38073,22031.68
38072,21493.53
38071,41660.95
38070,53932.94
38069,44238.48
38068,13017.57
38067,697.53
38066,749.65
38065,63.43
38064,26968.11
38063,40628.67
38062,28655.81
38061,878.86
38060,15363.04
38059,17572.28
38058,29953.82
38057,37766.88
38056,60067.17
38055,37956.18
38054,22695.63
38053,31136.11
38052,21826.0
38051,26153.94
38050,32218.23
38049,62518.91
38048,30642.15
38047,20417.63
38046,18981.99
38045,24243.31
38044,28541.6
38043,41108.16
38042,75709.47
38041,33031.91
38040,13811.43
38039,15213.46
38038,17367.02
38037,15863.83
38036,37766.8
38035,54785.53
38034,36471.27
38033,26080.63
38032,22088.21
38031,27699.72
38030,19592.73
38029,33424.59
38028,54063.05
38027,39213.04
38026,18094.31
38025,20232.4
38024,24083.33
38023,32008.54
38022,46525.48
38021,50915.94
38020,31545.45
38019,55221.18
38018,16589.13
38017,21037.06
38016,27734.16
38015,31984.47
38014,46510.16
38013,33157.99
38012,18495.79
38011,33935.62
38010,35310.12
38009,26823.23
38008,36658.48
38007,58561.19
38006,42115.73
38005,30261.34
38004,31048.27
38003,27110.27
38002,33603.71
38001,51567.1
38000,59190.01
37999,34594.01
37998,18075.92
37997,18022.34
37996,21797.73
37995,21458.1
37994,35727.96
37993,37106.2
37992,36222.14
37991,19622.96
37990,15162.75
37989,17412.87
37988,21939.22
37987,28382.76
37986,37492.4
37985,24655.72
37984,27492.32
