110130,34591.16
110129,50160.18
110128,44604.62
110127,13150.38
110126,17627.11
110125,21720.14
110124,18920.86
110123,1096.36
110122,33059.32
110121,19486.77
110120,13730.84
110119,14458.43
110118,15031.74
110117,25827.25
110116,31759.19
110115,34175.29
110114,35315.29
110113,27923.09
110112,21391.4
110111,20440.59
110110,23449.65
110109,22761.92
110108,24682.19
110107,17367.21
110106,16479.72
110105,17278.21
110104,18318.82
110103,18420.51
110102,28000.84
110101,48791.17
110100,32284.67
110099,18105.86
110098,19740.82
110097,20466.27
110096,17513.81
110095,7136.27
110094,36057.75
110093,30133.98
110092,1783.51
110091,14417.32
110090,17716.45
110089,38357.74
110088,42108.15
110087,60158.78
110086,33285.79
110085,40352.35
110084,23975.43
110083,27216.75
110082,25439.73
110081,32542.96
110080,46283.34
110079,35776.27
110078,17856.51
110077,19085.69
110076,18759.4
110075,18043.07
110074,28002.81
110073,46199.65
110072,30528.41
110071,24288.38
110070,19891.09
110069,14119.81
110068,40806.19
110067,33124.66
110066,68840.57
110065,59059.75
110064,31523.43
110063,34881.7
110062,48120.62
110061,31068.59
110060,30931.03
110059,51217.69
110058,39810.63
110057,17370.62
110056,19410.19
110055,37821.46
110054,30575.82
110053,41670.1
110052,66430.06
110051,50049.57
110050,25871.07
110049,34424.99
110048,38537.54
110047,27790.62
110046,51614.45
110045,75749.41
110044,20840.0
110043,21008.15
110042,23718.96
110041,20949.58
110040,29116.19
110039,49582.9
110038,32656.32
110037,462.93
110036,17834.26
110035,32715.95
110034,27464.29
110033,39967.04
110032,69229.51
110031,56446.82
110030,21448.03
110029,671.98
110028,401.95
110027,52.36
110026,26477.5
110025,44635.2
110024,35232.45
110023,782.31
110022,23186.85
110021,22426.78
110020,40689.06
110019,49504.06
110018,65603.27
110017,45259.74
110016,30530.16
110015,28995.57
110014,34167.41
110013,34976.18
110012,37793.57
110011,58667.52
110010,40824.06
110009,26501.21
110008,26209.13
110007,27887.2
110006,37842.97
110005,43107.85
110004,68115.49
110003,45183.16
110002,22391.87
110001,21977.69
110000,24686.97
109999,24376.89
109998,50109.91
109997,60202.91
109996,51373.88
109995,31820.84
109994,40023.67
109993,39563.85
109992,33598.77
109991,41927.61
109990,65238.13
109989,67052.77
109988,25297.59
109987,31846.24
109986,30951.96
109985,46170.16
109984,46591.12
109983,67168.4
109982,47910.1
109981,63786.48
109980,35285.1
109979,25559.98
109978,36300.61
109977,40740.87
109976,41146.31
109975,50474.33
109974,29357.33
109973,43463.5
109972,44171.7
109971,46348.65
109970,41282.33
109969,65903.49
109968,50680.41
109967,33251.04
109966,34330.22
109965,35766.54
109964,40891.03
109963,53743.05
109962,57067.14
109961,35046.81
109960,24925.87
109959,30673.42
109958,29017.11
109957,32523.69
109956,43182.17
109955,38998.92
109954,42443.66
109953,21505.73
109952,22472.79
109951,31746.55
109950,33552.84
109949,39946.28
109948,43423.93
109947,34896.22
109946,15042.05
