4590,32695.51
4589,46775.03
4588,40132.64
4587,15365.29
4586,14043.0
4585,16791.19
4584,18320.81
4583,807.92
4582,40761.83
4581,22197.67
4580,9670.65
4579,13599.53
4578,17210.7
4577,26328.82
4576,29400.16
4575,46622.0
4574,27313.75
4573,34577.8
4572,20355.49
4571,19184.65
4570,23839.18
4569,23883.31
4568,47351.28
4567,36202.31
4566,10299.62
4565,12045.48
4564,15738.92
4563,16343.7
4562,29028.35
4561,50475.43
4560,35287.77
4559,19345.8
4558,8489.16
4557,15229.92
4556,23623.55
4555,27515.2
4554,47511.04
4553,29872.79
4552,18233.66
4551,14379.15
4550,13476.28
4549,40863.6
4548,52917.61
4547,77035.3
4546,48651.66
4545,49320.36
4544,28968.14
4543,30602.25
4542,22555.36
4541,41906.93
4540,67404.62
4539,47693.79
4538,18334.39
4537,17281.24
4536,20082.17
4535,18276.24
4534,27094.28
4533,51769.21
4532,33747.54
4531,26800.64
4530,18981.08
4529,20064.8
4528,43377.44
4527,49746.71
4526,86155.66
4525,58288.5
4524,39237.72
4523,51059.65
4522,60684.44
4521,30614.5
4520,39321.24
4519,61714.67
4518,53620.4
4517,20134.33
4516,19460.07
4515,41318.4
4514,31986.36
4513,42577.43
4512,75858.32
4511,57378.78
4510,33611.1
4509,38369.91
4508,36504.49
4507,33515.02
4506,54603.29
4505,72074.6
4504,-16.99
4503,22747.08
4502,19732.86
4501,27347.53
4500,22202.94
4499,29893.73
4498,46657.45
4497,38973.28
4496,688.45
4495,17552.51
4494,29648.78
4493,30856.03
4492,35522.74
4491,64952.87
4490,58998.11
4489,22187.24
4488,19018.25
4487,19450.9
4486,26298.54
4485,33490.89
4484,57966.55
4483,50267.0
4482,31536.88
4481,23121.88
4480,21335.47
4479,40527.72
4478,47613.44
4477,74852.47
4476,57412.05
4475,30018.41
4474,32591.09
4473,30777.78
4472,31448.03
4471,716.91
4470,74218.46
4469,40709.05
4468,27556.74
4467,28675.05
4466,30162.59
4465,39880.14
4464,45495.98
4463,64972.48
4462,50296.44
4461,21729.78
4460,22574.66
4459,21792.2
4458,20822.18
4457,48166.0
4456,69378.88
4455,49375.4
4454,29758.8
4453,34987.05
4452,39248.46
4451,37578.52
4450,47242.67
4449,63993.88
4448,52671.88
4447,26787.38
4446,29147.63
4445,29716.74
4444,334.61
4443,39671.96
4442,58314.87
4441,43755.37
4440,56439.01
4439,23866.27
4438,26825.06
4437,24995.33
4436,29000.29
4435,53914.92
4434,43654.84
4433,21125.67
4432,44492.15
4431,44076.47
4430,44003.79
4429,53830.68
4428,69299.06
4427,63603.62
4426,22920.52
4425,38676.38
4424,43683.97
4423,44286.94
4422,46416.45
4421,62616.68
4420,53958.35
4419,24831.14
4418,25009.62
4417,27691.9
4416,30256.48
4415,40633.07
4414,48165.11
4413,48088.01
4412,24186.37
4411,19815.75
4410,27749.64
4409,32350.45
4408,33649.17
4407,39913.92
4406,35359.65
4405,32191.68
