41243,39002.93
41242,59565.31
41241,40762.21
41240,16002.12
41239,15743.08
41238,20978.17
41237,21280.28
41236,1133.78
41235,34601.53
41234,25585.52
41233,14808.59
41232,12483.89
41231,18132.79
41230,22328.7
41229,36536.1
41228,55232.75
41227,30118.68
41226,40311.95
41225,20972.15
41224,23714.62
41223,25245.12
41222,7735.39
41221,248.55
41220,3004.09
41219,9891.64
41218,13281.37
41217,18966.61
41216,17723.5
41215,23698.57
41214,52853.57
41213,32688.06
41212,18668.42
41211,19323.74
41210,15696.37
41209,21273.55
41208,29136.16
41207,52664.78
41206,27848.39
41205,16328.67
41204,12805.29
41203,19219.89
41202,40768.01
41201,54379.48
41200,78218.44
41199,49079.41
41198,14316.54
41197,16443.16
41196,28795.35
41195,26513.28
41194,39800.81
41193,62640.99
41192,39348.0
41191,20409.16
41190,18072.1
41189,19835.4
41188,20672.33
41187,28174.1
41186,64706.68
41185,33089.36
41184,26305.91
41183,19828.56
41182,19309.05
41181,40654.16
41180,48012.6
41179,94547.8
41178,64633.58
41177,38859.48
41176,50148.3
41175,56808.96
41174,31656.96
41173,49838.98
41172,71691.33
41171,47213.06
41170,18849.89
41169,23178.75
41168,43813.11
41167,38523.61
41166,50242.46
41165,73321.68
41164,51766.55
41163,31002.1
41162,44333.09
41161,47834.56
41160,41425.85
41159,68156.24
41158,83095.89
41157,-2.8
41156,22769.18
41155,24607.98
41154,23557.56
41153,24145.34
41152,33680.41
41151,59227.6
41150,35117.3
41149,787.11
41148,20794.46
41147,35877.8
41146,32565.69
41145,45239.52
41144,70394.47
41143,53960.13
41142,22456.62
41141,21813.34
41140,21885.94
41139,23559.16
41138,31923.94
41137,47900.01
41136,34477.56
41135,24156.1
41134,24344.78
41133,25403.04
41132,41230.45
41131,56328.87
41130,84500.07
41129,52741.37
41128,38632.98
41127,34763.93
41126,40251.82
41125,42099.28
41124,355.95
41123,50718.06
41122,37768.19
41121,23108.92
41120,25044.09
41119,35615.91
41118,42935.72
41117,53920.91
41116,91878.55
41115,55405.25
41114,18223.89
41113,27233.98
41112,23572.16
41111,22689.27
41110,51448.73
41109,70736.06
41108,48916.4
41107,29322.26
41106,32136.75
41105,34411.53
41104,30493.67
41103,45525.22
41102,73143.44
41101,51477.22
41100,24192.31
41099,26284.69
41098,27950.67
41097,336.95
41096,48894.03
41095,69028.81
41094,51890.9
41093,65207.66
41092,27696.68
41091,30462.3
41090,33384.3
41089,41831.96
41088,53746.22
41087,38379.48
41086,23909.64
41085,48288.43
41084,40923.27
41083,43734.09
41082,55663.91
41081,72823.49
41080,53675.75
41079,31835.87
41078,34019.0
41077,36487.47
41076,39234.43
41075,59740.42
41074,57365.76
41073,38894.49
41072,22628.76
41071,20167.32
41070,26971.6
41069,27390.01
41068,45056.01
41067,46273.56
41066,40096.47
41065,25705.76
41064,20155.94
41063,28082.52
41062,29789.41
41061,34656.85
41060,44201.11
41059,29917.43
41058,32862.08
