171647,20389.71
171646,33067.81
171645,25712.27
171644,13580.66
171643,11222.67
171642,11595.98
171641,13298.64
171640,847.4
171639,23926.8
171638,24477.24
171637,10802.52
171636,11774.04
171635,10231.54
171634,13756.8
171633,12627.87
171632,30073.72
171631,20250.73
171630,19954.01
171629,13706.62
171628,9193.61
171627,9956.98
171626,7684.25
171625,19418.57
171624,24476.29
171623,10222.14
171622,7456.64
171621,11676.76
171620,8517.8
171619,18569.15
171618,29642.06
171617,20235.8
171616,11003.18
171615,11631.39
171614,14966.33
171613,17210.84
171612,20101.84
171611,28797.21
171610,21183.45
171609,10122.45
171608,11706.2
171607,13110.16
171606,27462.68
171605,31286.77
171604,54298.09
171603,31152.91
171602,16702.69
171601,14871.8
171600,15962.67
171599,11971.12
171598,25267.28
171597,37003.89
171596,26095.01
171595,10405.03
171594,12341.61
171593,11473.88
171592,11550.21
171591,19270.79
171590,38940.4
171589,25844.77
171588,19346.54
171587,12452.79
171586,11196.54
171585,19442.92
171584,30555.06
171583,47166.99
171582,35968.44
171581,22435.58
171580,25685.32
171579,35883.34
171578,18105.12
171577,31132.35
171576,51331.03
171575,42493.53
171574,12824.0
171573,20091.82
171572,31818.97
171571,26102.21
171570,35223.82
171569,54258.27
171568,37425.08
171567,20866.22
171566,23757.57
171565,33039.73
171564,22217.36
171563,48015.92
171562,62397.88
171561,17997.47
171560,16538.2
171559,21402.9
171558,18475.97
171557,25149.53
171556,35312.7
171555,23881.08
171554,505.12
171553,13608.86
171552,21192.02
171551,19549.08
171550,26649.11
171549,38550.78
171548,26852.75
171547,9132.13
171546,919.0
171545,235.44
171544,203.03
171543,19561.45
171542,28155.5
171541,23531.16
171540,733.83
171539,13889.07
171538,10986.46
171537,24875.34
171536,26398.43
171535,42509.11
171534,28083.43
171533,18321.51
171532,19247.21
171531,22566.9
171530,21510.24
171529,29819.11
171528,46495.11
171527,36413.6
171526,17523.14
171525,19184.12
171524,20625.35
171523,26951.32
171522,37131.8
171521,56782.08
171520,35472.61
171519,14323.52
171518,15715.12
171517,19145.04
171516,14735.92
171515,31683.63
171514,42595.58
171513,36606.16
171512,19215.24
171511,19253.7
171510,25541.59
171509,22230.43
171508,30383.82
171507,42387.1
171506,39972.36
171505,17627.93
171504,12750.06
171503,17888.17
171502,24018.29
171501,30121.9
171500,35524.37
171499,26311.19
171498,31616.01
171497,17422.21
171496,16976.22
171495,19249.21
171494,24665.47
171493,33413.03
171492,21024.52
171491,12482.37
171490,21699.29
171489,24105.82
171488,21211.07
171487,30400.44
171486,39764.41
171485,34034.61
171484,19685.88
171483,19912.12
171482,20497.66
171481,24997.7
171480,32232.61
171479,40219.96
171478,27368.3
171477,13341.7
171476,14535.47
171475,15352.04
171474,18368.73
171473,26454.35
171472,26436.69
171471,27561.96
171470,12856.07
171469,12258.52
171468,14913.72
171467,17277.53
171466,20315.68
171465,28488.48
171464,22833.31
171463,17272.9
