28965,36911.29
28964,65352.77
28963,40844.32
28962,21441.12
28961,22206.79
28960,21670.56
28959,22426.78
28958,926.65
28957,42009.22
28956,22108.56
28955,13499.54
28954,18093.83
28953,15113.27
28952,22027.39
28951,31580.0
28950,56477.59
28949,32346.49
28948,39043.1
28947,26418.32
28946,27240.52
28945,27821.22
28944,33566.59
28943,63497.5
28942,39658.99
28941,11206.79
28940,17516.87
28939,14541.42
28938,17226.2
28937,27303.06
28936,55570.25
28935,42690.09
28934,23900.91
28933,22684.65
28932,20792.22
28931,25612.25
28930,41523.18
28929,63986.93
28928,30594.94
28927,17272.42
28926,21089.22
28925,30098.05
28924,60640.7
28923,63574.67
28922,102347.57
28921,59817.55
28920,57739.32
28919,40365.02
28918,42229.7
28917,28036.74
28916,45816.82
28915,88555.65
28914,41133.17
28913,24321.18
28912,22246.38
28911,21682.97
28910,26808.67
28909,46259.78
28908,72353.31
28907,35626.25
28906,36156.56
28905,24106.03
28904,24398.24
28903,69990.89
28902,56380.35
28901,110617.91
28900,86483.58
28899,56936.41
28898,54837.34
28897,69213.96
28896,42894.51
28895,54844.76
28894,86382.07
28893,73054.59
28892,26050.34
28891,20053.12
28890,25485.11
28889,42672.09
28888,57251.49
28887,109303.69
28886,72871.11
28885,46466.51
28884,45818.87
28883,60114.41
28882,55110.87
28881,76004.6
28880,76997.59
28879,-16.32
28878,33730.72
28877,27542.63
28876,27739.24
28875,32596.96
28874,36525.74
28873,61084.09
28872,43609.85
28871,23264.09
28870,17310.35
28869,33183.17
28868,38709.09
28867,50077.65
28866,90288.95
28865,55608.05
28864,1484.24
28863,25622.54
28862,25587.91
28861,34350.93
28860,49968.87
28859,68540.7
28858,55725.81
28857,24119.06
28856,25576.98
28855,34223.19
28854,65892.49
28853,75042.35
28852,115014.16
28851,68146.48
28850,40358.4
28849,44699.03
28848,42145.17
28847,50306.75
28846,1349.28
28845,101180.16
28844,58227.03
28843,29559.18
28842,35643.82
28841,40934.89
28840,49917.23
28839,73311.77
28838,104499.62
28837,62987.47
28836,30761.3
28835,27915.89
28834,30067.44
28833,35331.78
28832,73828.14
28831,104708.58
28830,62069.61
28829,44482.6
28828,45297.96
28827,47559.36
28826,50005.29
28825,64185.36
28824,78984.16
28823,79095.2
28822,44026.91
28821,37038.99
28820,32273.0
28819,575.55
28818,53969.73
28817,72937.91
28816,49223.44
28815,38678.87
28814,27771.41
28813,32311.74
28812,36686.75
28811,43825.45
28810,63449.74
28809,45376.74
28808,33852.04
28807,58326.78
28806,54712.23
28805,47429.7
28804,65822.92
28803,74116.44
28802,60269.34
28801,50986.0
28800,53758.59
28799,55027.66
28798,57638.39
28797,63884.94
28796,57989.92
28795,49062.06
28794,38799.48
28793,36395.6
28792,40998.04
28791,40432.1
28790,55200.3
28789,49178.92
28788,60391.85
28787,37065.91
28786,29841.13
28785,34188.93
28784,46333.31
28783,48487.19
28782,45738.81
28781,33031.25
28780,19278.13
