83504,50651.48
83503,58083.23
83502,48295.72
83501,15604.86
83500,14988.33
83499,17548.98
83498,18037.15
83497,972.02
83496,42440.2
83495,15162.62
83494,9098.32
83493,11670.44
83492,12327.48
83491,30553.81
83490,28811.49
83489,47219.78
83488,34106.64
83487,26763.13
83486,20980.92
83485,9314.67
83484,20584.16
83483,5981.99
83482,32997.67
83481,37774.39
83480,11242.49
83479,19783.97
83478,14209.51
83477,15552.34
83476,28760.27
83475,52361.79
83474,34603.17
83473,19558.01
83472,18959.22
83471,18956.36
83470,24689.61
83469,30604.13
83468,49092.15
83467,31971.74
83466,16800.95
83465,15019.87
83464,25058.46
83463,52103.37
83462,56436.26
83461,110921.38
83460,38455.03
83459,26087.01
83458,25429.7
83457,31723.54
83456,25162.92
83455,44800.69
83454,66647.02
83453,49756.49
83452,19418.06
83451,22204.7
83450,18228.55
83449,17800.09
83448,29802.32
83447,61780.88
83446,38741.42
83445,30972.36
83444,15256.23
83443,19348.35
83442,47266.16
83441,55953.65
83440,99822.56
83439,71002.55
83438,40313.31
83437,46807.33
83436,54088.53
83435,25223.41
83434,42875.55
83433,72421.0
83432,54270.53
83431,21780.96
83430,18558.74
83429,49982.17
83428,39473.74
83427,54320.22
83426,79099.88
83425,66684.32
83424,36884.87
83423,42415.75
83422,47536.67
83421,37461.36
83420,71422.39
83419,105537.59
83418,-36.4
83417,28708.32
83416,22897.46
83415,27238.82
83414,29228.37
83413,41557.99
83412,56421.09
83411,40339.57
83410,1142.5
83409,22823.46
83408,47434.11
83407,40558.53
83406,51600.95
83405,73190.7
83404,50850.45
83403,13955.96
83402,234.74
83401,108.33
83400,77.8
83399,36187.09
83398,55345.52
83397,44718.5
83396,1354.04
83395,19914.17
83394,20694.17
83393,48764.22
83392,65547.74
83391,75001.84
83390,55227.84
83389,35954.88
83388,38724.05
83387,32767.27
83386,43679.56
83385,56817.45
83384,101778.37
83383,53802.37
83382,29737.38
83381,36462.39
83380,42324.11
83379,63952.31
83378,66093.29
83377,68443.01
83376,58999.98
83375,21738.55
83374,18689.23
83373,22628.83
83372,24357.48
83371,66749.73
83370,70600.07
83369,54955.69
83368,32751.18
83367,36906.57
83366,33164.96
83365,32967.0
83364,51414.83
83363,86319.29
83362,58014.54
83361,22012.54
83360,29297.41
83359,25321.96
83358,38187.34
83357,48880.0
83356,63853.09
83355,47518.79
83354,56035.45
83353,23044.4
83352,24521.57
83351,30431.92
83350,43501.57
83349,61464.28
83348,45769.78
83347,24717.67
83346,55892.08
83345,44318.91
83344,43557.86
83343,54578.1
83342,75543.3
83341,54094.37
83340,37182.58
83339,36326.49
83338,42231.53
83337,47872.85
83336,60182.28
83335,77716.72
83334,56309.0
83333,23748.7
83332,23508.4
83331,24782.32
83330,30607.97
83329,49687.84
83328,48057.57
83327,53685.33
83326,23358.23
83325,18117.99
83324,25835.69
83323,28557.54
83322,37185.73
83321,38630.25
83320,34861.65
83319,30879.13
