184100,16408.56
184099,27051.13
184098,19505.68
184097,9488.7
184096,6799.62
184095,8530.54
184094,8081.45
184093,717.27
184092,15991.75
184091,12131.96
184090,6810.75
184089,6715.54
184088,5745.39
184087,12564.69
184086,12781.8
184085,19420.59
184084,11600.71
184083,14441.6
184082,8993.54
184081,10772.5
184080,8425.98
184079,9425.6
184078,16518.96
184077,10719.85
184076,7139.36
184075,5698.82
184074,6126.07
184073,7946.95
184072,13563.56
184071,19240.34
184070,12975.01
184069,11560.29
184068,11032.93
184067,8602.77
184066,15284.39
184065,18025.27
184064,24373.0
184063,11410.08
184062,11102.89
184061,8740.37
184060,12181.76
184059,19889.49
184058,24884.12
184057,45224.53
184056,21375.38
184055,15574.52
184054,10849.42
184053,13623.34
184052,12047.6
184051,19772.95
184050,27474.09
184049,15804.9
184048,5789.57
184047,9775.83
184046,10614.81
184045,10579.38
184044,17626.71
184043,26342.22
184042,12792.05
184041,13804.51
184040,8504.08
184039,12861.52
184038,17624.08
184037,23290.69
184036,31886.6
184035,22470.91
184034,11924.88
184033,15851.78
184032,20009.36
184031,17317.3
184030,21004.98
184029,32386.31
184028,23946.44
184027,10905.29
184026,14208.52
184025,21309.79
184024,17463.38
184023,23106.15
184022,37035.89
184021,20396.88
184020,11365.79
184019,13356.54
184018,15644.4
184017,17376.54
184016,28429.3
184015,44044.85
184014,8251.27
184013,13365.82
184012,13085.55
184011,14121.05
184010,13309.29
184009,25504.57
184008,13968.84
184007,7565.52
184006,8522.3
184005,17444.23
184004,19714.23
184003,25863.9
184002,31677.03
184001,21733.75
184000,456.13
183999,8883.17
183998,8277.97
183997,8610.18
183996,14374.64
183995,22635.21
183994,12742.35
183993,7629.59
183992,9238.95
183991,8551.43
183990,17062.28
183989,21595.65
183988,26339.83
183987,13439.34
183986,12301.66
183985,12760.89
183984,12769.78
183983,15765.89
183982,1367.02
183981,31053.68
183980,17999.42
183979,10177.87
183978,13895.46
183977,13228.21
183976,18950.23
183975,25779.77
183974,41886.13
183973,20489.35
183972,11601.14
183971,10971.85
183970,9248.95
183969,12329.46
183968,23157.96
183967,25781.6
183966,16017.64
183965,12637.06
183964,11396.74
183963,15332.6
183962,12445.59
183961,21123.78
183960,27762.59
183959,19207.84
183958,9920.4
183957,9835.94
183956,12112.94
183955,410.06
183954,20889.49
183953,21054.64
183952,16609.71
183951,16677.48
183950,8404.41
183949,8250.43
183948,11695.24
183947,19654.99
183946,22452.38
183945,12251.98
183944,7147.18
183943,14617.65
183942,16562.79
183941,15041.4
183940,20553.58
183939,30112.04
183938,14749.48
183937,12140.14
183936,15174.66
183935,12641.57
183934,16610.06
183933,24893.39
183932,30197.68
183931,20436.18
183930,9443.71
183929,10063.27
183928,10540.36
183927,11762.6
183926,17046.33
183925,17412.92
183924,16369.8
183923,8929.09
183922,8218.39
183921,11437.01
183920,12828.97
183919,16116.73
183918,19610.46
183917,14291.1
183916,10631.38
