67207,41558.52
67206,55835.7
67205,37639.12
67204,6522.09
67203,12880.05
67202,14826.86
67201,15132.9
67200,344.07
67199,29238.36
67198,23530.88
67197,10685.22
67196,11347.0
67195,15325.85
67194,26286.02
67193,31238.47
67192,45872.54
67191,29585.64
67190,30542.28
67189,18299.25
67188,17548.33
67187,19115.75
67186,23572.88
67185,55491.91
67184,26657.46
67183,11738.13
67182,11975.12
67181,14038.99
67180,12915.07
67179,30645.25
67178,49151.45
67177,25305.58
67176,18103.81
67175,18118.84
67174,18929.06
67173,24895.61
67172,30980.39
67171,45111.73
67170,26058.49
67169,16379.75
67168,16369.12
67167,22226.14
67166,48458.26
67165,53050.0
67164,87541.49
67163,51366.13
67162,40416.31
67161,25198.6
67160,29423.43
67159,19565.27
67158,39325.53
67157,65691.8
67156,42543.06
67155,16581.81
67154,13748.73
67153,21409.32
67152,23048.07
67151,30653.66
67150,61615.75
67149,31379.76
67148,29124.81
67147,19750.95
67146,22120.75
67145,47910.18
67144,53977.3
67143,89848.67
67142,61612.33
67141,33504.34
67140,33898.19
67139,54128.65
67138,32859.42
67137,44041.7
67136,67064.34
67135,37831.01
67134,26107.98
67133,31431.91
67132,46012.78
67131,45533.12
67130,55192.53
67129,70156.17
67128,40261.7
67127,33587.31
67126,32678.54
67125,47980.96
67124,35196.73
67123,63723.61
67122,75112.5
67121,17228.62
67120,23705.45
67119,18737.19
67118,29719.89
67117,32853.91
67116,48947.37
67115,36609.73
67114,19674.8
67113,23337.86
67112,36807.06
67111,38076.74
67110,44711.79
67109,71758.36
67108,54144.5
67107,911.74
67106,19638.25
67105,18590.56
67104,21826.66
67103,34526.99
67102,45793.27
67101,35751.98
67100,18063.04
67099,17290.98
67098,25195.89
67097,42170.06
67096,48116.91
67095,62550.74
67094,42791.24
67093,28496.68
67092,24130.28
67091,32512.01
67090,36350.49
67089,1389.73
67088,76796.91
67087,42763.56
67086,21843.44
67085,29243.56
67084,27822.25
67083,39858.19
67082,53532.07
67081,75750.09
67080,44646.13
67079,16913.52
67078,25397.69
67077,25625.42
67076,26332.84
67075,57522.14
67074,75343.23
67073,50045.13
67072,28450.38
67071,30710.94
67070,35982.17
67069,31845.83
67068,46428.46
67067,59478.7
67066,49573.51
67065,20388.52
67064,23035.69
67063,25445.26
67062,127.3
67061,45434.96
67060,58161.01
67059,40434.02
67058,55767.86
67057,19826.49
67056,19855.9
67055,26182.46
67054,37415.38
67053,49620.52
67052,37708.15
67051,20912.46
67050,39783.66
67049,39447.59
67048,40114.9
67047,50865.76
67046,64944.57
67045,51451.84
67044,27295.21
67043,36190.96
67042,37770.77
67041,42859.33
67040,52624.65
67039,69909.95
67038,48257.68
67037,20806.1
67036,21468.96
67035,24391.76
67034,30017.98
67033,38950.84
67032,40570.73
67031,42432.79
67030,19726.34
67029,15362.19
67028,25059.61
67027,26984.47
67026,29884.8
67025,41043.51
67024,30574.36
67023,27845.11
