191747,17349.4
191746,31270.52
191745,7884.52
191744,8828.78
191743,8956.97
191742,8190.29
191741,7952.09
191740,463.75
191739,16196.79
191738,5227.11
191737,6206.05
191736,5111.4
191735,7528.42
191734,10806.41
191733,15259.03
191732,20820.51
191731,8757.81
191730,17901.13
191729,9525.34
191728,11046.67
191727,9464.71
191726,14022.07
191725,28445.24
191724,5415.57
191723,8620.95
191722,5485.64
191721,7094.2
191720,7166.11
191719,12214.38
191718,20130.08
191717,7275.95
191716,6409.28
191715,8860.12
191714,11954.18
191713,10182.54
191712,14322.17
191711,26167.06
191710,4008.48
191709,11258.79
191708,10232.7
191707,12946.98
191706,19819.42
191705,32394.25
191704,45130.75
191703,11201.65
191702,30364.21
191701,13112.25
191700,15448.32
191699,10717.55
191698,22539.33
191697,36026.67
191696,10745.52
191695,8824.68
191694,12419.99
191693,9660.54
191692,9629.56
191691,15084.91
191690,26300.32
191689,5949.99
191688,15177.52
191687,12631.42
191686,9636.94
191685,21483.38
191684,30535.79
191683,43748.97
191682,12187.33
191681,20089.81
191680,23853.01
191679,31950.52
191678,18907.11
191677,20810.82
191676,30659.73
191675,10435.81
191674,10169.16
191673,11051.67
191672,22166.29
191671,19016.92
191670,29519.04
191669,37478.99
191668,10639.46
191667,22325.45
191666,19562.7
191665,26153.93
191664,22465.26
191663,27733.46
191662,42461.41
191661,13509.37
191660,13926.12
191659,12477.03
191658,13240.15
191657,19310.24
191656,26906.71
191655,4867.02
191654,10892.97
191653,10458.57
191652,24175.61
191651,22653.1
191650,26485.57
191649,33514.29
191648,11019.36
191647,1095.4
191646,11543.78
191645,12375.9
191644,10710.29
191643,16964.17
191642,26677.94
191641,7583.06
191640,12481.18
191639,10999.79
191638,17056.23
191637,24599.85
191636,24492.59
191635,37237.54
191634,9980.07
191633,16258.33
191632,16767.08
191631,21944.64
191630,18664.71
191629,307.68
191628,36466.71
191627,12849.25
191626,13611.88
191625,18157.34
191624,17220.33
191623,21416.81
191622,26367.27
191621,44353.67
191620,11626.96
191619,11707.36
191618,12515.24
191617,10546.92
191616,13784.44
191615,27166.29
191614,31190.27
191613,10082.88
191612,15760.75
191611,17525.34
191610,15557.89
191609,15614.34
191608,22206.74
191607,38572.06
191606,13964.36
191605,16497.15
191604,15254.33
191603,14020.25
191602,318.38
191601,20541.41
191600,25548.55
191599,8466.97
191598,30919.72
191597,11617.75
191596,13861.23
191595,15768.59
191594,21196.21
191593,22450.4
191592,7846.66
191591,16217.84
191590,22998.17
191589,21599.76
191588,22796.13
191587,28163.8
191586,29362.15
191585,10259.59
191584,23913.59
191583,20795.49
191582,18289.73
191581,25288.22
191580,31584.59
191579,36319.64
191578,10631.5
191577,15096.56
191576,14355.64
191575,11852.93
191574,17751.97
191573,21551.43
191572,23215.57
191571,9375.22
191570,12870.03
191569,9107.84
191568,14475.03
191567,14819.03
191566,18934.86
191565,24889.69
191564,5909.76
191563,14720.28
