138499,23098.7
138498,38754.62
138497,36640.41
138496,9021.02
138495,7686.37
138494,11413.45
138493,13069.64
138492,1103.03
138491,23866.57
138490,17365.0
138489,9807.75
138488,7905.07
138487,7413.82
138486,17019.11
138485,22399.98
138484,29844.0
138483,27719.36
138482,23621.97
138481,11527.45
138480,14716.67
138479,14836.16
138478,17238.83
138477,6985.9
138476,22069.62
138475,11780.34
138474,9177.15
138473,9478.57
138472,11361.42
138471,20008.91
138470,34944.45
138469,25566.9
138468,6683.34
138467,9572.57
138466,10347.62
138465,14394.88
138464,8141.51
138463,31854.42
138462,23204.46
138461,3251.6
138460,10623.84
138459,12861.19
138458,27144.59
138457,34861.82
138456,58549.49
138455,27297.36
138454,24829.35
138453,15050.1
138452,19868.98
138451,15409.75
138450,19168.14
138449,38213.28
138448,34758.03
138447,16809.43
138446,7684.07
138445,9775.17
138444,12102.87
138443,20374.18
138442,36246.0
138441,24514.38
138440,19437.9
138439,14023.96
138438,11050.91
138437,32498.94
138436,31701.3
138435,61741.81
138434,50139.51
138433,27692.6
138432,30636.03
138431,39584.99
138430,21094.41
138429,30052.32
138428,43480.06
138427,40979.27
138426,12244.25
138425,15820.69
138424,29215.68
138423,22598.27
138422,30711.65
138421,59426.42
138420,44120.76
138419,22517.22
138418,27265.34
138417,28798.0
138416,24998.59
138415,59039.93
138414,57551.1
138413,-32.99
138412,13638.31
138411,11925.64
138410,18551.08
138409,19672.88
138408,18402.61
138407,39151.44
138406,27366.72
138405,12999.82
138404,19440.43
138403,21723.35
138402,30617.14
138401,54518.66
138400,48500.3
138399,13622.4
138398,15677.02
138397,14444.73
138396,19461.01
138395,25236.38
138394,30471.88
138393,28271.91
138392,13306.45
138391,15095.96
138390,13666.95
138389,35839.64
138388,36550.78
138387,54388.86
138386,42343.21
138385,18789.41
138384,21117.97
138383,19983.53
138382,22585.65
138381,41.97
138380,51848.83
138379,35383.36
138378,13397.06
138377,15785.01
138376,22105.77
138375,28783.24
138374,37624.78
138373,61795.9
138372,35059.43
138371,10185.3
138370,16602.58
138369,13814.48
138368,14934.22
138367,36570.32
138366,52949.72
138365,49591.53
138364,21709.13
138363,25992.64
138362,25846.09
138361,24342.96
138360,30773.19
138359,49683.3
138358,48628.78
138357,16916.39
138356,16835.57
138355,16966.78
138354,35970.91
138353,49685.25
138352,43433.49
138351,50367.42
138350,15217.58
138349,19599.2
138348,19902.56
138347,28607.43
138346,33954.86
138345,40491.72
138344,18168.62
138343,21457.77
138342,25809.07
138341,30115.26
138340,33051.23
138339,54680.75
138338,47956.64
138337,23653.26
138336,24279.12
138335,28406.76
138334,34129.14
138333,45780.81
138332,44765.15
138331,36807.44
138330,11040.51
138329,17523.71
138328,19891.76
138327,22797.65
138326,31372.64
138325,30180.8
138324,37784.34
138323,15725.43
138322,13245.71
138321,16418.04
138320,23345.28
138319,26742.47
138318,33594.7
138317,25017.76
138316,15989.46
