127763,21566.43
127762,36383.8
127761,35189.49
127760,9591.19
127759,11382.3
127758,9762.86
127757,12237.39
127756,417.92
127755,30809.04
127754,21544.58
127753,11194.66
127752,7582.0
127751,11279.03
127750,19398.79
127749,23827.47
127748,35826.94
127747,31340.02
127746,27187.81
127745,12143.14
127744,16055.34
127743,18292.79
127742,16392.41
127741,29737.69
127740,31052.29
127739,13418.9
127738,10952.2
127737,11318.57
127736,12127.49
127735,20607.36
127734,33683.53
127733,27053.92
127732,16130.52
127731,13340.01
127730,19033.39
127729,16905.03
127728,21175.13
127727,37165.21
127726,23072.66
127725,15342.3
127724,13551.0
127723,16107.43
127722,30233.06
127721,38166.15
127720,53727.37
127719,35372.58
127718,34566.42
127717,19154.35
127716,19927.9
127715,13737.82
127714,24565.67
127713,42968.05
127712,36074.86
127711,13918.11
127710,13211.67
127709,15945.0
127708,15212.35
127707,23467.98
127706,39750.37
127705,25959.57
127704,20574.1
127703,14537.0
127702,17898.27
127701,35177.18
127700,37771.6
127699,56601.21
127698,59877.69
127697,25562.31
127696,31022.55
127695,44989.34
127694,24303.13
127693,25436.79
127692,41791.56
127691,41590.66
127690,14513.22
127689,15295.0
127688,26847.44
127687,23446.57
127686,31802.19
127685,54370.45
127684,49957.58
127683,25383.42
127682,26641.51
127681,35144.58
127680,28634.03
127679,39719.94
127678,66823.35
127677,-61.07
127676,28713.18
127675,20204.14
127674,18945.08
127673,22425.73
127672,23947.49
127671,39200.19
127670,28197.76
127669,15171.55
127668,17945.5
127667,30167.76
127666,25264.64
127665,30239.16
127664,47094.96
127663,40539.08
127662,9.75
127661,12102.6
127660,14483.11
127659,16915.27
127658,22391.92
127657,32452.28
127656,35130.26
127655,18624.78
127654,21601.79
127653,19999.82
127652,28640.58
127651,34713.67
127650,59217.08
127649,40540.9
127648,22583.45
127647,21830.02
127646,23155.48
127645,24292.89
127644,66.89
127643,52525.89
127642,35302.54
127641,21874.75
127640,21585.75
127639,23700.8
127638,28255.57
127637,36399.87
127636,52115.43
127635,40220.75
127634,10924.88
127633,16851.63
127632,17893.67
127631,16382.05
127630,36203.58
127629,50769.83
127628,47672.27
127627,22585.07
127626,29224.61
127625,32726.94
127624,21995.49
127623,24337.05
127622,49671.63
127621,48700.66
127620,14153.31
127619,13025.5
127618,17978.62
127617,32.72
127616,33132.06
127615,50615.21
127614,44456.5
127613,57042.92
127612,18193.85
127611,23114.84
127610,28582.45
127609,33805.68
127608,50729.39
127607,48228.79
127606,17968.62
127605,38442.53
127604,28905.82
127603,31862.82
127602,36461.85
127601,51261.64
127600,57982.06
127599,27574.23
127598,28748.08
127597,27520.25
127596,31732.84
127595,40658.87
127594,51150.31
127593,39361.14
127592,18504.71
127591,21600.84
127590,21448.58
127589,21805.11
127588,26836.55
127587,33441.0
127586,44275.91
127585,19073.3
127584,19112.54
127583,21187.81
127582,23060.06
127581,23507.57
127580,36160.67
127579,32522.82
127578,23605.11
