185057,14565.62
185056,19684.17
185055,23872.41
185054,5786.61
185053,6793.27
185052,10260.35
185051,9039.29
185050,392.17
185049,14862.98
185048,13995.14
185047,5251.44
185046,4228.46
185045,5527.77
185044,11065.89
185043,12800.11
185042,22456.97
185041,11863.38
185040,13524.06
185039,7148.03
185038,7760.89
185037,7296.54
185036,11218.73
185035,18249.13
185034,14074.95
185033,6559.16
185032,7412.2
185031,5725.47
185030,6924.66
185029,13399.97
185028,22396.67
185027,13659.85
185026,8553.94
185025,8228.04
185024,7572.52
185023,12143.61
185022,16341.68
185021,25826.27
185020,14305.01
185019,7309.22
185018,10959.56
185017,12847.38
185016,23281.7
185015,26342.99
185014,42601.29
185013,27400.16
185012,18192.82
185011,10873.09
185010,16477.86
185009,10734.42
185008,22587.21
185007,35813.1
185006,25211.46
185005,9521.65
185004,9766.72
185003,12831.27
185002,8839.53
185001,19231.67
185000,28054.94
184999,17032.26
184998,14452.13
184997,11278.18
184996,12098.33
184995,22140.14
184994,22955.37
184993,39032.65
184992,27874.38
184991,13221.89
184990,17355.04
184989,25054.86
184988,18013.66
184987,19895.16
184986,31193.09
184985,27875.04
184984,9285.79
184983,12518.25
184982,16834.87
184981,19129.3
184980,22346.89
184979,37215.54
184978,28622.34
184977,15236.61
184976,14595.84
184975,19145.87
184974,18484.61
184973,29641.98
184972,49830.0
184971,10913.95
184970,11354.3
184969,11472.6
184968,13611.01
184967,18998.22
184966,31056.43
184965,23966.51
184964,378.7
184963,7006.22
184962,21603.69
184961,19414.69
184960,27580.88
184959,37522.19
184958,32714.68
184957,9891.82
184956,1264.17
184955,577.82
184954,223.31
184953,16305.7
184952,28821.33
184951,19988.77
184950,361.99
184949,10019.46
184948,10569.28
184947,20652.24
184946,24710.37
184945,32774.67
184944,21549.14
184943,12648.58
184942,11872.25
184941,14011.71
184940,15690.32
184939,19636.83
184938,37567.43
184937,24969.23
184936,11084.29
184935,12971.85
184934,15594.7
184933,22564.5
184932,32746.22
184931,61787.76
184930,38879.04
184929,13579.03
184928,14729.62
184927,13297.91
184926,12494.28
184925,27794.44
184924,38989.21
184923,32203.47
184922,18541.53
184921,19854.31
184920,17649.9
184919,16996.17
184918,23991.35
184917,35591.17
184916,29471.52
184915,11525.82
184914,15429.08
184913,9944.6
184912,22090.24
184911,26314.44
184910,31193.2
184909,20498.4
184908,26963.7
184907,8414.47
184906,9486.89
184905,14373.04
184904,19486.96
184903,25225.8
184902,20271.94
184901,9567.72
184900,16692.5
184899,16848.29
184898,16691.69
184897,20410.61
184896,33468.39
184895,23691.2
184894,12782.62
184893,15894.4
184892,16716.36
184891,18808.09
184890,29452.43
184889,45537.62
184888,30859.93
184887,10175.12
184886,10967.81
184885,10984.93
184884,16591.28
184883,20796.83
184882,28264.13
184881,30496.08
184880,6903.78
184879,6740.06
184878,10668.67
184877,14038.39
184876,15882.16
184875,24764.11
184874,22115.77
184873,18133.06
