208727,13940.31
208726,25953.39
208725,13577.67
208724,9240.12
208723,10819.8
208722,8857.26
208721,8666.08
208720,243.21
208719,15059.18
208718,8715.35
208717,5668.54
208716,5166.75
208715,5012.03
208714,13753.26
208713,15900.49
208712,19700.12
208711,13830.73
208710,11330.06
208709,11335.6
208708,11348.97
208707,14145.18
208706,13590.03
208705,26539.88
208704,16362.56
208703,10128.98
208702,7756.42
208701,8543.75
208700,7685.44
208699,15335.29
208698,21593.32
208697,13524.95
208696,10320.87
208695,4070.83
208694,8153.29
208693,9618.23
208692,17825.11
208691,24699.16
208690,12762.1
208689,6696.41
208688,10613.52
208687,15223.79
208686,23141.1
208685,27385.68
208684,45240.01
208683,21251.41
208682,13971.65
208681,14992.79
208680,16847.24
208679,12153.86
208678,21492.11
208677,32670.74
208676,21760.83
208675,12583.79
208674,9210.37
208673,13984.66
208672,11271.48
208671,17440.46
208670,29950.38
208669,13850.62
208668,12171.26
208667,9391.16
208666,11708.9
208665,24034.7
208664,22610.08
208663,40647.02
208662,29242.0
208661,17587.08
208660,17617.55
208659,22311.18
208658,13911.41
208657,16828.76
208656,33599.52
208655,21259.46
208654,9677.78
208653,10892.12
208652,15068.57
208651,16156.09
208650,19280.08
208649,39386.13
208648,21689.7
208647,18888.34
208646,19118.67
208645,19959.43
208644,20129.11
208643,31788.06
208642,33438.6
208641,13317.83
208640,9534.95
208639,10931.37
208638,11937.78
208637,19216.26
208636,23933.9
208635,18430.37
208634,13398.66
208633,7679.39
208632,14340.76
208631,15780.43
208630,18629.54
208629,36214.52
208628,26066.76
208627,975.61
208626,8926.39
208625,12200.48
208624,14299.15
208623,15574.65
208622,29783.79
208621,22102.44
208620,14063.44
208619,11097.74
208618,16860.43
208617,26642.09
208616,30267.55
208615,33171.32
208614,26358.71
208613,15685.12
208612,15562.55
208611,17916.57
208610,19428.66
208609,347.38
208608,34680.73
208607,18949.03
208606,11342.5
208605,12017.58
208604,14342.35
208603,20155.57
208602,29450.85
208601,40258.12
208600,19843.48
208599,12240.45
208598,12426.33
208597,13130.79
208596,11835.21
208595,29554.35
208594,36366.99
208593,21525.89
208592,15620.15
208591,19141.06
208590,16992.42
208589,17177.33
208588,21327.99
208587,29259.77
208586,25599.15
208585,15479.59
208584,18870.88
208583,16200.88
208582,172.22
208581,25314.84
208580,38675.46
208579,25861.93
208578,17858.47
208577,13792.88
208576,16286.93
208575,16919.76
208574,20506.54
208573,29720.08
208572,18020.42
208571,17857.79
208570,26467.46
208569,28044.54
208568,23411.47
208567,30326.33
208566,26438.82
208565,21193.57
208564,19432.88
208563,18657.18
208562,20441.72
208561,24287.98
208560,25210.69
208559,25350.42
208558,20737.78
208557,15340.05
208556,19399.99
208555,16046.61
208554,16813.76
208553,24205.81
208552,20990.56
208551,22553.86
208550,14676.56
208549,11613.72
208548,14817.26
208547,17976.33
208546,20219.06
208545,19640.65
208544,16940.94
208543,10262.56
