109361,30867.7
109360,48806.81
109359,45134.8
109358,15921.39
109357,16664.53
109356,17535.94
109355,19599.77
109354,761.06
109353,35111.43
109352,31616.86
109351,15450.15
109350,16396.58
109349,10268.37
109348,28430.65
109347,26726.16
109346,34560.32
109345,29118.73
109344,35469.6
109343,20127.72
109342,20720.12
109341,23824.9
109340,23986.36
109339,42776.0
109338,31952.53
109337,15276.96
109336,18202.04
109335,16722.31
109334,17473.96
109333,27443.35
109332,39779.64
109331,31675.14
109330,20106.86
109329,21859.41
109328,22964.69
109327,27439.34
109326,29996.99
109325,38473.36
109324,28762.99
109323,22623.84
109322,21653.69
109321,28306.25
109320,44960.85
109319,59281.94
109318,83501.41
109317,55185.24
109316,46131.78
109315,33024.75
109314,32508.71
109313,27745.29
109312,43112.61
109311,60824.43
109310,57242.76
109309,22609.81
109308,23343.29
109307,26452.36
109306,20420.89
109305,40610.38
109304,52657.04
109303,46948.66
109302,35552.79
109301,24529.51
109300,28325.66
109299,47619.23
109298,54593.69
109297,72091.73
109296,52458.39
109295,40246.9
109294,43139.51
109293,58761.78
109292,38091.9
109291,37623.83
109290,57940.44
109289,49753.82
109288,25444.26
109287,27928.71
109286,40011.11
109285,42771.62
109284,49219.81
109283,76153.17
109282,58466.64
109281,39645.29
109280,36473.54
109279,51784.25
109278,38722.29
109277,54990.88
109276,75563.17
109275,27909.92
109274,25064.27
109273,41295.28
109272,31296.81
109271,38534.81
109270,59504.04
109269,39854.7
109268,762.99
109267,22179.58
109266,41590.0
109265,34685.66
109264,44024.27
109263,69630.9
109262,58390.59
109261,22519.36
109260,1351.53
109259,407.89
109258,384.14
109257,33195.53
109256,51052.34
109255,40627.81
109254,785.91
109253,23826.38
109252,18347.8
109251,45858.16
109250,49391.31
109249,69626.35
109248,49967.61
109247,33226.98
109246,27167.94
109245,26905.34
109244,29782.08
109243,45056.41
109242,68633.14
109241,43307.44
109240,31196.59
109239,30088.35
109238,34563.62
109237,41533.62
109236,52782.67
109235,90686.18
109234,58375.56
109233,23322.26
109232,24302.83
109231,28280.3
109230,28095.57
109229,53273.59
109228,70058.58
109227,60644.09
109226,38811.37
109225,41226.4
109224,40346.44
109223,36936.7
109222,46835.07
109221,64530.25
109220,63295.29
109219,25903.62
109218,29985.0
109217,32221.95
109216,34422.95
109215,46254.14
109214,56672.25
109213,43457.0
109212,53863.3
109211,20289.11
109210,26648.61
109209,29922.78
109208,34384.4
109207,51799.15
109206,40274.09
109205,22882.37
109204,36544.24
109203,35829.57
109202,36973.03
109201,45556.99
109200,61950.89
109199,47039.69
109198,30165.65
109197,28443.36
109196,36268.25
109195,37597.54
109194,50314.93
109193,67324.63
109192,43912.25
109191,19721.64
109190,22867.58
109189,26051.28
109188,23871.96
109187,40197.66
109186,34109.87
109185,55047.81
109184,21773.05
109183,16172.55
109182,23692.95
109181,27547.71
109180,33408.98
109179,43019.41
109178,33693.39
109177,30495.08
