101901,23311.85
101900,43806.58
101899,45195.05
101898,10689.01
101897,14757.46
101896,16610.28
101895,14236.16
101894,486.9
101893,24198.51
101892,24018.7
101891,10980.64
101890,12583.68
101889,13118.56
101888,25603.41
101887,32591.89
101886,46649.51
101885,36893.04
101884,38321.17
101883,20236.82
101882,26432.57
101881,24078.62
101880,28846.14
101879,259.79
101878,14514.49
101877,9237.26
101876,10323.74
101875,10991.02
101874,12079.9
101873,25233.0
101872,35185.4
101871,28744.1
101870,13582.45
101869,14105.14
101868,13732.29
101867,18299.35
101866,18775.4
101865,37137.12
101864,28485.16
101863,15155.51
101862,15370.23
101861,18380.18
101860,45581.24
101859,56250.02
101858,78840.89
101857,50478.55
101856,31119.02
101855,21338.89
101854,31988.23
101853,22384.82
101852,44340.91
101851,58123.83
101850,58262.4
101849,13978.28
101848,15571.95
101847,14975.11
101846,15848.94
101845,23699.69
101844,47885.11
101843,29349.53
101842,23946.44
101841,16411.23
101840,16747.82
101839,47310.89
101838,41356.29
101837,83301.18
101836,70807.08
101835,35266.31
101834,53386.31
101833,64755.79
101832,27271.56
101831,31471.02
101830,56383.27
101829,50379.08
101828,15360.08
101827,17401.48
101826,48966.69
101825,33740.77
101824,44929.29
101823,73989.8
101822,58806.57
101821,33128.23
101820,35493.11
101819,47319.7
101818,33935.58
101817,62887.61
101816,83105.43
101815,17788.84
101814,20335.87
101813,20176.43
101812,18123.94
101811,28094.79
101810,41732.19
101809,32838.59
101808,2128.4
101807,17995.7
101806,23539.23
101805,27129.6
101804,33674.68
101803,53221.67
101802,58181.55
101801,13298.13
101800,1358.35
101799,1280.23
101798,561.26
101797,21372.89
101796,39176.86
101795,35739.71
101794,1120.1
101793,20387.7
101792,18097.19
101791,48281.55
101790,57406.21
101789,80425.92
101788,61293.78
101787,35115.67
101786,32675.66
101785,38870.54
101784,36685.01
101783,52719.66
101782,76814.06
101781,38387.39
101780,19044.82
101779,22240.43
101778,24792.25
101777,37505.38
101776,44592.73
101775,79346.68
101774,46310.12
101773,15420.91
101772,16831.47
101771,21551.66
101770,23573.96
101769,51434.83
101768,71055.05
101767,55653.02
101766,32825.94
101765,37775.42
101764,42298.05
101763,36067.15
101762,45141.33
101761,72014.32
101760,69410.1
101759,21913.13
101758,20490.65
101757,27912.44
101756,39951.44
101755,60332.55
101754,67071.24
101753,52875.38
101752,70697.09
101751,25771.04
101750,23412.51
101749,33044.82
101748,30535.73
101747,53381.44
101746,45212.74
101745,23733.11
101744,45674.77
101743,38716.69
101742,39618.18
101741,51011.21
101740,82746.21
101739,59925.32
101738,35711.28
101737,38936.76
101736,43759.09
101735,42709.45
101734,61061.57
101733,80633.63
101732,65041.51
101731,23835.51
101730,23391.03
101729,24646.96
101728,28919.55
101727,41421.22
101726,46244.5
101725,53556.01
101724,19139.4
101723,13096.4
101722,24820.39
101721,27395.65
101720,39111.92
101719,48159.72
101718,37931.35
101717,40384.11
