51406,37120.74
51405,67790.87
51404,44710.52
51403,17110.23
51402,18403.4
51401,18993.5
51400,18595.96
51399,1786.49
51398,44101.85
51397,27037.23
51396,14008.46
51395,12880.36
51394,14022.51
51393,33743.84
51392,40429.13
51391,63864.22
51390,39344.55
51389,40818.38
51388,26109.86
51387,31529.45
51386,37219.6
51385,20825.18
51384,349.84
51383,3914.45
51382,12771.56
51381,17095.37
51380,14716.15
51379,17268.4
51378,40590.46
51377,67834.81
51376,37108.75
51375,16831.41
51374,20619.79
51373,17193.74
51372,25992.79
51371,35934.98
51370,56316.27
51369,29685.81
51368,19218.43
51367,8784.32
51366,17521.93
51365,52062.61
51364,68673.7
51363,89657.96
51362,57663.6
51361,29720.41
51360,23313.82
51359,41171.89
51358,29976.77
51357,53418.77
51356,87665.09
51355,54088.42
51354,19411.32
51353,12841.7
51352,14675.99
51351,17871.78
51350,36212.58
51349,74856.85
51348,35014.04
51347,32623.59
51346,17987.95
51345,17317.45
51344,60503.52
51343,70485.59
51342,128040.98
51341,80084.48
51340,49764.06
51339,54827.41
51338,81710.71
51337,34772.6
51336,53515.92
51335,82734.26
51334,61439.33
51333,18203.79
51332,20232.33
51331,49585.17
51330,42497.08
51329,65621.25
51328,108760.99
51327,61426.85
51326,41789.37
51325,46389.29
51324,56660.39
51323,48276.53
51322,78592.28
51321,86036.24
51320,26908.58
51319,24026.87
51318,23818.77
51317,28971.29
51316,41470.06
51315,69152.77
51314,37611.51
51313,14378.51
51312,14044.37
51311,37123.5
51310,30821.63
51309,47888.87
51308,80192.96
51307,56059.14
51306,3043.04
51305,17682.48
51304,21044.99
51303,28445.59
51302,36628.39
51301,55263.56
51300,40619.89
51299,32264.51
51298,13884.13
51297,25181.42
51296,51663.25
51295,70589.86
51294,103871.54
51293,62539.17
51292,42540.64
51291,41699.25
51290,40513.37
51289,38317.1
51288,2236.16
51287,90897.59
51286,48170.23
51285,30056.77
51284,28103.69
51283,31606.45
51282,48212.16
51281,56709.44
51280,97558.19
51279,53571.6
51278,20018.96
51277,20151.1
51276,25003.17
51275,22921.04
51274,62754.07
51273,85103.39
51272,56607.62
51271,32246.24
51270,39556.87
51269,42738.91
51268,37162.46
51267,52129.94
51266,84465.51
51265,72597.64
51264,22355.4
51263,24622.08
51262,27411.69
51261,1206.47
51260,58456.88
51259,82918.19
51258,54606.95
51257,77688.63
51256,28972.63
51255,32603.08
51254,39368.97
51253,55567.51
51252,61715.63
51251,50396.73
51250,28714.52
51249,61495.83
51248,56297.41
51247,53601.15
51246,69368.02
51245,85195.28
51244,61292.26
51243,38610.91
51242,42778.75
51241,41051.02
51240,42963.87
51239,63601.48
51238,66819.05
51237,48063.89
51236,23262.83
51235,28702.47
51234,29546.97
51233,33990.41
51232,54559.76
51231,50101.43
51230,53113.31
51229,24883.94
51228,20399.35
51227,25517.22
51226,32234.87
51225,38050.4
51224,41163.49
51223,28433.93
51222,34477.34
