84465,32148.57
84464,53289.98
84463,46932.64
84462,21988.78
84461,15259.3
84460,19066.75
84459,14846.67
84458,1311.48
84457,38644.07
84456,31607.82
84455,10950.18
84454,16710.36
84453,15079.55
84452,22367.62
84451,24274.6
84450,44797.49
84449,33030.34
84448,33292.61
84447,18957.76
84446,19681.92
84445,18996.25
84444,12314.97
84443,38702.59
84442,37181.74
84441,14838.49
84440,13273.0
84439,15549.98
84438,16522.39
84437,24964.88
84436,49936.91
84435,32610.51
84434,18462.0
84433,15535.02
84432,20253.04
84431,22664.44
84430,27296.36
84429,49107.75
84428,28405.46
84427,15831.05
84426,18488.91
84425,24269.37
84424,43600.65
84423,46108.6
84422,89291.33
84421,50256.68
84420,29175.73
84419,26179.97
84418,26084.59
84417,21062.87
84416,32982.11
84415,54491.72
84414,40097.7
84413,18983.31
84412,17026.52
84411,18853.79
84410,16294.03
84409,27067.27
84408,49747.72
84407,30786.76
84406,29717.7
84405,21089.83
84404,17128.92
84403,37647.9
84402,51618.44
84401,71321.53
84400,54846.17
84399,32478.36
84398,37086.86
84397,54021.53
84396,29802.3
84395,49664.57
84394,67491.34
84393,61061.79
84392,19178.85
84391,25474.95
84390,47087.62
84389,40068.66
84388,44558.22
84387,71699.37
84386,55908.1
84385,30746.44
84384,35780.58
84383,46385.45
84382,32311.6
84381,61729.01
84380,99938.35
84379,23584.7
84378,26197.23
84377,30167.83
84376,38214.54
84375,39883.39
84374,53198.44
84373,37036.92
84372,434.79
84371,19955.01
84370,29722.71
84369,34942.65
84368,37187.75
84367,52703.07
84366,41296.38
84365,13026.04
84364,988.58
84363,503.15
84362,139.57
84361,29311.81
84360,48813.74
84359,38157.97
84358,860.15
84357,15405.33
84356,19229.59
84355,41199.82
84354,44723.3
84353,59841.91
84352,51313.9
84351,28840.6
84350,36923.09
84349,33019.01
84348,35440.11
84347,47553.26
84346,75884.66
84345,48355.61
84344,26370.92
84343,30324.67
84342,31518.13
84341,45160.5
84340,52114.52
84339,86748.31
84338,60296.96
84337,21037.66
84336,27044.78
84335,25750.3
84334,30281.93
84333,45509.33
84332,68118.82
84331,56584.05
84330,37128.37
84329,32388.47
84328,38152.56
84327,33603.98
84326,44055.39
84325,72244.05
84324,58984.26
84323,28579.88
84322,29025.84
84321,32145.07
84320,41327.9
84319,42645.79
84318,55150.56
84317,44318.73
84316,46761.22
84315,23465.25
84314,25520.44
84313,32353.25
84312,37991.01
84311,48287.98
84310,44129.62
84309,21334.82
84308,39626.88
84307,39319.24
84306,36306.96
84305,42470.1
84304,56609.6
84303,47355.34
84302,34362.99
84301,34943.6
84300,36138.35
84299,43929.72
84298,52498.22
84297,66432.52
84296,55384.18
84295,25283.76
84294,23755.57
84293,24897.71
84292,28014.63
84291,39097.24
84290,50033.81
84289,47826.55
84288,17413.69
84287,20985.73
84286,23455.48
84285,32897.39
84284,31048.38
84283,37211.48
84282,37353.68
84281,24733.32
