68932,26786.3
68931,40669.04
68930,36031.75
68929,11345.96
68928,11094.25
68927,12570.66
68926,15491.78
68925,695.03
68924,24118.75
68923,23818.58
68922,8889.26
68921,9575.25
68920,11173.41
68919,23332.6
68918,25603.86
68917,44486.64
68916,28712.72
68915,28692.93
68914,12689.64
68913,12130.31
68912,16177.72
68911,21412.12
68910,46856.07
68909,29312.27
68908,10040.13
68907,12586.23
68906,12964.57
68905,13879.84
68904,24851.53
68903,38786.31
68902,26867.45
68901,14597.63
68900,13709.07
68899,15890.48
68898,18422.42
68897,26444.88
68896,36077.6
68895,25609.24
68894,10636.44
68893,14364.89
68892,13701.85
68891,37418.47
68890,51719.22
68889,84619.41
68888,20469.52
68887,39332.64
68886,24600.91
68885,31347.55
68884,20249.78
68883,36192.34
68882,51997.74
68881,41981.26
68880,15994.67
68879,17197.24
68878,10550.88
68877,17990.46
68876,29397.25
68875,49996.86
68874,31148.65
68873,25142.89
68872,15821.41
68871,18293.7
68870,37579.49
68869,57087.43
68868,79243.75
68867,58727.08
68866,39955.34
68865,41089.03
68864,45557.1
68863,26369.32
68862,36101.39
68861,57085.04
68860,45523.69
68859,17413.03
68858,18736.46
68857,36222.79
68856,32513.66
68855,39753.87
68854,72331.46
68853,41496.92
68852,29404.15
68851,34438.22
68850,40562.33
68849,30306.11
68848,55171.83
68847,68612.8
68846,18034.49
68845,16013.49
68844,13879.16
68843,18908.53
68842,24950.26
68841,39587.2
68840,31463.89
68839,814.07
68838,14603.17
68837,25555.2
68836,26160.92
68835,33889.96
68834,60982.05
68833,46425.7
68832,13251.54
68831,15961.02
68830,16437.17
68829,19871.4
68828,28741.75
68827,43722.23
68826,37380.1
68825,17442.82
68824,18482.65
68823,19367.21
68822,50012.63
68821,48263.19
68820,69711.31
68819,42592.55
68818,29764.27
68817,26916.36
68816,30269.92
68815,33946.38
68814,487.71
68813,76305.72
68812,40018.5
68811,19002.51
68810,24115.56
68809,28072.99
68808,34827.7
68807,51619.08
68806,66417.74
68805,36384.14
68804,18044.53
68803,18889.66
68802,20669.21
68801,21782.26
68800,49803.22
68799,59054.61
68798,41981.15
68797,29852.21
68796,25943.48
68795,32175.86
68794,35829.15
68793,47765.46
68792,56722.53
68791,51293.33
68790,22149.17
68789,23931.99
68788,26283.25
68787,306.73
68786,39918.68
68785,52075.8
68784,36472.69
68783,43564.96
68782,22176.64
68781,21325.7
68780,26036.25
68779,29117.17
68778,50130.25
68777,32423.91
68776,19139.82
68775,37447.36
68774,35748.63
68773,35902.21
68772,46203.96
68771,57759.02
68770,46670.44
68769,27881.22
68768,38278.77
68767,37283.39
68766,40059.91
68765,53739.37
68764,63410.03
68763,37907.99
68762,17946.51
68761,17713.57
68760,20741.25
68759,24915.92
68758,36879.76
68757,38358.37
68756,40599.69
68755,19861.85
68754,13501.17
68753,19593.19
68752,20073.97
68751,26733.16
68750,33913.38
68749,28298.36
68748,23265.19
