118392,33342.33
118391,55357.14
118390,32947.8
118389,15102.87
118388,15334.02
118387,15674.46
118386,16293.89
118385,5.0
118384,36564.57
118383,26456.45
118382,10855.61
118381,11836.61
118380,11840.81
118379,24635.71
118378,32430.0
118377,42352.55
118376,35161.25
118375,27441.68
118374,11515.9
118373,15901.38
118372,20669.85
118371,21199.62
118370,48498.42
118369,32082.03
118368,15061.17
118367,15043.23
118366,14946.26
118365,15467.23
118364,25699.02
118363,48377.75
118362,26438.25
118361,14184.77
118360,15586.01
118359,13454.06
118358,20978.4
118357,25922.59
118356,51297.04
118355,26574.88
118354,20182.17
118353,19387.04
118352,18252.38
118351,33707.0
118350,44912.96
118349,75518.26
118348,45199.52
118347,43764.16
118346,20177.88
118345,31856.88
118344,23904.04
118343,35113.83
118342,60397.25
118341,38780.54
118340,22704.37
118339,24219.94
118338,17595.33
118337,22561.19
118336,35529.18
118335,63057.1
118334,29063.32
118333,27090.98
118332,26212.41
118331,17408.49
118330,32868.92
118329,41298.07
118328,78213.08
118327,57504.5
118326,26713.88
118325,33442.48
118324,45357.72
118323,26370.76
118322,35849.34
118321,62159.63
118320,45370.76
118319,20269.1
118318,22567.5
118317,32424.8
118316,32297.03
118315,42595.29
118314,88156.91
118313,54347.23
118312,33954.04
118311,31848.96
118310,35260.46
118309,28110.22
118308,57895.16
118307,81256.34
118306,30010.59
118305,17296.98
118304,24746.12
118303,25214.72
118302,34194.73
118301,67160.13
118300,47725.28
118299,20061.35
118298,20636.48
118297,28515.34
118296,30854.9
118295,38864.5
118294,81170.25
118293,58529.7
118292,1083.99
118291,25541.61
118290,24000.15
118289,23029.71
118288,37223.49
118287,55644.75
118286,27409.9
118285,28795.81
118284,28103.41
118283,28598.32
118282,38893.47
118281,55762.36
118280,72707.73
118279,46943.67
118278,33085.51
118277,28605.76
118276,32447.69
118275,34894.58
118274,1138.28
118273,64788.87
118272,43242.97
118271,22782.3
118270,25790.59
118269,29731.46
118268,32957.24
118267,42863.29
118266,68645.55
118265,48571.61
118264,20006.12
118263,25015.07
118262,23054.58
118261,26446.17
118260,53573.08
118259,71452.86
118258,64580.42
118257,32038.58
118256,29915.46
118255,31967.18
118254,34132.03
118253,41693.28
118252,60998.84
118251,57274.3
118250,27223.4
118249,26787.29
118248,32166.16
118247,395.64
118246,52369.11
118245,67572.58
118244,51378.17
118243,55111.21
118242,32234.94
118241,31441.3
118240,34900.81
118239,38058.24
118238,53155.92
118237,59726.28
118236,32014.72
118235,42962.52
118234,38438.01
118233,39999.11
118232,47102.83
118231,67199.43
118230,47007.2
118229,35526.17
118228,33597.44
118227,35732.27
118226,40879.11
118225,42452.78
118224,45050.53
118223,38000.87
118222,30702.99
118221,28253.08
118220,35454.39
118219,30551.76
118218,47351.27
118217,36281.01
118216,36203.27
118215,34119.1
118214,23458.75
118213,31314.95
118212,32697.59
118211,37280.96
118210,51015.76
118209,28876.64
118208,21830.52
