207961,16227.22
207960,21881.15
207959,21557.55
207958,4866.89
207957,7267.9
207956,6583.75
207955,5879.73
207954,666.41
207953,18873.69
207952,19027.95
207951,3157.4
207950,8583.08
207949,6440.59
207948,11765.63
207947,11065.44
207946,20077.2
207945,15800.63
207944,13756.09
207943,10555.89
207942,11222.72
207941,8726.38
207940,10328.57
207939,22698.54
207938,18788.32
207937,7974.1
207936,5107.77
207935,7768.7
207934,5760.39
207933,14010.46
207932,19135.84
207931,16364.97
207930,7899.42
207929,9490.81
207928,8039.05
207927,12324.24
207926,13037.37
207925,22628.33
207924,16419.41
207923,7653.07
207922,10011.7
207921,9807.73
207920,20155.59
207919,23571.48
207918,37954.47
207917,25571.98
207916,15604.21
207915,13973.03
207914,14145.72
207913,13900.94
207912,16753.14
207911,29129.61
207910,22091.33
207909,9379.38
207908,8394.4
207907,11427.58
207906,8880.5
207905,17698.84
207904,34295.22
207903,17808.35
207902,15508.55
207901,13936.26
207900,12021.97
207899,21886.58
207898,24538.54
207897,36617.65
207896,25891.68
207895,15747.71
207894,15103.97
207893,24010.37
207892,17025.71
207891,19843.7
207890,29524.6
207889,23397.66
207888,9245.65
207887,12403.87
207886,17730.64
207885,16473.19
207884,18959.86
207883,37756.62
207882,26430.61
207881,13755.04
207880,14882.74
207879,24314.12
207878,16348.22
207877,33954.17
207876,47267.75
207875,9994.34
207874,8624.44
207873,8834.84
207872,16690.19
207871,14696.83
207870,28620.55
207869,22977.41
207868,723.4
207867,11418.9
207866,16544.57
207865,16690.27
207864,21080.77
207863,31915.94
207862,30030.35
207861,9618.29
207860,10183.31
207859,9973.68
207858,9537.98
207857,16973.15
207856,26664.49
207855,16467.79
207854,8794.88
207853,9970.95
207852,11683.32
207851,21187.69
207850,23804.25
207849,40582.73
207848,33256.72
207847,16264.38
207846,13140.68
207845,16093.66
207844,18422.45
207843,533.38
207842,49373.81
207841,28869.6
207840,12488.89
207839,15685.42
207838,16427.4
207837,24020.8
207836,28449.03
207835,52398.04
207834,32535.77
207833,12313.65
207832,12276.4
207831,15296.91
207830,18588.77
207829,31817.37
207828,38733.18
207827,31418.03
207826,19330.14
207825,19614.0
207824,20456.82
207823,18694.38
207822,28431.28
207821,34181.2
207820,37539.63
207819,9820.75
207818,17192.26
207817,15358.55
207816,564.19
207815,21680.15
207814,34721.16
207813,25697.95
207812,33782.63
207811,10375.18
207810,16306.42
207809,14394.78
207808,23320.02
207807,32567.64
207806,28140.54
207805,14893.82
207804,24071.21
207803,20983.98
207802,21672.39
207801,28300.05
207800,38265.53
207799,29170.02
207798,17338.93
207797,16812.69
207796,16411.03
207795,21808.49
207794,31013.8
207793,42230.09
207792,32664.04
207791,12500.61
207790,13607.03
207789,13345.39
207788,17094.78
207787,21370.8
207786,26467.86
207785,28441.12
207784,9690.73
207783,10824.45
207782,12189.88
207781,16603.49
207780,19886.05
207779,24693.6
207778,21413.38
207777,17194.79
