170688,30868.05
170687,44200.44
170686,32658.76
170685,12831.31
170684,16262.21
170683,15107.5
170682,15846.92
170681,750.5
170680,29795.3
170679,20039.46
170678,13787.11
170677,11734.55
170676,12056.07
170675,17975.54
170674,19319.04
170673,33034.17
170672,24908.35
170671,27487.93
170670,17111.27
170669,18776.49
170668,16426.05
170667,12239.68
170666,74.28
170665,77.16
170664,5911.93
170663,10552.12
170662,11399.33
170661,17231.76
170660,24312.33
170659,37638.15
170658,22992.77
170657,16892.34
170656,14034.91
170655,14317.36
170654,19645.7
170653,23712.1
170652,37714.88
170651,23909.61
170650,15046.56
170649,15260.71
170648,20406.12
170647,34371.92
170646,43518.1
170645,62567.09
170644,40812.75
170643,7301.29
170642,16047.94
170641,24889.6
170640,17406.92
170639,29901.69
170638,44897.91
170637,33084.96
170636,17468.59
170635,14387.81
170634,20437.34
170633,14727.98
170632,28404.66
170631,38305.56
170630,22513.57
170629,24267.53
170628,17968.26
170627,14588.48
170626,29716.17
170625,34194.64
170624,55696.48
170623,44784.26
170622,29875.4
170621,33438.48
170620,48286.82
170619,27447.62
170618,39348.75
170617,53215.36
170616,42439.72
170615,18580.37
170614,20898.78
170613,37723.41
170612,30560.53
170611,37662.27
170610,53890.0
170609,43264.28
170608,26435.66
170607,31143.18
170606,41989.53
170605,34218.75
170604,54506.01
170603,76964.3
170602,-24.14
170601,22060.76
170600,18674.25
170599,19665.84
170598,20933.9
170597,27050.26
170596,40013.77
170595,28691.46
170594,14410.11
170593,14332.48
170592,22976.89
170591,25625.25
170590,33058.27
170589,45661.54
170588,41247.87
170587,420.52
170586,19125.09
170585,22258.87
170584,19294.64
170583,30498.17
170582,37367.53
170581,36573.02
170580,20526.82
170579,17992.5
170578,19916.87
170577,31822.99
170576,42796.38
170575,57592.85
170574,38774.13
170573,29612.45
170572,25133.71
170571,29895.02
170570,27747.08
170569,877.42
170568,55500.56
170567,38156.78
170566,20815.06
170565,21835.95
170564,27668.65
170563,33714.58
170562,45066.07
170561,72356.78
170560,43452.06
170559,15625.24
170558,20588.82
170557,16283.92
170556,19621.9
170555,38876.57
170554,49678.75
170553,41123.11
170552,23208.5
170551,23813.91
170550,26781.52
170549,24124.77
170548,33465.18
170547,48936.54
170546,47185.84
170545,20518.84
170544,22661.15
170543,28733.74
170542,299.36
170541,48211.09
170540,55535.66
170539,42170.29
170538,54965.84
170537,26584.49
170536,23769.66
170535,30968.2
170534,35788.74
170533,42589.11
170532,40207.0
170531,22625.66
170530,34589.41
170529,31073.19
170528,32102.84
170527,37972.6
170526,49113.71
170525,39406.59
170524,24062.71
170523,29295.8
170522,27931.4
170521,32630.24
170520,45720.9
170519,52314.28
170518,41085.17
170517,21076.32
170516,21889.46
170515,20672.52
170514,24074.77
170513,33328.16
170512,34685.58
170511,36983.89
170510,18812.58
170509,16077.02
170508,22794.27
170507,25173.05
170506,31706.34
170505,35004.11
170504,26161.27
170503,22926.08
