19359,18009.35
19358,34027.47
19357,32665.47
19356,14274.63
19355,13599.65
19354,15177.3
19353,13112.97
19352,599.05
19351,24629.91
19350,16628.09
19349,10022.45
19348,9058.79
19347,10038.1
19346,18312.3
19345,23201.08
19344,29479.93
19343,26681.63
19342,21942.6
19341,14195.15
19340,18005.06
19339,16286.94
19338,19012.55
19337,11654.34
19336,20544.11
19335,10456.05
19334,10340.3
19333,14460.46
19332,14303.21
19331,20602.7
19330,33729.72
19329,24799.52
19328,14639.01
19327,16608.62
19326,11689.67
19325,14706.25
19324,391.59
19323,30490.62
19322,21213.24
19321,6207.55
19320,11558.27
19319,14335.26
19318,29597.85
19317,38403.45
19316,48601.86
19315,25852.74
19314,17371.94
19313,17648.33
19312,18985.01
19311,13429.7
19310,29100.01
19309,35897.94
19308,25805.33
19307,13417.3
19306,10156.86
19305,13271.65
19304,12553.35
19303,21209.73
19302,34689.41
19301,19371.67
19300,18539.1
19299,13401.68
19298,14259.93
19297,27697.41
19296,33568.81
19295,45690.23
19294,38868.84
19293,22014.76
19292,25894.57
19291,36559.51
19290,21972.19
19289,22995.85
19288,37844.12
19287,31159.95
19286,17066.1
19285,13512.59
19284,24285.15
19283,24753.61
19282,32899.59
19281,50245.45
19280,29858.1
19279,19685.2
19278,23681.82
19277,27775.32
19276,28830.32
19275,46924.36
19274,57889.49
19273,13883.8
19272,14751.55
19271,16924.61
19270,16869.18
19269,21248.16
19268,33942.73
19267,23044.02
19266,723.8
19265,13032.43
19264,20887.64
19263,23821.49
19262,29209.51
19261,43624.33
19260,37721.87
19259,15094.79
19258,320.6
19257,402.45
19256,141.22
19255,23480.87
19254,29407.16
19253,22611.88
19252,701.74
19251,16210.33
19250,16256.62
19249,27982.2
19248,32236.47
19247,44331.24
19246,32157.98
19245,20004.96
19244,18189.64
19243,25851.64
19242,22816.11
19241,27625.69
19240,44407.42
19239,27816.73
19238,17046.63
19237,21509.31
19236,20951.45
19235,28006.42
19234,39253.66
19233,56045.5
19232,37746.77
19231,14437.27
19230,15443.14
19229,18416.49
19228,18668.34
19227,35992.66
19226,41482.36
19225,31978.79
19224,24884.12
19223,22779.9
19222,26596.57
19221,26499.25
19220,33460.24
19219,36706.88
19218,38832.41
19217,17558.79
19216,16489.12
19215,20442.81
19214,33160.55
19213,40643.67
19212,44192.08
19211,29885.2
19210,42198.57
19209,22123.69
19208,20530.22
19207,25225.87
19206,26414.74
19205,34417.75
19204,33740.38
19203,19069.09
19202,24857.89
19201,30762.76
19200,29675.68
19199,26709.64
19198,40683.56
19197,29987.31
19196,25639.81
19195,24166.48
19194,24096.58
19193,33865.77
19192,42481.54
19191,43029.45
19190,35014.19
19189,19184.21
19188,15387.99
19187,18320.16
19186,17476.85
19185,26593.0
19184,27849.14
19183,28942.23
19182,16235.34
19181,12678.65
19180,18053.41
19179,20451.34
19178,23283.57
19177,28855.45
19176,19159.41
19175,14878.17
