15913,21240.3
15912,40021.42
15911,29356.83
15910,14088.41
15909,12543.93
15908,13660.8
15907,15757.74
15906,733.26
15905,31504.41
15904,20337.84
15903,9631.16
15902,9776.81
15901,10985.78
15900,17475.91
15899,16542.98
15898,33997.01
15897,24614.34
15896,27474.73
15895,10997.07
15894,12664.8
15893,13587.8
15892,10347.48
15891,28062.84
15890,22938.69
15889,10789.93
15888,11510.64
15887,9415.94
15886,10164.19
15885,20403.14
15884,36888.45
15883,22691.73
15882,13376.97
15881,12019.11
15880,11718.01
15879,17511.36
15878,22673.57
15877,33710.1
15876,20204.48
15875,11569.99
15874,10448.6
15873,14950.52
15872,32326.44
15871,39844.1
15870,62388.47
15869,33177.32
15868,19418.53
15867,18044.23
15866,19441.28
15865,15043.17
15864,27558.09
15863,36521.48
15862,28081.92
15861,10531.51
15860,12807.1
15859,12201.03
15858,13637.99
15857,26781.93
15856,39671.9
15855,22205.75
15854,18901.61
15853,14252.64
15852,15706.45
15851,29494.71
15850,43093.98
15849,58612.11
15848,32512.93
15847,25316.82
15846,29639.1
15845,38197.83
15844,24472.68
15843,28490.15
15842,49212.47
15841,37321.28
15840,16975.68
15839,20038.27
15838,24651.05
15837,25294.94
15836,35943.63
15835,67270.97
15834,38128.72
15833,21311.46
15832,25747.14
15831,32303.65
15830,23416.9
15829,48044.94
15828,69679.29
15827,17779.09
15826,16706.29
15825,14072.48
15824,22589.15
15823,26763.28
15822,41794.94
15821,23471.24
15820,16241.69
15819,14762.4
15818,24075.86
15817,23726.6
15816,31078.0
15815,46829.34
15814,26622.62
15813,729.47
15812,12380.44
15811,14586.83
15810,16296.94
15809,21691.4
15808,31986.79
15807,20966.74
15806,14689.32
15805,12873.46
15804,15688.35
15803,23298.16
15802,31124.46
15801,49246.26
15800,32402.0
15799,19273.9
15798,23945.42
15797,24313.68
15796,23286.9
15795,452.25
15794,54694.35
15793,31564.42
15792,16694.73
15791,20332.37
15790,25894.73
15789,27369.17
15788,42607.89
15787,59279.49
15786,34004.63
15785,17291.44
15784,19141.18
15783,18866.54
15782,19473.89
15781,37662.96
15780,53051.83
15779,35471.07
15778,25282.15
15777,26597.63
15776,30622.74
15775,24391.49
15774,33084.89
15773,46429.16
15772,35585.6
15771,23102.61
15770,17632.42
15769,20272.79
15768,254.55
15767,31558.92
15766,42896.39
15765,29009.72
15764,32825.96
15763,15481.13
15762,20944.28
15761,27231.03
15760,26647.28
15759,36951.87
15758,26384.55
15757,16251.43
15756,25145.65
15755,28765.11
15754,28415.64
15753,34817.25
15752,42538.88
15751,25482.48
15750,21181.99
15749,22352.5
15748,26181.8
15747,31456.23
15746,38028.06
15745,42923.96
15744,26157.45
15743,14338.1
15742,13727.43
15741,14569.74
15740,16685.2
15739,32448.47
15738,31321.34
15737,26501.33
15736,16509.07
15735,12143.4
15734,18234.17
15733,20661.89
15732,24768.03
15731,29897.44
15730,20947.2
15729,19001.26
