131793,37408.07
131792,54024.48
131791,38420.05
131790,14303.81
131789,12758.28
131788,12231.99
131787,18564.02
131786,626.55
131785,36273.68
131784,25745.91
131783,13117.92
131782,14662.2
131781,11800.39
131780,19557.56
131779,26249.65
131778,40710.06
131777,28062.39
131776,28583.45
131775,15271.14
131774,16837.34
131773,17890.28
131772,20137.75
131771,41033.99
131770,25384.78
131769,10593.25
131768,12461.26
131767,13701.55
131766,16878.59
131765,28631.5
131764,43999.43
131763,32228.68
131762,15751.96
131761,13686.15
131760,16351.83
131759,21889.21
131758,29470.7
131757,47368.1
131756,24247.18
131755,13155.98
131754,17004.33
131753,24259.91
131752,37287.09
131751,44781.77
131750,81952.94
131749,39895.07
131748,31806.37
131747,21907.63
131746,22348.41
131745,22144.05
131744,37208.33
131743,55229.62
131742,33232.54
131741,19478.83
131740,16461.74
131739,22378.74
131738,19810.88
131737,33944.54
131736,57027.54
131735,28595.56
131734,23902.47
131733,21779.6
131732,24030.22
131731,42504.17
131730,48787.74
131729,62893.84
131728,39161.3
131727,31388.76
131726,24359.0
131725,33830.62
131724,32267.13
131723,40651.07
131722,61596.46
131721,40899.59
131720,19142.41
131719,24257.49
131718,35286.5
131717,31479.86
131716,42532.64
131715,71440.21
131714,37172.58
131713,24635.28
131712,29250.65
131711,34572.2
131710,35478.27
131709,71111.53
131708,76460.52
131707,24448.6
131706,14883.96
131705,15069.55
131704,24558.62
131703,32435.59
131702,51015.39
131701,30890.34
131700,18405.26
131699,16953.47
131698,32752.75
131697,32658.93
131696,45549.52
131695,65792.46
131694,40770.44
131693,245.59
131692,16162.66
131691,14911.11
131690,20412.51
131689,31556.92
131688,49585.63
131687,22390.36
131686,16706.29
131685,20705.45
131684,19043.9
131683,33893.94
131682,41030.83
131681,64027.19
131680,34445.65
131679,24539.41
131678,24570.85
131677,26508.49
131676,30978.53
131675,688.51
131674,73440.43
131673,38707.87
131672,21595.32
131671,26776.78
131670,25849.87
131669,37571.13
131668,48512.81
131667,83367.0
131666,40748.71
131665,22557.26
131664,18760.49
131663,24371.31
131662,25616.38
131661,52585.48
131660,65486.0
131659,42361.83
131658,29465.35
131657,24300.72
131656,27355.67
131655,23310.62
131654,46537.4
131653,64983.94
131652,51504.2
131651,22703.93
131650,21118.53
131649,26699.73
131648,184.1
131647,42087.23
131646,61591.43
131645,39390.53
131644,47998.76
131643,18490.35
131642,25165.39
131641,26401.46
131640,38342.4
131639,55422.28
131638,36310.55
131637,18124.07
131636,33649.73
131635,35750.58
131634,27537.28
131633,42002.96
131632,57367.67
131631,36775.43
131630,29183.78
131629,31791.51
131628,30433.29
131627,38763.58
131626,50342.66
131625,59538.41
131624,36399.04
131623,21298.38
131622,21250.45
131621,25362.76
131620,27092.21
131619,36831.32
131618,42502.52
131617,36527.57
131616,19369.6
131615,14022.68
131614,24890.17
131613,31085.2
131612,33969.44
131611,43807.74
131610,28999.81
131609,29057.48
