151525,20762.17
151524,30888.0
151523,26297.04
151522,11420.69
151521,9833.65
151520,10068.86
151519,11592.62
151518,603.73
151517,17998.64
151516,12532.89
151515,6525.71
151514,5476.47
151513,9153.1
151512,13146.42
151511,20471.21
151510,24766.46
151509,17340.77
151508,16515.97
151507,10702.81
151506,14660.34
151505,9887.46
151504,15077.61
151503,32278.65
151502,21683.66
151501,6893.67
151500,8108.71
151499,10106.4
151498,11260.47
151497,16464.32
151496,32226.57
151495,18722.09
151494,10341.73
151493,3282.25
151492,11062.04
151491,9977.86
151490,16932.39
151489,28023.1
151488,18935.09
151487,5746.14
151486,9200.93
151485,12535.92
151484,27736.75
151483,36227.35
151482,51035.77
151481,26745.69
151480,19425.03
151479,14856.26
151478,19727.2
151477,14680.35
151476,25047.47
151475,37057.48
151474,28142.79
151473,12596.81
151472,8035.78
151471,11636.29
151470,11053.46
151469,18286.49
151468,28270.55
151467,21808.08
151466,15545.67
151465,8069.01
151464,7861.92
151463,24369.83
151462,25749.39
151461,53830.18
151460,36223.72
151459,20333.29
151458,23681.41
151457,34812.7
151456,14977.46
151455,21902.61
151454,28807.09
151453,30290.06
151452,12062.2
151451,11253.89
151450,24137.69
151449,22053.12
151448,27842.11
151447,37268.05
151446,39726.46
151445,20237.95
151444,26360.71
151443,14643.12
151442,16711.33
151441,35754.34
151440,44018.05
151439,13508.09
151438,11709.02
151437,10545.89
151436,14156.39
151435,15230.72
151434,23821.29
151433,19265.67
151432,707.93
151431,9644.02
151430,19019.89
151429,15618.15
151428,25154.52
151427,38232.39
151426,30730.81
151425,11888.46
151424,8763.32
151423,12219.27
151422,13058.44
151421,22006.54
151420,31601.72
151419,25768.21
151418,12458.18
151417,11021.65
151416,12382.48
151415,28024.11
151414,34398.81
151413,41860.81
151412,40832.48
151411,18667.81
151410,17826.85
151409,25289.88
151408,21401.49
151407,375.18
151406,41851.38
151405,26426.2
151404,11643.25
151403,16363.23
151402,16605.75
151401,25496.49
151400,27865.38
151399,42464.5
151398,28304.77
151397,12778.11
151396,14522.21
151395,14826.73
151394,11557.78
151393,28257.94
151392,32061.23
151391,23832.04
151390,15995.27
151389,19101.37
151388,17825.55
151387,21794.53
151386,26033.24
151385,34639.53
151384,31103.14
151383,15168.89
151382,12561.78
151381,16713.66
151380,204.37
151379,22844.94
151378,36135.49
151377,17645.17
151376,25752.34
151375,14011.52
151374,13708.95
151373,16684.21
151372,22115.35
151371,29497.69
151370,21168.55
151369,15065.85
151368,32097.71
151367,28602.87
151366,29483.85
151365,34406.09
151364,45829.34
151363,37099.8
151362,25008.12
151361,20926.92
151360,23750.38
151359,26881.12
151358,32886.75
151357,36942.63
151356,31862.25
151355,13789.71
151354,15546.8
151353,16334.49
151352,17909.66
151351,26944.0
151350,23706.96
151349,28858.41
151348,14667.61
151347,10542.72
151346,13203.15
151345,18521.78
151344,21391.54
151343,18567.28
151342,17410.18
151341,9720.85
