143860,25324.54
143859,35220.17
143858,11091.11
143857,7106.05
143856,7873.01
143855,9936.04
143854,13230.32
143853,744.48
143852,24278.51
143851,16789.95
143850,10175.22
143849,12186.98
143848,10563.69
143847,17035.07
143846,21768.18
143845,29966.44
143844,27887.69
143843,25433.56
143842,15129.99
143841,15163.93
143840,13961.21
143839,17929.99
143838,32439.77
143837,31340.53
143836,13911.4
143835,9733.93
143834,8420.69
143833,14272.59
143832,20183.14
143831,30942.29
143830,21280.79
143829,16412.41
143828,12519.86
143827,16027.23
143826,13864.82
143825,18257.12
143824,33822.11
143823,19929.72
143822,17137.15
143821,10386.9
143820,15252.11
143819,30570.38
143818,31021.33
143817,58159.28
143816,36657.11
143815,31190.36
143814,19519.73
143813,21152.04
143812,13158.3
143811,22962.21
143810,42579.51
143809,33919.38
143808,14949.2
143807,13205.3
143806,16640.29
143805,16099.27
143804,20372.81
143803,39535.58
143802,25079.39
143801,21958.15
143800,13627.86
143799,15418.71
143798,29940.11
143797,38556.49
143796,55039.59
143795,43763.23
143794,26740.0
143793,26995.87
143792,32217.51
143791,23162.39
143790,27363.41
143789,48151.61
143788,33592.03
143787,14046.19
143786,20143.12
143785,29063.97
143784,26230.54
143783,28576.25
143782,51162.43
143781,42203.39
143780,23623.36
143779,25377.51
143778,29395.94
143777,24245.36
143776,31968.24
143775,46192.09
143774,17805.9
143773,11838.03
143772,16462.9
143771,20916.48
143770,27448.46
143769,36122.29
143768,37757.17
143767,743.52
143766,15548.95
143765,28135.66
143764,26903.25
143763,37161.28
143762,60325.96
143761,50319.0
143760,19526.53
143759,634.01
143758,255.54
143757,108.5
143756,27575.79
143755,38663.53
143754,31636.58
143753,652.18
143752,25160.28
143751,23991.06
143750,35269.8
143749,29626.93
143748,54752.5
143747,40508.31
143746,23005.28
143745,22105.59
143744,24587.71
143743,25542.54
143742,29679.64
143741,51186.53
143740,35097.03
143739,18102.31
143738,21933.05
143737,20214.48
143736,30444.57
143735,34870.5
143734,54103.07
143733,39167.64
143732,18983.82
143731,15383.84
143730,23775.0
143729,19964.32
143728,34279.04
143727,50203.91
143726,41918.58
143725,26013.03
143724,23015.87
143723,28962.37
143722,24618.08
143721,29394.33
143720,49156.39
143719,44778.6
143718,13796.45
143717,13780.84
143716,18546.29
143715,21735.86
143714,30883.12
143713,41461.03
143712,37874.63
143711,40549.46
143710,15666.69
143709,21365.24
143708,22243.7
143707,27096.62
143706,47427.5
143705,39505.2
143704,20524.92
143703,30015.44
143702,30315.05
143701,27543.24
143700,29496.25
143699,49815.94
143698,40058.26
143697,22353.77
143696,25468.69
143695,23369.77
143694,27679.53
143693,36474.79
143692,46877.82
143691,44216.98
143690,17782.57
143689,23495.71
143688,21705.71
143687,20862.02
143686,29184.99
143685,30829.66
143684,34276.03
143683,17667.91
143682,14202.46
143681,19179.65
143680,22669.73
143679,29507.56
143678,32917.77
143677,27863.77
143676,18843.04
