102093,26697.26
102092,43483.09
102091,47119.59
102090,17919.72
102089,19138.2
102088,16258.68
102087,20239.27
102086,1173.57
102085,38934.64
102084,30014.03
102083,12847.08
102082,14675.26
102081,16991.32
102080,27054.07
102079,29233.55
102078,37897.37
102077,38938.04
102076,30758.77
102075,22252.01
102074,20329.35
102073,18382.35
102072,23611.63
102071,39063.22
102070,38269.9
102069,12086.46
102068,14761.32
102067,19851.04
102066,18534.53
102065,25140.33
102064,41573.26
102063,28272.91
102062,21000.29
102061,18631.22
102060,21947.53
102059,23333.98
102058,29718.65
102057,35203.7
102056,26386.5
102055,18333.8
102054,20880.95
102053,24101.98
102052,42854.96
102051,48196.7
102050,63194.84
102049,52750.31
102048,45117.37
102047,26143.07
102046,28474.14
102045,17764.05
102044,35834.88
102043,48665.91
102042,42896.13
102041,19401.4
102040,18579.36
102039,25238.42
102038,16879.47
102037,28202.93
102036,41894.71
102035,30651.57
102034,26938.79
102033,18056.35
102032,17811.52
102031,44737.75
102030,52124.59
102029,66839.81
102028,61297.26
102027,29871.07
102026,43717.37
102025,55497.36
102024,26332.9
102023,32920.33
102022,52797.28
102021,42939.79
102020,19893.74
102019,22054.92
102018,39731.2
102017,37370.64
102016,42931.14
102015,60983.33
102014,56475.6
102013,36233.05
102012,35228.43
102011,44391.7
102010,36290.26
102009,45109.27
102008,73743.82
102007,22185.27
102006,26986.5
102005,26560.31
102004,32405.4
102003,27663.17
102002,41261.67
102001,38510.48
102000,1483.05
101999,22504.9
101998,32664.79
101997,29066.51
101996,36704.95
101995,61277.55
101994,51578.4
101993,20751.02
101992,20097.92
101991,20862.26
101990,25978.13
101989,32567.27
101988,45982.28
101987,40477.75
101986,23081.26
101985,24249.84
101984,22829.39
101983,45949.99
101982,48042.29
101981,61824.1
101980,51747.71
101979,30285.8
101978,33130.32
101977,30995.57
101976,31150.27
101975,1245.76
101974,69546.33
101973,48007.67
101972,29770.32
101971,26282.72
101970,31249.09
101969,44156.25
101968,48254.74
101967,70307.69
101966,46869.87
101965,23662.56
101964,17271.88
101963,24947.18
101962,27709.15
101961,50493.44
101960,61099.7
101959,57514.27
101958,34773.1
101957,33317.9
101956,37721.77
101955,37714.18
101954,45184.69
101953,58192.89
101952,56538.88
101951,25115.85
101950,22058.53
101949,25520.97
101948,452.18
101947,40932.22
101946,52307.57
101945,47565.53
101944,53794.05
101943,17548.11
101942,22197.79
101941,30908.16
101940,38954.27
101939,50584.92
101938,44773.04
101937,20314.51
101936,46077.55
101935,42542.1
101934,39714.52
101933,43876.3
101932,59362.59
101931,54878.82
101930,34211.83
101929,36993.81
101928,38809.35
101927,37979.23
101926,51956.57
101925,68791.53
101924,55821.15
101923,28788.76
101922,29523.12
101921,26705.38
101920,31361.3
101919,40121.06
101918,44205.23
101917,59768.6
101916,30164.88
101915,22187.59
101914,28848.49
101913,33989.33
101912,37240.51
101911,54501.78
101910,43502.48
101909,31493.58
