98451,22059.78
98450,37426.18
98449,37365.79
98448,12847.0
98447,11857.98
98446,18947.04
98445,15897.73
98444,828.81
98443,26924.69
98442,22657.56
98441,15293.93
98440,12377.8
98439,14550.13
98438,26499.31
98437,22737.14
98436,37104.94
98435,28408.11
98434,26418.47
98433,16153.3
98432,17217.67
98431,22346.89
98430,19234.38
98429,39664.41
98428,27038.5
98427,12848.74
98426,12378.91
98425,17750.58
98424,11984.65
98423,23195.29
98422,36361.45
98421,22722.75
98420,16259.12
98419,19659.43
98418,20179.06
98417,23131.23
98416,25187.7
98415,38389.08
98414,23693.07
98413,17704.96
98412,17002.46
98411,23458.67
98410,34922.92
98409,45494.24
98408,57826.13
98407,45113.38
98406,36838.9
98405,22873.23
98404,25094.3
98403,19622.85
98402,31732.34
98401,43243.35
98400,37236.08
98399,15802.05
98398,15770.1
98397,21499.42
98396,17652.76
98395,22761.5
98394,36309.89
98393,27140.72
98392,22078.26
98391,19874.3
98390,17709.8
98389,34433.19
98388,40543.12
98387,59998.16
98386,54630.69
98385,29021.7
98384,33346.81
98383,52281.59
98382,22234.37
98381,24121.24
98380,46341.46
98379,38113.47
98378,15373.15
98377,21376.05
98376,32489.82
98375,27750.46
98374,34786.15
98373,50457.78
98372,54150.94
98371,23169.1
98370,34428.56
98369,39085.89
98368,30300.72
98367,42029.03
98366,54148.64
98365,-56.91
98364,20567.72
98363,17667.62
98362,20264.76
98361,21596.93
98360,29578.02
98359,39119.99
98358,33085.42
98357,692.26
98356,16293.56
98355,29946.18
98354,23854.4
98353,30459.31
98352,50684.01
98351,44064.41
98350,15493.85
98349,18010.29
98348,18729.08
98347,21850.18
98346,26361.42
98345,40094.52
98344,36921.25
98343,17239.1
98342,16921.47
98341,21128.58
98340,36260.37
98339,42897.24
98338,51683.15
98337,41827.67
98336,21721.88
98335,22190.38
98334,28445.68
98333,26577.11
98332,820.15
98331,59161.47
98330,43068.13
98329,21118.47
98328,28980.26
98327,23217.58
98326,35839.85
98325,42533.5
98324,61897.23
98323,42693.77
98322,17120.37
98321,19904.49
98320,22025.77
98319,20486.09
98318,40904.44
98317,48714.42
98316,49876.64
98315,26147.08
98314,31394.51
98313,36620.8
98312,27870.34
98311,41003.46
98310,50033.88
98309,56390.09
98308,22612.61
98307,21611.97
98306,22886.31
98305,212.64
98304,38269.98
98303,45114.89
98302,39979.9
98301,55014.33
98300,18563.67
98299,22873.16
98298,25392.09
98297,31463.21
98296,44977.96
98295,42099.2
98294,21333.26
98293,39441.13
98292,39731.93
98291,32739.04
98290,38467.18
98289,51867.56
98288,45794.07
98287,22174.38
98286,30969.21
98285,31964.34
98284,34723.42
98283,43830.34
98282,62459.31
98281,51852.05
98280,20190.08
98279,23658.96
98278,24062.61
98277,27734.08
98276,36812.81
98275,34464.03
98274,46894.59
98273,19283.61
98272,21732.27
98271,22810.7
98270,27321.62
98269,28970.53
98268,37125.26
98267,34122.65
98266,28127.98
