148077,27405.67
148076,44148.5
148075,27799.68
148074,11731.12
148073,9627.34
148072,6976.36
148071,14145.17
148070,708.8
148069,32114.23
148068,10648.68
148067,8272.23
148066,5151.24
148065,7971.2
148064,17586.65
148063,21154.42
148062,32828.84
148061,18955.35
148060,18359.94
148059,13830.81
148058,9916.76
148057,15444.69
148056,18442.92
148055,34761.71
148054,22873.79
148053,12031.75
148052,10243.29
148051,12873.98
148050,10335.28
148049,22208.73
148048,34737.13
148047,23541.74
148046,14042.56
148045,13436.86
148044,15580.5
148043,16449.88
148042,22474.68
148041,47801.41
148040,17889.33
148039,6486.76
148038,8882.24
148037,14166.08
148036,32208.11
148035,41220.37
148034,62214.13
148033,31354.15
148032,19705.77
148031,19086.74
148030,21438.4
148029,16651.54
148028,33003.73
148027,48847.22
148026,29537.88
148025,12478.57
148024,14150.75
148023,14212.7
148022,12197.34
148021,19290.85
148020,48002.81
148019,25362.32
148018,13485.26
148017,12295.89
148016,15173.88
148015,25948.9
148014,40834.22
148013,67047.89
148012,46000.38
148011,20470.09
148010,27454.77
148009,34603.68
148008,17850.81
148007,31161.16
148006,59049.36
148005,32155.57
148004,13648.69
148003,14487.74
148002,26556.38
148001,26630.04
148000,37080.82
147999,58200.28
147998,33266.41
147997,24027.02
147996,29118.2
147995,27870.59
147994,30491.16
147993,51882.86
147992,61163.89
147991,16792.3
147990,16123.18
147989,14050.19
147988,21055.9
147987,30462.97
147986,39060.25
147985,24202.7
147984,559.43
147983,11901.09
147982,21926.64
147981,21189.63
147980,32975.77
147979,53233.41
147978,33213.71
147977,11229.48
147976,465.53
147975,454.68
147974,239.46
147973,25723.52
147972,34837.25
147971,27755.46
147970,862.72
147969,15852.55
147968,17669.18
147967,30791.71
147966,40346.46
147965,57021.25
147964,33640.32
147963,21534.9
147962,22852.6
147961,24606.67
147960,17866.56
147959,34907.41
147958,51062.33
147957,27403.93
147956,15466.15
147955,17656.28
147954,17786.43
147953,24712.97
147952,36642.42
147951,51742.07
147950,32627.45
147949,12309.45
147948,16764.27
147947,15146.11
147946,19271.8
147945,34872.82
147944,54363.04
147943,33230.21
147942,20864.7
147941,17682.46
147940,23936.32
147939,21506.0
147938,32236.02
147937,46307.43
147936,28190.46
147935,16957.94
147934,17546.22
147933,17274.08
147932,24653.74
147931,41007.32
147930,42129.28
147929,30544.4
147928,35162.68
147927,19464.38
147926,20332.75
147925,21998.75
147924,31974.46
147923,40955.44
147922,27493.67
147921,16953.01
147920,30068.18
147919,26856.15
147918,27497.66
147917,39672.3
147916,44148.95
147915,30540.16
147914,22096.24
147913,24828.64
147912,26431.03
147911,27570.07
147910,42820.11
147909,43590.69
147908,29776.42
147907,14147.99
147906,20020.55
147905,15162.58
147904,18670.12
147903,29685.3
147902,31390.6
147901,27135.2
147900,17010.29
147899,12949.96
147898,17481.18
147897,19795.83
147896,26413.95
147895,29463.2
147894,26542.76
147893,23571.2
