104182,23882.99
104181,39193.54
104180,36459.57
104179,12873.71
104178,9864.48
104177,12442.81
104176,17156.59
104175,770.94
104174,29552.95
104173,26786.99
104172,9765.9
104171,14363.23
104170,11582.7
104169,24366.13
104168,25651.19
104167,32999.0
104166,23931.84
104165,29672.39
104164,18294.77
104163,19558.83
104162,16722.12
104161,18169.17
104160,31092.47
104159,29637.41
104158,10973.09
104157,10774.43
104156,14174.55
104155,12276.21
104154,22326.76
104153,32746.41
104152,21864.85
104151,17481.98
104150,15681.12
104149,17793.41
104148,18945.36
104147,23156.3
104146,31309.25
104145,21312.4
104144,14885.31
104143,15595.34
104142,19550.19
104141,32840.36
104140,33697.91
104139,52107.55
104138,34999.56
104137,31092.56
104136,20263.47
104135,20763.43
104134,16560.1
104133,24261.13
104132,37132.8
104131,34409.5
104130,17910.33
104129,11887.91
104128,17127.87
104127,13278.74
104126,22961.46
104125,38466.33
104124,22632.69
104123,20643.13
104122,16491.64
104121,16140.36
104120,37710.72
104119,36414.35
104118,47276.66
104117,42112.16
104116,27859.45
104115,33202.69
104114,45566.41
104113,19970.66
104112,24163.43
104111,42276.88
104110,37172.61
104109,13775.95
104108,15991.98
104107,28734.65
104106,25704.36
104105,31145.2
104104,48445.49
104103,47166.75
104102,26864.21
104101,33083.97
104100,36581.5
104099,28420.95
104098,39743.17
104097,51470.76
104096,19565.08
104095,15672.57
104094,17123.85
104093,20055.18
104092,24377.64
104091,31353.82
104090,28395.03
104089,14372.75
104088,15482.58
104087,26938.77
104086,21156.71
104085,24698.03
104084,45429.35
104083,46583.32
104082,1034.37
104081,13246.54
104080,16229.07
104079,20731.78
104078,22169.09
104077,32126.13
104076,30031.47
104075,12631.36
104074,15510.84
104073,19859.29
104072,35720.04
104071,36775.9
104070,49660.21
104069,39576.93
104068,19588.79
104067,26688.96
104066,27829.32
104065,23828.27
104064,1770.87
104063,52723.56
104062,35450.07
104061,20065.23
104060,21807.11
104059,19576.29
104058,30942.28
104057,30875.92
104056,53784.94
104055,35251.22
104054,15384.79
104053,18037.48
104052,18686.56
104051,15056.13
104050,39101.71
104049,44794.67
104048,43593.95
104047,25293.38
104046,27838.15
104045,27356.29
104044,28836.79
104043,32196.95
104042,44708.44
104041,40470.66
104040,14400.14
104039,14941.11
104038,18880.56
104037,236.66
104036,35040.44
104035,43975.25
104034,39262.78
104033,46897.48
104032,13296.18
104031,17891.18
104030,26235.28
104029,31292.08
104028,39863.67
104027,37847.62
104026,22228.71
104025,40461.19
104024,36765.66
104023,31069.03
104022,34895.33
104021,50873.91
104020,46131.58
104019,30917.6
104018,29736.59
104017,23320.56
104016,30506.83
104015,40475.17
104014,52220.98
104013,43999.44
104012,16109.66
104011,22156.5
104010,20962.37
104009,28517.41
104008,34633.68
104007,34402.34
104006,44406.88
104005,17708.76
104004,13731.6
104003,22740.6
104002,25386.85
104001,28981.94
104000,36493.19
103999,31945.96
103998,21788.57
