115509,25652.87
115508,23692.6
115507,18429.98
115506,8713.18
115505,7023.45
115504,8072.12
115503,7343.7
115502,911.82
115501,22065.24
115500,13612.04
115499,9636.0
115498,7203.59
115497,6868.61
115496,15847.71
115495,16009.62
115494,27583.87
115493,18923.01
115492,17383.2
115491,12556.42
115490,9167.4
115489,8063.83
115488,3650.01
115487,22893.69
115486,16412.89
115485,5318.58
115484,8318.06
115483,8258.51
115482,11012.78
115481,13142.73
115480,29166.86
115479,11716.5
115478,10479.62
115477,9785.11
115476,8507.98
115475,13275.47
115474,15927.77
115473,25214.19
115472,10598.66
115471,7969.86
115470,8738.72
115469,14208.39
115468,18809.43
115467,26737.8
115466,51756.6
115465,21742.23
115464,18932.81
115463,11567.44
115462,18143.01
115461,11352.42
115460,19755.44
115459,32282.12
115458,20564.38
115457,10585.71
115456,9635.56
115455,5411.4
115454,12725.0
115453,13437.13
115452,28665.78
115451,16027.45
115450,12115.47
115449,9710.96
115448,12572.12
115447,23526.61
115446,25394.34
115445,42354.95
115444,28953.05
115443,17583.09
115442,18177.48
115441,22207.87
115440,18216.46
115439,20152.57
115438,37111.12
115437,21894.46
115436,13491.73
115435,14236.92
115434,22757.62
115433,18207.81
115432,22900.95
115431,37648.11
115430,24074.5
115429,15536.92
115428,20807.48
115427,25442.39
115426,23299.43
115425,32868.87
115424,38889.06
115423,7706.86
115422,10539.84
115421,7170.05
115420,14377.1
115419,16581.58
115418,26588.75
115417,18479.71
115416,574.78
115415,12675.59
115414,19652.17
115413,21441.2
115412,24316.72
115411,36725.99
115410,26976.58
115409,7343.31
115408,13080.47
115407,11767.23
115406,11242.4
115405,12511.21
115404,27126.55
115403,17346.21
115402,7853.33
115401,9775.74
115400,10813.3
115399,20693.05
115398,24719.24
115397,34770.14
115396,22019.81
115395,15454.91
115394,16558.96
115393,15732.94
115392,18839.08
115391,1184.44
115390,48832.92
115389,23355.83
115388,14888.43
115387,15033.64
115386,14701.67
115385,22866.92
115384,25518.75
115383,39422.12
115382,22124.69
115381,10928.3
115380,13151.97
115379,14048.1
115378,11843.27
115377,28266.96
115376,36892.72
115375,24177.55
115374,16105.17
115373,19160.59
115372,19041.21
115371,17690.2
115370,24756.93
115369,36319.91
115368,24271.97
115367,13640.24
115366,14668.87
115365,15683.64
115364,275.4
115363,27099.46
115362,32869.55
115361,20876.52
115360,29833.94
115359,11885.72
115358,9599.36
115357,14865.44
115356,18114.5
115355,27566.09
115354,19651.38
115353,13743.35
115352,28270.18
115351,21855.06
115350,20101.31
115349,24099.55
115348,35551.7
115347,23831.74
115346,17497.05
115345,19161.61
115344,19624.24
115343,26283.56
115342,33054.49
115341,43030.29
115340,23898.2
115339,11891.15
115338,13579.37
115337,16838.25
115336,14238.72
115335,17534.31
115334,23200.24
115333,16966.39
115332,10362.68
115331,8434.5
115330,13791.65
115329,18268.47
115328,19824.33
115327,23152.31
115326,18529.25
115325,14557.4
