65668,33980.92
65667,73420.29
65666,61092.72
65665,14488.44
65664,22794.23
65663,20264.64
65662,20819.16
65661,2278.37
65660,41375.31
65659,31236.3
65658,17318.13
65657,16821.07
65656,19451.79
65655,36099.2
65654,43260.21
65653,63319.34
65652,54452.39
65651,51492.13
65650,33957.52
65649,33062.65
65648,38435.95
65647,41129.19
65646,898.87
65645,19938.56
65644,17218.28
65643,19809.68
65642,24832.58
65641,20926.48
65640,38312.71
65639,60968.7
65638,46321.17
65637,21995.12
65636,20987.33
65635,24354.35
65634,28069.67
65633,13362.92
65632,56291.68
65631,40083.09
65630,19565.33
65629,26091.54
65628,29469.4
65627,64865.93
65626,68818.0
65625,96226.26
65624,55645.08
65623,52028.68
65622,33615.57
65621,45931.38
65620,31283.39
65619,45207.01
65618,65255.55
65617,58356.75
65616,18375.93
65615,19966.04
65614,21452.25
65613,20930.05
65612,34624.06
65611,61531.23
65610,43843.79
65609,33719.21
65608,32604.67
65607,20100.3
65606,70189.95
65605,60143.03
65604,111210.48
65603,100628.07
65602,57303.0
65601,67342.68
65600,88192.47
65599,46518.07
65598,52694.81
65597,80311.08
65596,68371.75
65595,24473.66
65594,29458.99
65593,63240.41
65592,48680.39
65591,68414.45
65590,100704.46
65589,81792.22
65588,49842.11
65587,54681.71
65586,71462.24
65585,53558.58
65584,79117.56
65583,118593.59
65582,28584.32
65581,27852.61
65580,32888.45
65579,32274.73
65578,39120.32
65577,66990.4
65576,55266.31
65575,132.11
65574,26956.12
65573,33251.81
65572,57212.57
65571,57769.81
65570,87078.21
65569,87713.35
65568,27163.98
65567,25596.19
65566,33773.59
65565,35786.53
65564,44334.43
65563,65511.56
65562,64384.73
65561,38782.46
65560,35513.15
65559,40619.17
65558,75326.98
65557,85403.18
65556,124676.74
65555,87011.76
65554,55773.54
65553,56781.51
65552,66864.64
65551,55207.61
65550,5.0
65549,105070.86
65548,62986.77
65547,31486.22
65546,34772.66
65545,41542.02
65544,68210.76
65543,75481.19
65542,125750.88
65541,58646.29
65540,31035.27
65539,33295.38
65538,31732.92
65537,41073.46
65536,74679.18
65535,100139.25
65534,88688.21
65533,53197.71
65532,57451.93
65531,65133.69
65530,57060.15
65529,58111.4
65528,98897.47
65527,105218.68
65526,37804.55
65525,33393.22
65524,35118.72
65523,79728.9
65522,100992.5
65521,76911.69
65520,124479.34
65519,38243.01
65518,39757.45
65517,51221.21
65516,57253.32
65515,76472.21
65514,75482.07
65513,38030.59
65512,79177.88
65511,66260.85
65510,67828.99
65509,65599.41
65508,110590.98
65507,88746.16
65506,52293.96
65505,56408.69
65504,60582.35
65503,82952.0
65502,98787.87
65501,116962.15
65500,80434.47
65499,40254.72
65498,45885.15
65497,45717.6
65496,55928.51
65495,67323.35
65494,67489.3
65493,73464.48
65492,38559.57
65491,33656.79
65490,46781.61
65489,46149.55
65488,49228.59
65487,70420.71
65486,54860.39
65485,44783.63
