71786,13620.31
71785,26280.35
71784,26528.47
71783,10259.24
71782,7544.99
71781,10762.72
71780,8902.43
71779,315.83
71778,16734.53
71777,17272.85
71776,8287.42
71775,8373.07
71774,9682.22
71773,13285.78
71772,15520.74
71771,25106.78
71770,20614.56
71769,15002.64
71768,13578.62
71767,11912.76
71766,10319.12
71765,6970.56
71764,20598.31
71763,21799.13
71762,8560.58
71761,8032.17
71760,8713.66
71759,7626.31
71758,14129.36
71757,30109.16
71756,15087.26
71755,9048.82
71754,9640.14
71753,11253.94
71752,12373.8
71751,15913.79
71750,28676.57
71749,20099.91
71748,10093.27
71747,8900.71
71746,12257.36
71745,22590.7
71744,29962.01
71743,50308.1
71742,34782.79
71741,24536.36
71740,15048.85
71739,17440.83
71738,13913.04
71737,19688.81
71736,33733.73
71735,24507.72
71734,10173.56
71733,9241.6
71732,11375.59
71731,10465.42
71730,17540.19
71729,28865.53
71728,18981.73
71727,14791.28
71726,11185.03
71725,10763.67
71724,18704.73
71723,26653.13
71722,45638.61
71721,34284.4
71720,20749.71
71719,23050.68
71718,31946.18
71717,15766.64
71716,22218.52
71715,44335.76
71714,36625.95
71713,15966.55
71712,14923.19
71711,23853.46
71710,22087.84
71709,26091.37
71708,45464.25
71707,35889.68
71706,17385.28
71705,15928.57
71704,24470.43
71703,17596.88
71702,30895.63
71701,52565.27
71700,15071.66
71699,18030.75
71698,13805.69
71697,15636.71
71696,22123.29
71695,33030.8
71694,24452.15
71693,37.38
71692,11312.22
71691,15992.7
71690,17710.24
71689,25565.88
71688,37944.14
71687,28670.34
71686,9638.67
71685,10083.62
71684,14107.39
71683,12374.79
71682,17972.69
71681,33519.25
71680,25788.33
71679,14648.62
71678,10831.63
71677,12146.21
71676,20249.6
71675,24378.31
71674,41991.48
71673,28542.29
71672,19909.5
71671,16329.09
71670,17591.12
71669,19768.29
71668,11.99
71667,42479.08
71666,29033.09
71665,17387.45
71664,18327.64
71663,17964.89
71662,22911.78
71661,30457.75
71660,54451.54
71659,41104.46
71658,13768.33
71657,16289.63
71656,13258.88
71655,14238.11
71654,29439.0
71653,44268.86
71652,33287.52
71651,19570.99
71650,21472.2
71649,21035.27
71648,19203.52
71647,26279.4
71646,44470.91
71645,40551.28
71644,20450.46
71643,16655.58
71642,17529.86
71641,95.95
71640,25780.35
71639,34209.07
71638,29741.32
71637,33027.39
71636,11645.36
71635,13637.97
71634,17213.57
71633,19073.83
71632,31609.05
71631,25933.77
71630,13615.65
71629,17940.87
71628,21099.9
71627,19912.75
71626,24259.7
71625,39367.65
71624,30841.97
71623,17983.01
71622,17903.86
71621,19115.0
71620,23588.03
71619,27925.01
71618,45785.49
71617,42425.7
71616,11158.45
71615,13202.28
71614,13436.6
71613,16705.75
71612,26242.29
71611,29379.64
71610,36097.44
71609,11353.43
71608,11444.52
71607,14735.92
71606,18826.15
71605,22297.64
71604,31366.45
71603,23376.23
71602,24430.73
