12643,37964.3
12642,55131.42
12641,49857.67
12640,15319.68
12639,15239.94
12638,15291.74
12637,18676.87
12636,425.25
12635,37354.01
12634,22751.21
12633,13542.26
12632,12764.19
12631,15692.18
12630,36129.52
12629,39010.19
12628,68614.69
12627,41534.79
12626,30934.22
12625,22683.61
12624,32029.34
12623,26153.78
12622,33440.16
12621,62077.25
12620,51860.94
12619,14021.93
12618,13645.22
12617,18445.96
12616,16791.54
12615,37614.12
12614,57498.18
12613,33394.31
12612,16282.59
12611,8034.21
12610,17683.11
12609,28107.89
12608,30748.92
12607,50917.8
12606,33218.57
12605,16763.06
12604,20303.02
12603,22839.75
12602,72805.58
12601,78881.09
12600,114073.77
12599,72776.53
12598,44319.19
12597,40023.5
12596,44916.76
12595,31980.44
12594,52165.53
12593,87732.13
12592,67237.5
12591,21593.66
12590,20139.77
12589,21747.15
12588,22391.11
12587,37671.05
12586,60908.23
12585,41550.48
12584,34052.53
12583,15893.83
12582,22412.27
12581,64758.7
12580,64846.16
12579,102754.74
12578,88666.53
12577,49496.75
12576,60943.27
12575,83040.44
12574,27386.76
12573,41664.79
12572,62243.32
12571,59520.97
12570,17834.27
12569,19508.78
12568,41686.77
12567,46745.87
12566,55134.42
12565,91004.56
12564,78271.14
12563,42093.24
12562,50359.47
12561,37185.9
12560,27830.53
12559,65663.78
12558,80096.37
12557,28411.63
12556,25135.57
12555,21431.12
12554,27051.49
12553,34797.68
12552,49579.92
12551,43612.08
12550,17747.29
12549,14825.83
12548,34955.55
12547,34058.22
12546,38296.03
12545,74019.11
12544,64892.74
12543,2966.06
12542,22868.34
12541,21153.87
12540,27467.2
12539,41543.45
12538,48560.14
12537,54566.85
12536,29737.89
12535,21775.43
12534,22376.04
12533,73649.18
12532,77775.13
12531,97785.25
12530,81168.09
12529,44749.04
12528,44475.31
12527,41243.85
12526,48038.24
12525,2706.53
12524,82039.83
12523,44408.22
12522,23865.68
12521,25658.7
12520,35844.46
12519,44053.44
12518,56789.14
12517,82939.17
12516,57042.3
12515,18826.45
12514,20537.71
12513,22816.59
12512,25959.66
12511,62981.57
12510,76798.8
12509,62869.63
12508,41177.66
12507,39575.57
12506,44582.67
12505,45811.96
12504,58433.8
12503,69618.32
12502,77981.8
12501,28443.24
12500,32458.56
12499,32404.92
12498,1059.38
12497,57473.28
12496,60646.15
12495,55062.08
12494,57373.19
12493,25031.28
12492,27410.51
12491,31262.08
12490,41284.11
12489,54492.74
12488,46788.79
12487,22439.08
12486,65770.45
12485,53774.39
12484,52808.58
12483,63416.52
12482,81024.26
12481,65280.8
12480,42335.3
12479,46636.43
12478,42338.44
12477,56801.41
12476,65662.32
12475,69689.52
12474,56560.41
12473,24916.55
12472,24734.36
12471,25868.7
12470,36594.74
12469,50751.87
12468,48501.59
12467,56501.49
12466,21919.07
12465,21026.51
12464,25087.34
12463,33282.04
12462,35676.39
12461,34234.22
12460,27444.89
12459,23494.8
