15336,58891.78
15335,81160.0
15334,53123.44
15333,15723.88
15332,19992.67
15331,20568.32
15330,21631.55
15329,778.87
15328,44420.49
15327,24508.41
15326,13766.25
15325,10809.69
15324,14172.67
15323,30952.48
15322,37020.91
15321,62631.69
15320,34589.84
15319,33208.06
15318,22359.37
15317,21606.9
15316,25153.18
15315,27463.27
15314,65143.09
15313,46798.76
15312,15902.61
15311,15137.62
15310,18637.69
15309,17864.08
15308,42294.78
15307,64892.33
15306,39563.05
15305,22087.19
15304,20702.95
15303,27046.08
15302,28101.74
15301,40840.27
15300,70615.55
15299,38864.29
15298,21474.49
15297,21414.91
15296,30671.57
15295,55860.74
15294,74389.24
15293,124167.1
15292,50515.38
15291,47918.19
15290,33779.07
15289,40652.52
15288,29010.4
15287,53708.44
15286,91699.24
15285,58087.84
15284,26876.4
15283,24107.46
15282,20542.48
15281,22645.61
15280,47181.82
15279,82439.13
15278,46044.85
15277,40251.21
15276,22638.1
15275,29667.7
15274,54799.66
15273,79483.1
15272,126008.59
15271,94050.8
15270,51861.56
15269,56621.86
15268,75699.21
15267,40633.42
15266,60029.42
15265,107484.05
15264,82298.8
15263,29879.24
15262,35813.25
15261,63483.57
15260,49723.71
15259,78079.18
15258,115459.19
15257,80300.2
15256,58652.96
15255,56857.77
15254,65573.49
15253,54923.12
15252,87032.3
15251,112125.98
15250,33924.5
15249,30822.38
15248,29367.91
15247,34501.98
15246,49598.85
15245,70765.23
15244,52308.42
15243,871.13
15242,22971.56
15241,38110.84
15240,41532.83
15239,51805.83
15238,99234.51
15237,62916.32
15236,21585.96
15235,22495.52
15234,28300.37
15233,28235.9
15232,45442.94
15231,67933.51
15230,53011.14
15229,33116.49
15228,32211.69
15227,29703.52
15226,56808.0
15225,75874.53
15224,97325.89
15223,68825.59
15222,45530.3
15221,40228.85
15220,49241.48
15219,46365.68
15218,2017.72
15217,115786.61
15216,66109.67
15215,33517.59
15214,39419.96
15213,37473.37
15212,49120.65
15211,67378.63
15210,104467.3
15209,68702.19
15208,28342.61
15207,30643.9
15206,29444.49
15205,32453.35
15204,69523.04
15203,93948.69
15202,67212.62
15201,38933.46
15200,45437.66
15199,52253.22
15198,41331.21
15197,61879.64
15196,91776.58
15195,78857.34
15194,34712.05
15193,37095.3
15192,38322.66
15191,1024.5
15190,75747.2
15189,91679.69
15188,53174.13
15187,81542.02
15186,39438.75
15185,38860.61
15184,46022.62
15183,56989.73
15182,77385.55
15181,62537.59
15180,35774.01
15179,58737.8
15178,58387.96
15177,51869.37
15176,69862.55
15175,90404.82
15174,66787.86
15173,50551.31
15172,42360.89
15171,49321.99
15170,64831.67
15169,73225.36
15168,85993.19
15167,63453.88
15166,32368.05
15165,34300.69
15164,31320.3
15163,42439.26
15162,65124.21
15161,62000.32
15160,71614.34
15159,35390.57
15158,27643.6
15157,32381.87
15156,39303.74
15155,48231.39
15154,53799.48
15153,42039.83
15152,46660.32
