85425,29501.67
85424,48137.44
85423,41931.37
85422,10881.26
85421,15535.19
85420,12025.13
85419,17574.57
85418,865.66
85417,39863.89
85416,24969.84
85415,11784.02
85414,12035.42
85413,13651.48
85412,23096.96
85411,23525.65
85410,42613.53
85409,30786.98
85408,31365.41
85407,14406.87
85406,8897.55
85405,17762.31
85404,579.72
85403,8373.01
85402,20309.1
85401,14554.16
85400,13646.97
85399,15635.85
85398,16735.85
85397,27336.39
85396,45042.29
85395,24584.29
85394,14995.35
85393,11237.41
85392,19673.62
85391,19689.51
85390,24964.1
85389,43209.77
85388,24077.22
85387,12545.43
85386,13244.59
85385,20662.69
85384,38206.16
85383,46114.76
85382,80470.77
85381,37094.0
85380,23488.68
85379,20190.91
85378,23276.36
85377,18532.06
85376,33987.57
85375,53976.88
85374,35537.7
85373,14475.64
85372,14157.27
85371,17113.17
85370,16968.34
85369,26843.98
85368,47022.6
85367,30603.98
85366,19297.37
85365,15011.93
85364,19363.16
85363,36644.12
85362,45352.8
85361,73463.33
85360,51963.59
85359,30498.34
85358,38985.69
85357,50331.52
85356,29445.16
85355,35546.06
85354,62786.52
85353,55986.0
85352,18724.63
85351,24705.64
85350,37421.55
85349,33471.14
85348,43663.33
85347,62819.56
85346,37784.59
85345,29246.14
85344,32787.14
85343,35385.71
85342,30168.25
85341,60035.49
85340,76385.01
85339,24550.31
85338,19556.74
85337,21554.69
85336,21972.34
85335,30281.13
85334,47934.09
85333,33859.41
85332,17879.09
85331,17825.51
85330,30518.28
85329,25759.45
85328,38288.83
85327,59292.34
85326,38560.55
85325,758.48
85324,18400.21
85323,20197.76
85322,24226.94
85321,28095.7
85320,41978.78
85319,31360.33
85318,18835.94
85317,19132.36
85316,22011.42
85315,36348.07
85314,43223.38
85313,64169.5
85312,44484.85
85311,26111.02
85310,29970.61
85309,29552.84
85308,35724.72
85307,1091.42
85306,76867.96
85305,43527.69
85304,26263.05
85303,26158.05
85302,24323.42
85301,36536.13
85300,47023.89
85299,70786.25
85298,42179.69
85297,23657.9
85296,22457.12
85295,23108.39
85294,27733.33
85293,56311.75
85292,68649.77
85291,44847.28
85290,31651.03
85289,33802.12
85288,31334.84
85287,30287.84
85286,38018.97
85285,62948.65
85284,51141.07
85283,21074.55
85282,23389.3
85281,18939.95
85280,258.83
85279,43810.17
85278,56051.32
85277,35744.58
85276,47335.43
85275,22233.24
85274,19617.56
85273,29534.05
85272,30846.66
85271,46933.25
85270,38230.63
85269,21324.15
85268,39369.36
85267,34470.5
85266,30527.77
85265,42206.27
85264,56561.69
85263,36174.64
85262,24326.77
85261,28837.99
85260,29188.18
85259,39108.06
85258,46675.06
85257,61731.29
85256,43101.33
85255,22651.62
85254,20992.87
85253,23609.66
85252,26137.25
85251,39455.49
85250,36879.19
85249,44097.98
85248,18399.5
85247,18670.86
85246,19878.71
85245,29270.91
85244,31045.77
85243,37926.29
85242,30120.76
85241,29719.66
