175865,29069.47
175864,51017.17
175863,48668.88
175862,19632.87
175861,13729.01
175860,18871.24
175859,23552.7
175858,962.12
175857,30069.99
175856,28608.54
175855,15541.14
175854,15697.9
175853,18491.13
175852,24936.75
175851,27868.6
175850,38829.23
175849,29174.3
175848,27377.01
175847,20807.74
175846,23141.81
175845,19592.35
175844,23569.64
175843,38138.03
175842,31009.99
175841,18470.93
175840,13870.57
175839,16712.43
175838,17643.06
175837,30077.32
175836,38841.91
175835,22895.65
175834,20695.09
175833,20692.12
175832,26910.89
175831,26455.76
175830,27877.04
175829,35861.06
175828,24843.09
175827,20496.17
175826,21183.89
175825,26835.23
175824,46701.42
175823,59224.39
175822,64656.89
175821,44192.01
175820,40085.94
175819,25051.22
175818,31726.08
175817,20550.81
175816,39704.87
175815,44125.81
175814,43606.35
175813,22221.53
175812,21408.38
175811,21331.42
175810,18057.43
175809,34942.83
175808,43921.09
175807,32253.63
175806,35132.85
175805,23068.06
175804,22768.44
175803,46026.99
175802,54960.87
175801,51800.53
175800,55115.04
175799,30585.49
175798,40207.66
175797,54962.65
175796,29570.74
175795,29287.76
175794,50546.65
175793,43460.02
175792,21755.9
175791,21874.08
175790,40434.63
175789,42069.76
175788,45088.19
175787,52888.14
175786,45630.1
175785,33749.25
175784,35852.89
175783,45227.13
175782,40309.02
175781,49472.81
175780,64226.63
175779,-38.14
175778,22992.73
175777,19319.24
175776,24515.61
175775,25824.13
175774,30243.68
175773,40773.31
175772,33076.99
175771,1120.41
175770,18583.18
175769,36873.09
175768,38701.96
175767,42350.96
175766,57870.31
175765,48226.8
175764,20467.84
175763,23461.83
175762,25355.8
175761,26292.64
175760,30985.63
175759,39208.07
175758,34859.17
175757,19043.81
175756,19513.19
175755,21578.84
175754,41106.93
175753,52974.18
175752,46351.07
175751,42281.04
175750,21241.03
175749,27365.62
175748,28927.87
175747,29454.73
175746,971.29
175745,58695.24
175744,38025.72
175743,27094.05
175742,28317.96
175741,30340.87
175740,40789.53
175739,56811.71
175738,80601.14
175737,52557.06
175736,22421.93
175735,24548.22
175734,25673.37
175733,27634.75
175732,53315.05
175731,57017.73
175730,40789.26
175729,32864.59
175728,33119.97
175727,39899.18
175726,32869.71
175725,40299.48
175724,48385.86
175723,47264.31
175722,24879.47
175721,23198.26
175720,26901.51
175719,465.38
175718,45985.61
175717,44867.75
175716,39987.58
175715,48364.51
175714,26610.85
175713,31975.51
175712,32836.92
175711,39104.01
175710,47174.78
175709,40812.72
175708,22873.02
175707,37775.53
175706,36971.15
175705,40511.51
175704,41658.7
175703,49983.31
175702,45288.09
175701,30554.38
175700,30101.87
175699,34702.2
175698,39697.07
175697,50352.59
175696,59554.22
175695,39896.02
175694,21930.91
175693,23652.85
175692,27436.85
175691,33259.95
175690,42999.77
175689,38075.92
175688,43734.12
175687,24313.29
175686,17020.53
175685,20513.2
175684,31288.02
175683,37937.41
175682,42098.7
175681,34863.32
175680,26645.16
