28580,27849.09
28579,59377.75
28578,44853.82
28577,18298.72
28576,14661.23
28575,17426.7
28574,17349.2
28573,976.23
28572,38744.57
28571,22683.24
28570,14251.25
28569,15450.48
28568,13885.77
28567,31963.2
28566,32118.0
28565,50209.56
28564,25753.58
28563,30675.19
28562,21441.73
28561,19829.2
28560,22669.71
28559,22954.8
28558,52032.2
28557,36884.08
28556,11403.01
28555,13182.78
28554,18169.28
28553,19630.14
28552,32136.25
28551,50560.99
28550,30085.41
28549,17551.8
28548,9971.83
28547,18911.66
28546,22899.24
28545,29448.96
28544,59079.82
28543,30238.12
28542,13795.18
28541,16770.93
28540,24317.63
28539,46625.83
28538,50768.2
28537,84996.77
28536,32721.34
28535,38203.29
28534,28599.51
28533,36652.8
28532,27213.75
28531,37418.54
28530,68045.19
28529,47386.08
28528,24384.2
28527,23326.3
28526,21554.26
28525,24160.36
28524,39653.95
28523,58115.49
28522,38306.22
28521,25288.99
28520,18904.3
28519,20516.09
28518,46528.37
28517,59985.32
28516,110643.01
28515,83141.83
28514,39604.96
28513,52724.96
28512,66339.61
28511,32987.9
28510,45717.05
28509,63843.22
28508,54812.15
28507,20176.42
28506,20162.03
28505,45923.3
28504,38546.19
28503,52852.44
28502,78876.33
28501,49769.57
28500,34241.5
28499,37386.9
28498,46400.86
28497,28390.46
28496,62526.32
28495,89579.66
28494,23227.89
28493,20198.69
28492,22679.84
28491,24072.72
28490,36268.71
28489,53766.2
28488,37972.73
28487,643.74
28486,18059.31
28485,33856.83
28484,31457.3
28483,44421.34
28482,76850.89
28481,46707.13
28480,19689.88
28479,18025.26
28478,20548.78
28477,28438.59
28476,39386.07
28475,56122.85
28474,43798.43
28473,24639.88
28472,24190.26
28471,26264.62
28470,46856.93
28469,56720.81
28468,74094.17
28467,58744.66
28466,33517.51
28465,30343.81
28464,36114.28
28463,34286.82
28462,1250.98
28461,80009.5
28460,40833.45
28459,23267.63
28458,21492.02
28457,30186.91
28456,39787.68
28455,49239.47
28454,69052.4
28453,47257.28
28452,22093.37
28451,25717.09
28450,23698.37
28449,21197.04
28448,58252.66
28447,69148.51
28446,54049.9
28445,34966.02
28444,37678.28
28443,38903.06
28442,38414.72
28441,46114.11
28440,65329.93
28439,63171.6
28438,27602.15
28437,25509.37
28436,29603.69
28435,459.54
28434,54025.07
28433,67750.44
28432,49277.22
28431,47850.77
28430,28098.06
28429,26917.53
28428,34341.77
28427,43198.54
28426,53949.69
28425,43260.61
28424,29198.82
28423,54312.69
28422,47534.36
28421,49744.16
28420,58603.52
28419,78758.57
28418,62382.3
28417,43275.99
28416,42915.38
28415,45364.77
28414,48975.93
28413,60526.53
28412,62362.12
28411,49030.09
28410,22736.42
28409,27572.76
28408,25183.22
28407,32359.42
28406,38399.04
28405,42480.81
28404,47546.09
28403,23395.14
28402,24016.46
28401,25447.64
28400,34645.06
28399,34976.89
28398,42299.33
28397,29528.9
28396,22325.91
