40281,18223.18
40280,37397.65
40279,42186.12
40278,14872.42
40277,16676.03
40276,17440.32
40275,17058.61
40274,525.38
40273,32650.95
40272,27509.81
40271,14027.85
40270,15065.57
40269,13740.07
40268,28443.61
40267,28016.79
40266,40032.02
40265,32438.84
40264,32253.66
40263,24618.31
40262,30488.29
40261,34953.98
40260,33302.87
40259,61.53
40258,9608.94
40257,21745.47
40256,12922.7
40255,18390.34
40254,17255.55
40253,27523.78
40252,38722.37
40251,31694.04
40250,14004.53
40249,17583.3
40248,17343.59
40247,21077.64
40246,22413.77
40245,38994.7
40244,27025.52
40243,15752.64
40242,12218.94
40241,19953.26
40240,36496.78
40239,45886.21
40238,63485.22
40237,38929.88
40236,20952.14
40235,22601.58
40234,34256.5
40233,22018.48
40232,35412.99
40231,52806.33
40230,42929.5
40229,18602.79
40228,19806.07
40227,19135.13
40226,19474.35
40225,28242.1
40224,43598.13
40223,27949.51
40222,29334.71
40221,18983.75
40220,20235.48
40219,44669.42
40218,39210.93
40217,69427.78
40216,52842.8
40215,33355.02
40214,42702.58
40213,65833.56
40212,34722.74
40211,40228.73
40210,62408.35
40209,48586.76
40208,14997.61
40207,21309.27
40206,39190.29
40205,34002.73
40204,45635.15
40203,63871.68
40202,43797.91
40201,35443.32
40200,36732.67
40199,47727.19
40198,34924.18
40197,47699.34
40196,66156.43
40195,21530.8
40194,18906.7
40193,22370.13
40192,27436.51
40191,31366.72
40190,43937.26
40189,31348.57
40188,18377.42
40187,13812.35
40186,28046.69
40185,22847.96
40184,34458.87
40183,38171.37
40182,49353.2
40181,1955.13
40180,18536.45
40179,25253.17
40178,22809.91
40177,28145.02
40176,36435.7
40175,39927.64
40174,24988.88
40173,19066.75
40172,22345.67
40171,45168.55
40170,45072.31
40169,65498.64
40168,45912.11
40167,30582.06
40166,37171.36
40165,34727.62
40164,33190.92
40163,1935.45
40162,61441.54
40161,38328.38
40160,23643.76
40159,25921.51
40158,31058.69
40157,38871.22
40156,42975.44
40155,71029.39
40154,41190.49
40153,19147.64
40152,17353.55
40151,19854.22
40150,20782.68
40149,44885.1
40148,52956.05
40147,44334.74
40146,35218.96
40145,29858.51
40144,37014.83
40143,34377.26
40142,45325.42
40141,55347.61
40140,57052.09
40139,20671.87
40138,27785.04
40137,33302.35
40136,625.59
40135,48666.56
40134,50453.9
40133,41527.43
40132,59446.41
40131,25108.46
40130,27378.4
40129,32613.52
40128,39931.52
40127,50544.12
40126,44416.16
40125,27240.84
40124,40200.73
40123,44939.89
40122,37986.96
40121,45602.28
40120,57426.34
40119,55971.38
40118,32408.73
40117,37594.41
40116,36404.78
40115,42285.19
40114,52641.38
40113,62796.93
40112,44295.66
40111,23935.77
40110,24363.54
40109,24759.42
40108,30408.8
40107,38751.68
40106,33097.89
40105,42795.0
40104,24926.91
40103,18630.91
40102,21774.68
40101,30249.51
40100,36870.29
40099,33789.19
40098,27458.32
40097,25524.69
