41821,27947.41
41820,59731.05
41819,55633.91
41818,15003.4
41817,18997.48
41816,17570.97
41815,18327.89
41814,801.81
41813,36558.25
41812,29194.53
41811,17494.35
41810,16088.83
41809,16091.59
41808,33945.02
41807,37466.5
41806,58811.57
41805,45953.04
41804,44462.96
41803,28670.46
41802,37147.62
41801,39546.85
41800,34326.82
41799,409.63
41798,11747.55
41797,13889.95
41796,15835.17
41795,16370.36
41794,19306.56
41793,33600.65
41792,55790.29
41791,43557.84
41790,17538.51
41789,19768.15
41788,19423.88
41787,26126.93
41786,25792.03
41785,51847.91
41784,33094.78
41783,16744.83
41782,14189.06
41781,20306.1
41780,51558.73
41779,64501.98
41778,95433.73
41777,55095.55
41776,31950.26
41775,27222.41
41774,45528.34
41773,27446.6
41772,48891.93
41771,72416.41
41770,53628.36
41769,19935.62
41768,14875.24
41767,17451.45
41766,10091.96
41765,33185.34
41764,63519.78
41763,37167.81
41762,28597.94
41761,18830.33
41760,16836.89
41759,59641.67
41758,60206.27
41757,105774.62
41756,86412.34
41755,49989.44
41754,50121.33
41753,82219.78
41752,38858.23
41751,45788.11
41750,76455.69
41749,60908.93
41748,16744.76
41747,22330.31
41746,58333.02
41745,43812.33
41744,54338.88
41743,100849.21
41742,69662.12
41741,44726.95
41740,45593.75
41739,61119.38
41738,46795.2
41737,71805.37
41736,94379.77
41735,32906.23
41734,21265.04
41733,20647.82
41732,29098.26
41731,36646.49
41730,56494.89
41729,46446.83
41728,20239.06
41727,18332.62
41726,36877.39
41725,35454.02
41724,44378.04
41723,69956.39
41722,59354.64
41721,2116.53
41720,20499.71
41719,25687.64
41718,26740.71
41717,38937.97
41716,54521.75
41715,46828.24
41714,28336.92
41713,26962.41
41712,26724.76
41711,55922.56
41710,67288.91
41709,96088.83
41708,68964.26
41707,46426.11
41706,40056.58
41705,48104.18
41704,43396.25
41703,898.09
41702,94550.19
41701,50056.55
41700,25842.2
41699,30711.75
41698,36452.1
41697,53726.93
41696,57480.64
41695,110637.51
41694,50356.81
41693,21312.76
41692,24755.11
41691,26653.68
41690,22562.98
41689,61607.7
41688,80129.74
41687,72776.37
41686,44117.93
41685,42284.52
41684,50359.87
41683,39186.7
41682,58658.57
41681,84012.63
41680,84676.14
41679,26526.61
41678,27678.57
41677,42015.93
41676,1073.17
41675,61864.54
41674,79080.26
41673,60462.79
41672,85629.8
41671,31366.41
41670,31836.65
41669,40303.45
41668,50652.41
41667,68483.38
41666,62527.14
41665,26952.91
41664,57993.31
41663,54882.36
41662,52700.86
41661,59462.06
41660,89246.1
41659,69910.36
41658,49234.61
41657,52936.86
41656,51109.2
41655,54953.61
41654,78739.34
41653,87341.34
41652,63406.92
41651,26273.0
41650,27500.24
41649,33279.59
41648,35419.64
41647,48832.82
41646,54879.47
41645,60640.5
41644,23602.59
41643,22481.47
41642,31154.6
41641,34727.56
41640,43537.54
41639,43374.12
41638,38089.63
41637,28841.27
