128147,24994.12
128146,37414.85
128145,42128.9
128144,13698.57
128143,14859.38
128142,12094.73
128141,18271.5
128140,424.04
128139,28099.33
128138,25363.77
128137,13010.37
128136,13933.98
128135,14113.23
128134,18277.63
128133,24564.43
128132,31245.37
128131,23250.42
128130,24539.59
128129,14676.71
128128,17278.53
128127,16522.13
128126,16866.19
128125,35590.35
128124,26843.64
128123,13764.3
128122,10519.58
128121,12721.06
128120,13637.18
128119,21069.2
128118,33417.39
128117,24023.34
128116,18242.36
128115,14646.12
128114,18162.64
128113,18826.45
128112,26903.24
128111,34980.21
128110,21289.87
128109,17871.17
128108,14762.31
128107,26547.96
128106,34531.32
128105,38267.5
128104,56151.12
128103,38997.39
128102,33104.81
128101,21317.6
128100,18891.47
128099,16135.3
128098,27438.28
128097,41731.07
128096,32751.67
128095,15314.22
128094,17597.96
128093,20620.29
128092,16624.36
128091,26336.66
128090,40570.88
128089,25091.17
128088,23223.6
128087,17332.97
128086,20032.35
128085,27285.29
128084,33214.38
128083,45455.09
128082,43448.53
128081,26246.5
128080,28113.89
128079,34292.92
128078,23662.58
128077,31633.96
128076,45522.56
128075,33689.78
128074,17092.79
128073,24271.85
128072,30790.74
128071,24863.3
128070,34888.83
128069,50098.99
128068,39714.63
128067,23770.37
128066,29390.24
128065,33565.53
128064,28307.41
128063,40214.97
128062,58916.75
128061,21237.19
128060,22319.11
128059,18501.04
128058,24381.68
128057,33936.6
128056,37419.29
128055,32400.93
128054,806.59
128053,16214.85
128052,30174.39
128051,28233.27
128050,37555.43
128049,46676.85
128048,48877.4
128047,20689.26
128046,15950.58
128045,16694.27
128044,21531.03
128043,26624.11
128042,38899.92
128041,34760.91
128040,19342.97
128039,20606.28
128038,18653.08
128037,29884.17
128036,36461.81
128035,48597.98
128034,36405.42
128033,23263.77
128032,23014.71
128031,24249.64
128030,25756.8
128029,864.05
128028,46922.42
128027,39460.04
128026,21617.29
128025,25675.99
128024,25740.86
128023,29234.69
128022,43815.23
128021,62467.37
128020,42583.04
128019,20131.75
128018,21123.3
128017,18858.0
128016,22880.74
128015,38168.43
128014,43862.71
128013,29402.42
128012,21488.13
128011,24738.16
128010,24351.21
128009,24983.2
128008,31561.78
128007,48560.46
128006,39362.16
128005,21498.14
128004,19676.77
128003,22707.92
128002,215.1
128001,35670.67
128000,40855.59
127999,33306.43
127998,41084.37
127997,22676.81
127996,25640.54
127995,28148.68
127994,33876.34
127993,43329.81
127992,39424.64
127991,27037.15
127990,39167.47
127989,32938.0
127988,29636.44
127987,37008.49
127986,45802.88
127985,42134.99
127984,20533.7
127983,22387.4
127982,28648.74
127981,26092.33
127980,41522.12
127979,55819.52
127978,41640.95
127977,20568.42
127976,22268.74
127975,19246.18
127974,25604.09
127973,34407.23
127972,32281.91
127971,34719.18
127970,16010.52
127969,15557.11
127968,21146.58
127967,25229.44
127966,28626.63
127965,41216.81
127964,32282.0
127963,23867.18
