145968,37566.4
145967,55402.34
145966,59579.76
145965,27594.21
145964,31167.87
145963,27410.51
145962,27262.15
145961,813.63
145960,34153.81
145959,36672.35
145958,24516.53
145957,27535.16
145956,29404.47
145955,42950.42
145954,32620.52
145953,50067.94
145952,45526.8
145951,54922.6
145950,40077.45
145949,38693.3
145948,29549.5
145947,29193.85
145946,62554.43
145945,49208.54
145944,26120.1
145943,19992.95
145942,22689.47
145941,27840.51
145940,42981.72
145939,54385.85
145938,43563.9
145937,25154.64
145936,30358.82
145935,31480.37
145934,31890.04
145933,42028.14
145932,53626.22
145931,50486.4
145930,35958.68
145929,36100.6
145928,41407.71
145927,68807.97
145926,71440.62
145925,101363.96
145924,74817.59
145923,56070.53
145922,39619.06
145921,48170.61
145920,34459.79
145919,48788.16
145918,63709.73
145917,54110.93
145916,26144.65
145915,31624.4
145914,28217.69
145913,35961.02
145912,41312.17
145911,57108.73
145910,46837.26
145909,36548.86
145908,34160.76
145907,29528.09
145906,65930.74
145905,64010.94
145904,77047.49
145903,68027.86
145902,55054.0
145901,55077.34
145900,65363.51
145899,46502.05
145898,50173.54
145897,67142.99
145896,60247.2
145895,32371.32
145894,29103.14
145893,50584.52
145892,53489.75
145891,51463.21
145890,84770.41
145889,68841.31
145888,48854.49
145887,48011.59
145886,53337.59
145885,52994.76
145884,65195.16
145883,91883.17
145882,-9.09
145881,37533.31
145880,32756.0
145879,33122.97
145878,42171.89
145877,43389.05
145876,57557.63
145875,50573.72
145874,29055.34
145873,30104.04
145872,53101.36
145871,51355.03
145870,62189.64
145869,79109.42
145868,77065.32
145867,1651.74
145866,29767.89
145865,29130.01
145864,34061.08
145863,42778.94
145862,55221.04
145861,50492.39
145860,28642.73
145859,24686.31
145858,25538.96
145857,52432.67
145856,50144.98
145855,73427.56
145854,58851.03
145853,37749.61
145852,37433.17
145851,42868.11
145850,39759.27
145849,1147.93
145848,75510.08
145847,52576.92
145846,35411.25
145845,36182.4
145844,33786.24
145843,52383.93
145842,68191.61
145841,99588.38
145840,63900.14
145839,23668.83
145838,26346.48
145837,26994.83
145836,28264.67
145835,57025.93
145834,75880.07
145833,59385.51
145832,36684.06
145831,32382.82
145830,39754.14
145829,39235.17
145828,50418.06
145827,69319.54
145826,67159.36
145825,27748.57
145824,25226.41
145823,24791.12
145822,392.58
145821,43777.26
145820,65666.09
145819,51274.2
145818,56630.85
145817,27188.5
145816,24392.51
145815,39404.72
145814,44950.14
145813,65233.47
145812,48256.15
145811,24256.74
145810,45305.59
145809,40097.55
145808,37812.82
145807,43201.72
145806,68791.68
145805,54285.61
145804,37169.16
145803,34411.58
145802,37189.58
145801,44094.49
145800,48173.61
145799,72034.1
145798,50834.82
145797,24804.6
145796,22478.68
145795,25576.85
145794,28381.31
145793,40016.7
145792,48950.74
145791,52199.14
145790,20409.11
145789,17180.64
145788,26404.68
145787,29987.07
145786,35789.61
145785,46054.57
145784,42318.64
145783,29392.26
