86002,34608.78
86001,45096.5
86000,35855.81
85999,15040.55
85998,14211.9
85997,16797.7
85996,15203.78
85995,475.9
85994,33229.53
85993,19279.66
85992,11877.73
85991,12969.84
85990,12724.16
85989,21330.15
85988,24042.46
85987,39807.52
85986,29941.52
85985,22894.89
85984,16825.29
85983,16419.64
85982,16566.86
85981,20093.39
85980,41370.22
85979,28371.08
85978,14977.96
85977,11464.03
85976,13633.7
85975,14869.66
85974,26649.84
85973,44387.4
85972,29265.82
85971,16142.41
85970,14684.33
85969,16366.96
85968,22759.01
85967,25471.79
85966,43744.62
85965,25612.43
85964,18437.19
85963,19497.06
85962,19924.6
85961,40216.07
85960,46870.58
85959,81898.92
85958,44162.15
85957,29137.8
85956,19918.0
85955,28549.71
85954,21300.97
85953,33792.27
85952,58305.98
85951,40122.42
85950,15208.62
85949,14979.18
85948,17840.85
85947,17324.58
85946,31524.22
85945,50504.1
85944,31789.17
85943,23634.48
85942,19492.1
85941,19061.94
85940,34810.65
85939,47207.39
85938,72111.87
85937,50445.58
85936,26491.14
85935,24899.39
85934,39746.42
85933,25308.4
85932,35210.0
85931,69576.13
85930,44473.44
85929,22861.57
85928,24317.26
85927,40986.45
85926,37785.77
85925,43897.99
85924,55806.17
85923,38601.53
85922,24960.76
85921,31828.54
85920,33416.52
85919,29979.96
85918,62701.11
85917,79972.63
85916,14929.68
85915,20768.67
85914,15644.96
85913,26737.76
85912,28960.25
85911,49740.96
85910,33128.76
85909,509.6
85908,18192.94
85907,29069.24
85906,32144.24
85905,40017.19
85904,59868.24
85903,45676.71
85902,18227.91
85901,17583.3
85900,19629.41
85899,21048.42
85898,27857.19
85897,43594.28
85896,32142.8
85895,11190.98
85894,15585.69
85893,18418.29
85892,35246.94
85891,40213.77
85890,57376.55
85889,39964.91
85888,24486.16
85887,23062.84
85886,31980.67
85885,29296.02
85884,778.49
85883,74955.35
85882,45671.94
85881,21289.26
85880,26277.03
85879,30515.22
85878,35019.91
85877,42204.65
85876,80657.47
85875,47997.71
85874,19656.12
85873,19174.43
85872,20698.83
85871,24422.87
85870,49536.43
85869,69887.32
85868,46721.13
85867,28492.28
85866,27231.58
85865,29457.97
85864,28692.16
85863,40905.32
85862,63315.31
85861,53779.31
85860,23445.75
85859,23836.32
85858,29827.45
85857,312.68
85856,41686.38
85855,60735.23
85854,38496.76
85853,48400.49
85852,20635.59
85851,25506.75
85850,25136.94
85849,41641.9
85848,54748.01
85847,40272.39
85846,26308.03
85845,39117.0
85844,36008.72
85843,35269.7
85842,40438.1
85841,55618.16
85840,46505.95
85839,28846.87
85838,33528.62
85837,27423.4
85836,37354.94
85835,53758.86
85834,66332.73
85833,46068.03
85832,19657.45
85831,20939.18
85830,22526.03
85829,26774.74
85828,37065.66
85827,41374.68
85826,45938.57
85825,20927.45
85824,15575.85
85823,23646.89
85822,29598.38
85821,33288.86
85820,46977.33
85819,33761.81
85818,29161.25
