113973,35857.36
113972,56348.68
113971,47207.54
113970,16128.03
113969,15894.21
113968,18075.86
113967,14017.14
113966,940.07
113965,35038.22
113964,28273.96
113963,15234.24
113962,11609.75
113961,18845.75
113960,26884.3
113959,30762.79
113958,42264.54
113957,33220.61
113956,35355.17
113955,21060.01
113954,15538.95
113953,19028.63
113952,24365.45
113951,43208.44
113950,37602.41
113949,16850.88
113948,14469.98
113947,18010.27
113946,15217.01
113945,27758.35
113944,45511.12
113943,37475.98
113942,18316.82
113941,20607.56
113940,20154.08
113939,22030.24
113938,30551.99
113937,41811.25
113936,28741.11
113935,18543.3
113934,23953.18
113933,25925.92
113932,50653.51
113931,50013.95
113930,78398.23
113929,50209.69
113928,42490.63
113927,32880.91
113926,36368.22
113925,26078.54
113924,46519.68
113923,67803.29
113922,53332.31
113921,25630.7
113920,23059.79
113919,25523.12
113918,25821.94
113917,33998.02
113916,49831.06
113915,43804.17
113914,36630.69
113913,29224.74
113912,24881.37
113911,38908.74
113910,54087.41
113909,82841.6
113908,69817.38
113907,43778.72
113906,47907.63
113905,61079.31
113904,31674.7
113903,41605.32
113902,58163.78
113901,52082.37
113900,30193.91
113899,27935.71
113898,48856.35
113897,40862.85
113896,46005.53
113895,74193.21
113894,52437.36
113893,40828.96
113892,45859.27
113891,52999.4
113890,39223.38
113889,61731.12
113888,79124.53
113887,29071.2
113886,26311.17
113885,23929.34
113884,24052.82
113883,35971.04
113882,51489.06
113881,41501.23
113880,740.09
113879,23930.64
113878,48313.5
113877,35812.84
113876,50400.62
113875,73587.35
113874,58917.21
113873,23353.81
113872,1155.07
113871,609.94
113870,75.24
113869,34566.48
113868,50450.76
113867,41427.33
113866,715.83
113865,22759.56
113864,21968.54
113863,43383.13
113862,51998.14
113861,72444.7
113860,54129.42
113859,32690.22
113858,36602.93
113857,36542.9
113856,31988.99
113855,50580.4
113854,77188.47
113853,49037.51
113852,28783.3
113851,31470.45
113850,32758.47
113849,46829.35
113848,53744.55
113847,87884.27
113846,52516.22
113845,24214.6
113844,21472.39
113843,26612.51
113842,29473.24
113841,58555.26
113840,72389.09
113839,67857.25
113838,36226.39
113837,37282.55
113836,39522.69
113835,35095.83
113834,49404.15
113833,76926.72
113832,69801.82
113831,26906.83
113830,29580.58
113829,30215.81
113828,38375.43
113827,47972.98
113826,54804.71
113825,42975.41
113824,58228.91
113823,22563.78
113822,22927.29
113821,26402.11
113820,40285.57
113819,49176.97
113818,45112.35
113817,22055.04
113816,48954.11
113815,36256.24
113814,38787.8
113813,47306.78
113812,69473.38
113811,55811.11
113810,36081.76
113809,36885.0
113808,33419.42
113807,37271.33
113806,47488.88
113805,65192.65
113804,43195.44
113803,19174.28
113802,23595.62
113801,22181.42
113800,28058.82
113799,37534.45
113798,39876.5
113797,48715.23
113796,19164.74
113795,18168.04
113794,23108.44
113793,26905.09
113792,28866.3
113791,45632.72
113790,34669.02
113789,30319.86
