126252,30378.03
126251,47414.02
126250,39775.08
126249,16311.87
126248,11315.2
126247,13301.55
126246,17488.4
126245,720.41
126244,28090.97
126243,28775.91
126242,11437.01
126241,10999.93
126240,15051.11
126239,23656.31
126238,28743.88
126237,35640.51
126236,31921.13
126235,26147.22
126234,16614.62
126233,17607.3
126232,17791.3
126231,20569.0
126230,36594.02
126229,26867.54
126228,14047.79
126227,14255.96
126226,15362.59
126225,14729.13
126224,28535.3
126223,39623.67
126222,26601.69
126221,18410.93
126220,17415.34
126219,22133.72
126218,27663.55
126217,30616.32
126216,40257.58
126215,25277.66
126214,16006.42
126213,16910.04
126212,22403.35
126211,42684.4
126210,57065.98
126209,75114.99
126208,40239.71
126207,45119.77
126206,24479.81
126205,22715.85
126204,21266.99
126203,35250.15
126202,53071.16
126201,37998.36
126200,22305.5
126199,17459.2
126198,24581.23
126197,20309.59
126196,32962.52
126195,49913.95
126194,30443.51
126193,27470.48
126192,21993.76
126191,21833.84
126190,51390.82
126189,49788.8
126188,67008.19
126187,54895.16
126186,25319.49
126185,37839.37
126184,51234.37
126183,31362.51
126182,33417.55
126181,55600.73
126180,52761.94
126179,25764.3
126178,20043.66
126177,42459.48
126176,37077.72
126175,51054.08
126174,62039.34
126173,48650.6
126172,32901.96
126171,37629.63
126170,43793.49
126169,39335.36
126168,55867.39
126167,71177.15
126166,-23.97
126165,20157.69
126164,18601.36
126163,24863.2
126162,29637.67
126161,35325.82
126160,44632.67
126159,39336.76
126158,1129.69
126157,19906.26
126156,36910.68
126155,36800.84
126154,42683.69
126153,66900.74
126152,57403.48
126151,20302.85
126150,20812.36
126149,25497.08
126148,28588.27
126147,33292.89
126146,47682.71
126145,36075.27
126144,17373.45
126143,21031.42
126142,22387.54
126141,44754.24
126140,51706.78
126139,55335.38
126138,48500.48
126137,28806.16
126136,28193.4
126135,29887.42
126134,31453.73
126133,766.88
126132,67403.27
126131,49603.44
126130,27307.45
126129,29043.36
126128,31863.41
126127,43757.08
126126,54772.42
126125,83017.2
126124,48907.7
126123,25061.83
126122,20700.46
126121,26178.22
126120,21543.68
126119,54530.14
126118,62628.87
126117,47525.77
126116,32484.97
126115,33453.76
126114,34644.72
126113,31377.15
126112,49751.19
126111,60843.66
126110,51260.65
126109,22939.09
126108,20613.52
126107,26861.01
126106,576.91
126105,51160.69
126104,56370.0
126103,55367.03
126102,63428.3
126101,34869.59
126100,33399.4
126099,33369.9
126098,45039.93
126097,50880.26
126096,47507.67
126095,22478.43
126094,47570.41
126093,37547.68
126092,44224.75
126091,53232.29
126090,64057.32
126089,48444.49
126088,35420.04
126087,34310.04
126086,37787.69
126085,43293.81
126084,54656.55
126083,66243.16
126082,46040.75
126081,23526.34
126080,22422.12
126079,20563.43
126078,34017.04
126077,35499.12
126076,46546.72
126075,52503.33
126074,22404.95
126073,16610.98
126072,21667.25
126071,32312.39
126070,38724.6
126069,47480.22
126068,41355.61
126067,26113.74
