134483,-5685.51
134482,676.7
134481,593154.13
134480,1137927.65
134479,918044.56
134478,1106000.07
134477,964133.84
134476,580661.73
134475,458844.43
134474,239496.26
134473,660930.66
134472,569331.26
134471,757089.14
134470,360562.82
134469,585318.83
134468,793745.24
134467,699434.0
134466,808744.0
134465,1429829.12
134464,989316.0
134463,704638.12
134462,526815.27
134461,104772.11
134460,47835.62
134459,111478.39
134458,776164.99
134457,1278862.89
134456,500826.67
134455,363959.4
134454,354203.28
134453,650014.18
134452,1452335.73
134451,1063000.92
134450,852902.55
134449,728250.48
134448,773160.96
134447,740241.82
134446,746148.91
134445,976483.91
134444,680431.81
134443,617036.93
134442,686440.01
134441,797268.62
134440,1132978.07
134439,863105.4
134438,846125.27
134437,1336320.18
134436,1506371.52
134435,1128491.44
134434,1349559.32
134433,1200153.66
134432,940431.02
134431,1373420.86
134430,1748249.62
134429,1903549.68
134428,532714.77
134427,692914.57
134426,481254.45
134425,566911.75
134424,1208186.4
134423,1229631.25
134422,811443.87
134421,618967.9
134420,884765.41
134419,1242991.73
134418,1076665.45
134417,1456731.03
134416,1423124.4
134415,1919563.14
134414,1554179.91
134413,1373081.05
134412,1076253.35
134411,1110095.31
134410,644611.3
134409,1901265.16
134408,1360336.57
134407,1306796.4
134406,1387603.68
134405,1223083.4
134404,1053560.6
134403,1518354.2
134402,1683008.7
134401,1962444.13
134400,1524869.4
134399,1417626.48
134398,796398.66
134397,1022501.8
134396,695818.77
134395,1462836.86
134394,815548.74
134393,557996.54
134392,587582.82
134391,581232.7
134390,1073949.18
134389,1002027.74
134388,1103051.53
134387,834623.11
134386,895682.55
134385,778617.38
134384,836807.75
134383,981964.72
134382,1031109.55
134381,774756.62
134380,748458.7
134379,1092693.3
134378,780152.24
134377,793687.61
134376,1039926.76
134375,961857.26
134374,955597.43
134373,772347.48
134372,1199733.28
134371,1301926.68
134370,1011181.47
134369,1189486.78
134368,1727812.98
134367,1922306.69
134366,1375199.82
134365,1192520.61
134364,339756.26
134363,630635.9
134362,1287618.04
134361,1488469.46
134360,1417622.63
134359,1018190.17
134358,979556.67
134357,995544.29
134356,830099.5
134355,1128631.82
134354,1308162.84
134353,1090120.24
134352,689457.46
134351,474465.24
134350,762344.12
134349,920480.92
134348,1363735.05
134347,1507290.67
134346,1673736.46
134345,790740.25
134344,1896272.03
134343,921160.12
134342,909255.36
134341,1367223.34
134340,1416571.29
134339,1835800.86
134338,748640.57
134337,889467.68
134336,851401.11
134335,930676.75
134334,659050.12
134333,1312842.26
134332,1144813.72
134331,763977.86
134330,1121747.75
134329,929545.64
134328,789274.33
134327,1291789.83
134326,991073.73
134325,1406608.64
134324,1144464.26
134323,1290799.69
134322,1146051.43
134321,1002682.56
134320,1309874.51
134319,1378538.88
134318,1420269.0
134317,1412643.58
134316,1025264.58
134315,899325.34
134314,911297.95
134313,1215242.74
134312,1286003.9
134311,1456655.89
134310,650202.22
134309,676845.44
134308,730475.74
134307,714256.41
134306,1029737.75
134305,761182.48
134304,1043782.63
134303,353864.96
134302,609809.56
134301,360854.43
134300,722458.99
134299,199318.97
