61587,35254.14
61586,62629.97
61585,48543.33
61584,21415.59
61583,25002.76
61582,21428.2
61581,19405.91
61580,1052.78
61579,43136.17
61578,36191.94
61577,18745.48
61576,23173.49
61575,19207.63
61574,32232.87
61573,39004.22
61572,50761.64
61571,37791.34
61570,41907.69
61569,29420.2
61568,39887.84
61567,34391.32
61566,23308.32
61565,317.38
61564,52.7
61563,15384.14
61562,18545.24
61561,21052.63
61560,19653.24
61559,39631.77
61558,54835.93
61557,37882.2
61556,23044.98
61555,19995.97
61554,24044.09
61553,26194.01
61552,31735.93
61551,49978.67
61550,30603.64
61549,19901.12
61548,23495.26
61547,29924.84
61546,42697.73
61545,54885.47
61544,88486.31
61543,49107.32
61542,16436.28
61541,29712.14
61540,31793.29
61539,24319.95
61538,40017.78
61537,67978.54
61536,49474.73
61535,22303.66
61534,17090.76
61533,20215.2
61532,18603.36
61531,37559.26
61530,61180.78
61529,37191.99
61528,32134.31
61527,27001.22
61526,27827.89
61525,45001.02
61524,48450.32
61523,90258.96
61522,68673.02
61521,41793.65
61520,53261.08
61519,69259.76
61518,41486.21
61517,51349.49
61516,81166.65
61515,60175.84
61514,27665.63
61513,26113.69
61512,48575.55
61511,45032.75
61510,52073.8
61509,77609.52
61508,55783.79
61507,40961.27
61506,41938.55
61505,55071.26
61504,44806.7
61503,65836.7
61502,101153.77
61501,29520.98
61500,31249.97
61499,27618.43
61498,30889.32
61497,38693.05
61496,64542.34
61495,51688.2
61494,557.84
61493,22325.55
61492,28658.89
61491,33061.68
61490,45487.15
61489,72971.88
61488,63934.24
61487,26854.93
61486,24210.67
61485,25731.86
61484,30457.71
61483,43572.33
61482,49869.07
61481,50098.51
61480,29419.2
61479,37725.77
61478,37078.78
61477,50279.87
61476,54033.55
61475,82415.39
61474,61846.38
61473,35240.43
61472,47553.49
61471,39409.93
61470,35796.35
61469,1280.14
61468,80474.04
61467,48734.54
61466,29575.84
61465,37345.17
61464,36779.1
61463,43032.87
61462,54475.96
61461,93292.25
61460,50252.17
61459,24161.07
61458,31893.04
61457,25466.5
61456,28809.54
61455,61317.65
61454,71124.66
61453,62069.58
61452,42516.32
61451,36524.42
61450,46159.31
61449,40845.55
61448,52081.83
61447,75344.13
61446,69409.66
61445,31583.19
61444,36780.02
61443,37437.46
61442,490.12
61441,57244.76
61440,69404.08
61439,52644.47
61438,76566.91
61437,37764.15
61436,35977.49
61435,46229.62
61434,49300.6
61433,58714.64
61432,56784.96
61431,33895.02
61430,49822.93
61429,54438.94
61428,48838.94
61427,50898.12
61426,78451.47
61425,61637.02
61424,45773.88
61423,47463.35
61422,44351.07
61421,50463.05
61420,63677.36
61419,71217.84
61418,52248.13
61417,36084.33
61416,29993.19
61415,34183.26
61414,36417.17
61413,47602.37
61412,53411.01
61411,50504.7
61410,29399.95
61409,23987.78
61408,32154.8
61407,37817.33
61406,42468.68
61405,48979.72
61404,34100.31
61403,36102.59
