205129,20314.81
205128,40818.7
205127,38362.42
205126,13170.73
205125,14416.21
205124,13587.69
205123,14083.21
205122,956.07
205121,31980.17
205120,25821.28
205119,12096.27
205118,15978.62
205117,13004.85
205116,16619.01
205115,20562.28
205114,33769.66
205113,26062.92
205112,22837.22
205111,14262.42
205110,16818.41
205109,15855.83
205108,18132.91
205107,34887.38
205106,26235.47
205105,11270.74
205104,10102.31
205103,12549.11
205102,12103.1
205101,24638.83
205100,35476.93
205099,22085.89
205098,16841.33
205097,15201.34
205096,15814.56
205095,20271.0
205094,21700.01
205093,35506.11
205092,24735.36
205091,16860.82
205090,14875.77
205089,21389.68
205088,30951.49
205087,45448.34
205086,61444.94
205085,43763.32
205084,35457.72
205083,19052.55
205082,18960.19
205081,15967.6
205080,29041.75
205079,50396.41
205078,37157.62
205077,16146.37
205076,15115.08
205075,21152.24
205074,15540.17
205073,28504.76
205072,39009.29
205071,28078.39
205070,23552.62
205069,17671.63
205068,17685.69
205067,26543.75
205066,36853.78
205065,51847.27
205064,51029.74
205063,24332.78
205062,29891.26
205061,40027.33
205060,23503.67
205059,30728.46
205058,51264.96
205057,47399.95
205056,19122.24
205055,17310.73
205054,23781.67
205053,24012.55
205052,39714.41
205051,59488.18
205050,45981.5
205049,26272.36
205048,30775.5
205047,34084.99
205046,33152.64
205045,50559.81
205044,65440.16
205043,24701.5
205042,17301.11
205041,19365.29
205040,24540.31
205039,24567.5
205038,43193.39
205037,38240.37
205036,353.9
205035,13658.24
205034,31592.69
205033,31033.58
205032,34990.43
205031,59131.12
205030,54507.06
205029,15025.74
205028,501.44
205027,343.09
205026,67.26
205025,25779.78
205024,42292.18
205023,35753.26
205022,504.2
205021,19580.09
205020,20054.73
205019,30730.27
205018,34950.81
205017,48446.39
205016,45621.83
205015,22530.52
205014,23253.43
205013,24490.96
205012,23874.25
205011,37066.46
205010,59279.97
205009,41530.33
205008,20577.05
205007,20035.13
205006,20995.22
205005,33721.17
205004,48876.98
205003,72834.92
205002,44656.42
205001,18009.36
205000,17254.31
204999,17999.98
204998,20528.11
204997,38065.1
204996,52284.41
204995,42988.03
204994,23803.83
204993,24242.76
204992,25082.46
204991,24873.59
204990,33858.24
204989,48355.3
204988,46237.41
204987,17107.03
204986,17027.85
204985,19293.3
204984,24817.31
204983,34290.79
204982,45052.92
204981,39907.13
204980,50600.14
204979,18829.23
204978,16781.62
204977,21617.96
204976,29946.6
204975,45999.0
204974,43555.16
204973,17330.45
204972,30888.13
204971,35638.49
204970,30288.91
204969,33203.19
204968,55463.31
204967,47184.54
204966,24454.9
204965,29898.82
204964,30304.67
204963,32650.79
204962,48094.71
204961,63257.17
204960,54915.97
204959,27104.0
204958,24957.36
204957,24160.26
204956,30013.8
204955,36225.44
204954,40723.41
204953,46827.97
204952,18100.24
204951,16836.61
204950,21589.94
204949,25424.91
204948,32268.63
204947,41825.78
204946,39110.66
204945,31012.23
