156515,13567.74
156514,30962.95
156513,17744.62
156512,11053.1
156511,11940.16
156510,9174.99
156509,7572.3
156508,456.33
156507,21153.83
156506,12214.66
156505,6845.24
156504,6297.66
156503,9598.36
156502,10636.01
156501,13027.93
156500,24440.8
156499,14820.64
156498,19150.0
156497,10048.83
156496,9658.51
156495,11156.78
156494,10878.87
156493,19255.27
156492,13048.34
156491,7821.9
156490,7676.75
156489,6602.63
156488,7589.21
156487,14373.22
156486,28280.26
156485,15542.87
156484,8692.76
156483,10519.49
156482,10536.45
156481,14827.33
156480,19411.16
156479,26101.79
156478,15609.46
156477,9990.22
156476,12821.95
156475,13101.17
156474,20792.45
156473,29801.01
156472,48130.53
156471,18907.37
156470,18583.8
156469,14314.02
156468,16323.2
156467,11343.42
156466,19840.95
156465,29197.03
156464,16673.57
156463,9945.36
156462,8398.91
156461,13102.89
156460,10919.43
156459,17467.82
156458,35651.4
156457,17554.22
156456,13884.8
156455,12117.23
156454,11268.13
156453,21921.79
156452,28665.45
156451,40161.72
156450,20997.72
156449,14833.75
156448,18724.87
156447,22359.34
156446,16172.6
156445,20536.32
156444,37959.75
156443,21480.74
156442,11549.06
156441,11922.94
156440,18560.19
156439,18747.11
156438,22068.29
156437,37703.14
156436,22325.97
156435,14156.44
156434,15452.5
156433,19087.93
156432,16133.87
156431,27667.84
156430,46683.17
156429,-10.61
156428,11538.99
156427,12360.53
156426,12183.62
156425,16538.29
156424,16998.9
156423,29405.79
156422,14236.58
156421,392.88
156420,10836.34
156419,21721.04
156418,18449.77
156417,25548.24
156416,33117.26
156415,22049.73
156414,10700.95
156413,681.82
156412,489.7
156411,73.59
156410,16906.7
156409,29199.61
156408,16135.26
156407,448.3
156406,8168.77
156405,9345.28
156404,16392.03
156403,21091.53
156402,29853.98
156401,22053.29
156400,9774.04
156399,15134.12
156398,14950.75
156397,14110.09
156396,25863.11
156395,35134.63
156394,19506.23
156393,11419.78
156392,11828.43
156391,12908.79
156390,19813.56
156389,28838.61
156388,38298.31
156387,23652.21
156386,9098.6
156385,12250.87
156384,13912.64
156383,14107.76
156382,23823.08
156381,31193.17
156380,20599.35
156379,14604.35
156378,15824.87
156377,17391.01
156376,17860.4
156375,20370.93
156374,32730.13
156373,17341.88
156372,10603.0
156371,9687.65
156370,11501.15
156369,16589.79
156368,22137.78
156367,21691.38
156366,14276.77
156365,17754.34
156364,12133.66
156363,13471.22
156362,13493.22
156361,15862.84
156360,23827.37
156359,15372.08
156358,9104.45
156357,16149.51
156356,16269.48
156355,14458.13
156354,17982.43
156353,27352.18
156352,15240.73
156351,10928.65
156350,14443.08
156349,13458.8
156348,18341.22
156347,22394.12
156346,29774.46
156345,22859.32
156344,8993.15
156343,10617.81
156342,11645.41
156341,12889.38
156340,18239.33
156339,19571.84
156338,18811.46
156337,10117.65
156336,8577.22
156335,9584.41
156334,15898.77
156333,17861.29
156332,27367.06
156331,15857.05
156330,12443.19
