137157,22611.09
137156,41984.31
137155,38384.36
137154,16038.9
137153,12388.02
137152,15476.33
137151,18282.95
137150,576.41
137149,30053.29
137148,26687.95
137147,13570.55
137146,15120.66
137145,12730.42
137144,20425.25
137143,25953.48
137142,32971.28
137141,21355.04
137140,21083.54
137139,15350.21
137138,16503.68
137137,13458.68
137136,21782.48
137135,32170.56
137134,24390.49
137133,10850.16
137132,11974.4
137131,15544.86
137130,14713.49
137129,25197.76
137128,33201.77
137127,18018.51
137126,16970.27
137125,21847.46
137124,21611.36
137123,21917.15
137122,33214.15
137121,34531.37
137120,24217.29
137119,14517.73
137118,16560.97
137117,20606.58
137116,37612.17
137115,47545.7
137114,58494.83
137113,39105.24
137112,33519.51
137111,21268.86
137110,26066.34
137109,17116.28
137108,33846.48
137107,46247.34
137106,34217.51
137105,16613.8
137104,15068.41
137103,21250.41
137102,17173.74
137101,29815.3
137100,42685.05
137099,29910.14
137098,23193.3
137097,17239.2
137096,23174.24
137095,36449.09
137094,44699.9
137093,54092.32
137092,45939.01
137091,19515.84
137090,32190.72
137089,41872.47
137088,28502.32
137087,30115.89
137086,44090.53
137085,46278.82
137084,18254.26
137083,20241.59
137082,40460.38
137081,32937.65
137080,41978.12
137079,54650.22
137078,36838.3
137077,35722.94
137076,31705.39
137075,39966.83
137074,38507.97
137073,42230.06
137072,59663.92
137071,18072.31
137070,19152.6
137069,23066.81
137068,26937.61
137067,32744.48
137066,39977.82
137065,33248.69
137064,16195.66
137063,17599.4
137062,31164.48
137061,28892.13
137060,41083.3
137059,50225.11
137058,45410.8
137057,1236.36
137056,19275.93
137055,18600.99
137054,24293.54
137053,31348.21
137052,34965.69
137051,33292.96
137050,16114.2
137049,22481.26
137048,18844.08
137047,33671.86
137046,43303.16
137045,45892.05
137044,41023.3
137043,22574.09
137042,25404.67
137041,26217.71
137040,27378.21
137039,951.3
137038,55535.13
137037,33262.28
137036,27166.03
137035,27136.28
137034,27266.31
137033,41457.48
137032,52570.02
137031,73375.91
137030,52690.42
137029,25713.25
137028,28479.42
137027,24452.29
137026,24760.25
137025,49554.66
137024,48489.36
137023,41609.36
137022,25336.56
137021,30801.16
137020,28476.97
137019,30024.95
137018,41678.42
137017,50101.87
137016,49177.18
137015,21597.18
137014,21802.08
137013,23682.28
137012,817.52
137011,38272.01
137010,48803.29
137009,39878.3
137008,49594.74
137007,21014.69
137006,25214.46
137005,33271.41
137004,34952.6
137003,46127.01
137002,40873.07
137001,24527.89
137000,29864.8
136999,32880.2
136998,33520.34
136997,38762.09
136996,54220.05
136995,43422.09
136994,24322.41
136993,24054.43
136992,32661.24
136991,35906.8
136990,57200.65
136989,62860.72
136988,49481.49
136987,24555.34
136986,22434.95
136985,27033.12
136984,31298.06
136983,37180.25
136982,43215.05
136981,49004.13
136980,19108.94
136979,16827.0
136978,24451.42
136977,29639.85
136976,35115.99
136975,50401.84
136974,35958.64
136973,20968.42
