165918,22924.2
165917,32558.25
165916,30722.46
165915,10078.17
165914,14451.16
165913,11390.63
165912,13948.81
165911,322.11
165910,23075.11
165909,18257.26
165908,8317.77
165907,8882.01
165906,8908.67
165905,16024.17
165904,19821.07
165903,28575.88
165902,20005.22
165901,16498.85
165900,11967.73
165899,14663.2
165898,14007.09
165897,14642.19
165896,26402.65
165895,22372.24
165894,8960.76
165893,10705.84
165892,11289.93
165891,10182.1
165890,18610.2
165889,28138.92
165888,19857.84
165887,13217.82
165886,14883.27
165885,13185.87
165884,16692.5
165883,19247.4
165882,33132.75
165881,18022.49
165880,13583.69
165879,16189.49
165878,21292.46
165877,30361.13
165876,37662.01
165875,60193.41
165874,37500.51
165873,26850.96
165872,20658.14
165871,20656.6
165870,18149.68
165869,28718.5
165868,39870.5
165867,38791.53
165866,15076.39
165865,13619.05
165864,17770.9
165863,14658.67
165862,24532.8
165861,37563.87
165860,26817.39
165859,20391.15
165858,14804.68
165857,15326.2
165856,31581.08
165855,33122.68
165854,46660.32
165853,34515.67
165852,23039.08
165851,25439.38
165850,33744.64
165849,22475.6
165848,21229.71
165847,44268.88
165846,35834.86
165845,17320.6
165844,15542.74
165843,26178.31
165842,24883.94
165841,32804.94
165840,49394.86
165839,36327.06
165838,22439.64
165837,25551.98
165836,29209.5
165835,25146.68
165834,37581.04
165833,48909.28
165832,14746.84
165831,12771.82
165830,15096.56
165829,19878.35
165828,23884.68
165827,36225.44
165826,29867.46
165825,661.52
165824,14211.44
165823,24985.5
165822,21835.8
165821,28681.61
165820,33618.9
165819,38361.61
165818,13565.55
165817,16366.37
165816,15230.07
165815,21259.05
165814,22208.7
165813,33486.03
165812,28053.33
165811,14928.33
165810,13783.36
165809,16848.92
165808,30244.01
165807,29337.35
165806,42885.42
165805,31454.93
165804,17483.56
165803,20986.07
165802,21570.3
165801,22153.01
165800,686.52
165799,39539.09
165798,33523.24
165797,20754.93
165796,20814.7
165795,24111.85
165794,28152.36
165793,32185.09
165792,64222.01
165791,41650.58
165790,17571.07
165789,16331.12
165788,15972.04
165787,18836.04
165786,39976.26
165785,42162.31
165784,39907.47
165783,22839.86
165782,20256.79
165781,22699.51
165780,23063.71
165779,34048.86
165778,44882.48
165777,34384.7
165776,18897.5
165775,14880.95
165774,19305.59
165773,534.93
165772,34281.28
165771,41185.55
165770,35947.59
165769,43958.08
165768,16500.83
165767,18245.93
165766,22678.33
165765,27095.44
165764,38872.06
165763,36294.55
165762,20355.34
165761,27406.42
165760,24538.42
165759,28110.84
165758,33414.59
165757,42741.71
165756,32161.8
165755,25910.92
165754,20479.25
165753,22172.4
165752,28624.6
165751,34034.35
165750,49203.28
165749,41983.45
165748,12628.63
165747,12383.73
165746,14667.66
165745,18812.14
165744,25559.21
165743,29476.08
165742,32965.84
165741,14077.37
165740,10169.86
165739,13323.3
165738,22818.76
165737,24768.89
165736,29662.71
165735,26012.81
165734,22975.17
