86963,23038.82
86962,46180.02
86961,44393.43
86960,17812.24
86959,18244.82
86958,19520.37
86957,18293.73
86956,1213.42
86955,36125.14
86954,23275.32
86953,16667.11
86952,15251.17
86951,15709.59
86950,29325.61
86949,25089.0
86948,37108.56
86947,32881.48
86946,32442.22
86945,22971.21
86944,21954.03
86943,22930.15
86942,25355.95
86941,34273.08
86940,25033.08
86939,16820.49
86938,15175.07
86937,16589.71
86936,19675.54
86935,24353.51
86934,46103.92
86933,27923.66
86932,17175.53
86931,19962.27
86930,16972.22
86929,20127.98
86928,11179.22
86927,35060.92
86926,31049.23
86925,7192.98
86924,14554.93
86923,18908.56
86922,42278.64
86921,46960.51
86920,67774.41
86919,38327.97
86918,47045.57
86917,23699.53
86916,31980.5
86915,28476.11
86914,35412.2
86913,54612.47
86912,42468.97
86911,22773.75
86910,23316.84
86909,17761.91
86908,21490.12
86907,28982.29
86906,47119.11
86905,27819.63
86904,25524.51
86903,20699.01
86902,18333.62
86901,38494.56
86900,39485.26
86899,64560.33
86898,52622.79
86897,32623.08
86896,33678.72
86895,45163.78
86894,24983.84
86893,28758.08
86892,53144.62
86891,42632.34
86890,18019.9
86889,18195.32
86888,35866.01
86887,27792.15
86886,34223.58
86885,62005.11
86884,46033.7
86883,21567.99
86882,29651.57
86881,31444.13
86880,27083.66
86879,33147.79
86878,61515.66
86877,14616.37
86876,18022.32
86875,19030.33
86874,26487.94
86873,23398.72
86872,44716.75
86871,28857.81
86870,1391.08
86869,16137.88
86868,29521.49
86867,26854.26
86866,35566.26
86865,50831.13
86864,42887.75
86863,18449.36
86862,18843.87
86861,21835.28
86860,20933.76
86859,25823.77
86858,32968.04
86857,28733.64
86856,21513.82
86855,13052.62
86854,17555.3
86853,29357.59
86852,31641.55
86851,51298.87
86850,39026.54
86849,22024.1
86848,21856.51
86847,24719.32
86846,20400.39
86845,1628.87
86844,53218.3
86843,30095.9
86842,17525.93
86841,18434.76
86840,22291.31
86839,26955.74
86838,34812.62
86837,58616.31
86836,34089.83
86835,16751.44
86834,16988.97
86833,17488.71
86832,21389.42
86831,37038.88
86830,47595.4
86829,41578.41
86828,25062.73
86827,20564.98
86826,27820.66
86825,23311.33
86824,33161.64
86823,47613.25
86822,43320.4
86821,21546.41
86820,16744.28
86819,24551.75
86818,282.36
86817,32578.58
86816,44170.6
86815,34178.09
86814,42842.78
86813,20206.68
86812,20053.31
86811,21012.34
86810,23070.23
86809,40407.95
86808,30783.1
86807,19310.46
86806,29285.55
86805,31010.48
86804,24330.78
86803,30606.09
86802,48902.74
86801,34841.1
86800,23026.29
86799,26654.95
86798,28794.58
86797,28752.65
86796,37733.89
86795,50002.7
86794,41242.6
86793,21123.13
86792,21664.98
86791,16564.8
86790,23283.7
86789,29651.34
86788,28683.61
86787,36305.25
86786,20682.1
86785,13634.59
86784,18991.05
86783,20168.8
86782,26285.33
86781,36771.82
86780,26728.78
86779,17946.84
