157091,30704.74
157090,46222.43
157089,44200.0
157088,20589.47
157087,22751.51
157086,17042.82
157085,18343.71
157084,993.47
157083,38522.51
157082,32625.34
157081,19552.45
157080,21129.75
157079,20180.74
157078,34500.58
157077,32039.55
157076,44353.57
157075,34620.73
157074,41542.86
157073,21818.8
157072,27998.21
157071,27925.05
157070,28567.35
157069,41059.86
157068,36075.1
157067,17849.11
157066,21191.31
157065,24858.16
157064,17139.18
157063,39049.77
157062,49067.83
157061,37028.18
157060,27555.33
157059,27627.02
157058,28614.9
157057,30510.13
157056,33503.22
157055,40764.4
157054,28225.61
157053,25724.05
157052,27639.16
157051,31586.66
157050,58912.82
157049,63240.24
157048,81578.24
157047,51799.9
157046,56373.63
157045,39162.76
157044,42027.3
157043,27055.38
157042,49227.88
157041,70482.11
157040,54961.61
157039,29579.99
157038,26959.19
157037,26327.32
157036,29500.68
157035,43476.8
157034,50578.15
157033,38832.72
157032,42859.49
157031,30621.76
157030,31016.82
157029,54695.69
157028,52980.59
157027,75002.27
157026,55356.07
157025,46201.42
157024,53854.64
157023,61660.03
157022,40827.02
157021,43266.37
157020,58730.52
157019,47280.6
157018,29327.6
157017,29790.72
157016,44837.76
157015,43678.18
157014,48918.22
157013,59811.25
157012,59222.72
157011,41895.76
157010,42401.94
157009,52025.46
157008,41156.55
157007,59449.15
157006,69453.45
157005,35526.74
157004,26086.1
157003,26574.82
157002,28933.52
157001,32101.58
157000,54727.49
156999,42639.35
156998,603.36
156997,23201.46
156996,41145.4
156995,38014.03
156994,45108.29
156993,60656.52
156992,50953.73
156991,27132.45
156990,19242.05
156989,21940.95
156988,27592.22
156987,30479.54
156986,47021.65
156985,38165.29
156984,19944.02
156983,20388.87
156982,20397.89
156981,40180.68
156980,45040.5
156979,57480.85
156978,48119.67
156977,29909.4
156976,27661.6
156975,27005.79
156974,27150.42
156973,792.12
156972,61952.5
156971,37961.09
156970,21811.68
156969,26328.51
156968,26306.03
156967,36761.26
156966,44544.67
156965,69762.8
156964,44268.29
156963,16731.56
156962,19610.28
156961,19717.6
156960,22136.62
156959,45434.55
156958,54701.41
156957,48224.56
156956,27394.46
156955,29867.12
156954,29659.44
156953,30064.98
156952,31547.86
156951,56663.25
156950,45928.12
156949,21972.95
156948,21048.86
156947,27267.5
156946,410.97
156945,36373.28
156944,46479.92
156943,35717.87
156942,48966.58
156941,15862.37
156940,19308.37
156939,21167.77
156938,27126.23
156937,37338.85
156936,34509.35
156935,18724.66
156934,29698.75
156933,26897.81
156932,26279.9
156931,31264.75
156930,48365.47
156929,41441.03
156928,25129.04
156927,27695.89
156926,24709.43
156925,30657.43
156924,38860.63
156923,52533.02
156922,35854.84
156921,17247.34
156920,14480.96
156919,20157.94
156918,22102.6
156917,29694.28
156916,32994.27
156915,40682.94
156914,15744.55
156913,14076.24
156912,17161.61
156911,21714.1
156910,22367.61
156909,35826.24
156908,24357.84
156907,22480.68
