195397,18559.34
195396,30819.02
195395,27077.64
195394,10559.16
195393,9394.23
195392,8475.3
195391,6522.38
195390,302.3
195389,17325.09
195388,14249.94
195387,7810.49
195386,7220.28
195385,9099.13
195384,15710.92
195383,18641.87
195382,26181.39
195381,15219.18
195380,16996.8
195379,12027.01
195378,8481.05
195377,12747.79
195376,15837.25
195375,25864.66
195374,19322.43
195373,7966.89
195372,7279.27
195371,7433.43
195370,12085.28
195369,19187.57
195368,29475.64
195367,19073.78
195366,11932.82
195365,10313.06
195364,12092.88
195363,14177.46
195362,19079.97
195361,25897.82
195360,13756.71
195359,8443.09
195358,8138.11
195357,13288.45
195356,25569.87
195355,39305.76
195354,51371.31
195353,15594.79
195352,25775.05
195351,16640.85
195350,20672.2
195349,16966.46
195348,28521.81
195347,34193.6
195346,22245.43
195345,12178.04
195344,9879.87
195343,7119.31
195342,12571.92
195341,20083.36
195340,29293.09
195339,21323.81
195338,19528.97
195337,10919.04
195336,13561.37
195335,26979.55
195334,32275.71
195333,52475.84
195332,31560.75
195331,23356.93
195330,27949.47
195329,34071.42
195328,22093.1
195327,25350.88
195326,38776.17
195325,31448.04
195324,11998.78
195323,12718.08
195322,28534.07
195321,28994.99
195320,28339.73
195319,45706.44
195318,28874.08
195317,24500.16
195316,25843.24
195315,32135.69
195314,27394.75
195313,42734.31
195312,53491.25
195311,14433.17
195310,12443.46
195309,10410.1
195308,16952.64
195307,19713.39
195306,31382.6
195305,24262.88
195304,13714.72
195303,16271.53
195302,24327.42
195301,23555.33
195300,30699.97
195299,42567.96
195298,28876.55
195297,973.26
195296,12401.79
195295,12332.68
195294,15277.37
195293,24035.53
195292,26872.29
195291,24068.31
195290,13985.5
195289,15206.19
195288,15012.54
195287,29236.63
195286,34361.46
195285,44911.67
195284,23333.09
195283,22853.61
195282,19760.98
195281,24518.88
195280,21877.34
195279,702.19
195278,52309.63
195277,23811.6
195276,18078.14
195275,19595.23
195274,19682.15
195273,25884.77
195272,36923.85
195271,49294.4
195270,31077.75
195269,13786.57
195268,16195.2
195267,13337.08
195266,17408.62
195265,32838.96
195264,38833.05
195263,26216.07
195262,18190.4
195261,19937.67
195260,21324.71
195259,23230.19
195258,29127.28
195257,33133.99
195256,31486.5
195255,12570.38
195254,13874.62
195253,17801.28
195252,303.78
195251,33417.2
195250,33966.36
195249,24644.73
195248,31365.07
195247,13920.19
195246,16937.37
195245,20374.67
195244,26412.18
195243,30230.69
195242,18530.26
195241,14451.8
195240,26479.86
195239,24883.21
195238,26837.64
195237,28551.52
195236,38610.85
195235,28378.87
195234,22632.24
195233,24563.22
195232,22458.68
195231,26249.47
195230,36359.29
195229,38149.64
195228,27702.07
195227,14532.71
195226,12551.42
195225,15162.65
195224,17890.15
195223,27194.77
195222,22785.56
195221,24449.09
195220,13457.65
195219,8740.15
195218,12483.14
195217,17335.19
195216,18756.11
195215,22774.44
195214,17698.93
195213,14810.57
