117047,37912.57
117046,47472.17
117045,40718.68
117044,11776.09
117043,13768.37
117042,16586.85
117041,17582.25
117040,824.31
117039,40439.49
117038,17030.81
117037,12434.79
117036,12269.81
117035,9620.93
117034,20259.22
117033,28491.52
117032,43335.38
117031,28645.93
117030,28969.25
117029,19383.99
117028,19775.28
117027,16529.84
117026,19362.8
117025,50742.5
117024,38733.05
117023,13890.19
117022,10857.18
117021,14609.97
117020,18370.01
117019,27985.21
117018,47186.73
117017,31020.44
117016,19113.15
117015,9949.9
117014,18411.23
117013,19383.55
117012,27263.3
117011,50182.57
117010,25739.97
117009,14949.8
117008,15583.35
117007,20011.87
117006,38016.47
117005,45229.69
117004,80051.04
117003,52636.59
117002,41829.92
117001,22152.5
117000,26045.58
116999,25536.61
116998,32613.11
116997,60402.21
116996,48169.93
116995,15943.46
116994,19564.58
116993,18559.06
116992,17052.06
116991,27497.46
116990,49359.27
116989,32243.84
116988,25372.61
116987,13171.6
116986,16597.37
116985,40014.46
116984,44869.03
116983,79592.54
116982,73180.96
116981,34106.26
116980,39064.77
116979,50721.15
116978,30169.68
116977,34873.09
116976,57847.76
116975,57070.98
116974,19989.39
116973,17988.39
116972,38069.44
116971,33226.0
116970,42840.43
116969,76663.5
116968,57036.56
116967,31218.02
116966,36563.18
116965,41185.46
116964,29603.6
116963,49465.93
116962,60834.84
116961,19395.41
116960,17007.35
116959,15817.95
116958,19783.15
116957,24261.82
116956,50879.66
116955,41434.74
116954,571.74
116953,18506.69
116952,26062.23
116951,21255.53
116950,32216.06
116949,56567.33
116948,46475.55
116947,13507.32
116946,16758.57
116945,17882.25
116944,22175.32
116943,34222.86
116942,55814.58
116941,48845.47
116940,21791.8
116939,22116.76
116938,20078.48
116937,48776.13
116936,48392.97
116935,67485.56
116934,59900.73
116933,26277.76
116932,27867.46
116931,29231.07
116930,31034.94
116929,1099.93
116928,70178.2
116927,36486.76
116926,22874.66
116925,24714.48
116924,26762.65
116923,37659.05
116922,39674.61
116921,74318.05
116920,51422.82
116919,20172.12
116918,20809.78
116917,20715.26
116916,19637.55
116915,47238.89
116914,66834.59
116913,50092.31
116912,27424.22
116911,29079.14
116910,39963.69
116909,35946.41
116908,44298.69
116907,62525.03
116906,58620.95
116905,21741.65
116904,23297.74
116903,26581.75
116902,371.29
116901,43782.96
116900,54945.32
116899,36578.06
116898,46466.16
116897,22852.4
116896,20407.99
116895,26032.5
116894,34839.23
116893,49526.46
116892,39324.88
116891,21391.78
116890,39885.56
116889,43532.17
116888,46949.51
116887,50176.3
116886,68575.69
116885,56034.83
116884,34790.65
116883,34232.0
116882,38986.66
116881,39757.3
116880,50037.85
116879,60045.4
116878,48376.49
116877,24095.9
116876,24299.9
116875,24858.47
116874,29286.57
116873,43595.41
116872,47461.02
116871,53612.18
116870,19339.04
116869,16943.89
116868,21261.25
116867,30745.85
116866,31414.44
116865,29902.14
116864,26105.45
116863,20114.63
