219284,13427.13
219283,22909.04
219282,22958.93
219281,8409.47
219280,8278.34
219279,8912.93
219278,12199.49
219277,1195.73
219276,16457.68
219275,14114.47
219274,6937.43
219273,4614.85
219272,7690.18
219271,13637.23
219270,12808.59
219269,19708.87
219268,11621.7
219267,10316.09
219266,10400.83
219265,10580.9
219264,10241.55
219263,10303.91
219262,20300.43
219261,15727.28
219260,4035.55
219259,8312.93
219258,8986.76
219257,8902.68
219256,17866.22
219255,19868.6
219254,13593.9
219253,10296.12
219252,6936.48
219251,9400.54
219250,12691.14
219249,12728.5
219248,19523.06
219247,14106.91
219246,7332.61
219245,8763.3
219244,9896.85
219243,21948.98
219242,25590.3
219241,36380.64
219240,15735.77
219239,13958.05
219238,10383.45
219237,15903.92
219236,10018.81
219235,15205.69
219234,28405.02
219233,23056.18
219232,7970.83
219231,8931.54
219230,9208.46
219229,8647.52
219228,13234.01
219227,22658.25
219226,15505.71
219225,14230.7
219224,5783.75
219223,10782.97
219222,18077.59
219221,22919.49
219220,31868.39
219219,27755.24
219218,17099.88
219217,18535.09
219216,28194.2
219215,16713.95
219214,18771.36
219213,25186.63
219212,23472.62
219211,10944.66
219210,10612.97
219209,19748.44
219208,17925.85
219207,20857.44
219206,31251.26
219205,30511.43
219204,12486.45
219203,23648.14
219202,20481.69
219201,16856.78
219200,25800.43
219199,33959.87
219198,10437.59
219197,10619.28
219196,12891.37
219195,11892.39
219194,13419.88
219193,17537.28
219192,14893.98
219191,8969.12
219190,10850.33
219189,17560.98
219188,14396.22
219187,17950.4
219186,29331.39
219185,24845.86
219184,1405.06
219183,8305.84
219182,12712.09
219181,10642.86
219180,14056.22
219179,21160.15
219178,21021.17
219177,12859.69
219176,10207.27
219175,11054.24
219174,23916.21
219173,24179.09
219172,29740.79
219171,23046.17
219170,19218.35
219169,14893.27
219168,20247.18
219167,17162.84
219166,697.24
219165,32857.55
219164,24611.62
219163,16793.2
219162,12912.66
219161,13966.56
219160,21713.87
219159,25547.48
219158,38034.73
219157,24420.52
219156,10585.28
219155,14906.25
219154,11998.36
219153,13274.45
219152,25207.11
219151,31952.07
219150,23514.66
219149,15098.51
219148,15656.12
219147,19702.77
219146,17474.81
219145,20753.76
219144,29969.6
219143,29855.67
219142,15773.18
219141,11193.77
219140,14559.82
219139,22940.12
219138,27023.79
219137,30262.8
219136,25597.22
219135,26612.51
219134,15309.12
219133,15603.32
219132,15172.83
219131,17754.97
219130,23793.61
219129,20681.66
219128,11762.19
219127,21965.13
219126,19700.68
219125,20044.79
219124,25894.94
219123,34859.69
219122,21906.17
219121,16744.28
219120,17199.08
219119,17500.49
219118,20553.88
219117,25028.83
219116,31645.91
219115,26629.37
219114,11694.8
219113,13735.14
219112,10892.4
219111,14154.16
219110,18238.25
219109,23478.01
219108,22109.06
219107,10601.33
219106,6685.05
219105,15492.89
219104,12425.07
219103,18229.39
219102,21001.1
219101,16749.39
219100,9794.16
