108594,27605.13
108593,49442.54
108592,39622.41
108591,15754.32
108590,16439.05
108589,12145.39
108588,16001.1
108587,1013.51
108586,48054.3
108585,24497.6
108584,8810.53
108583,12012.42
108582,10310.1
108581,22416.15
108580,28773.25
108579,41793.86
108578,26839.15
108577,36273.58
108576,15741.61
108575,19674.77
108574,21343.57
108573,8236.89
108572,29151.73
108571,23449.7
108570,13032.76
108569,10605.76
108568,12973.04
108567,13174.67
108566,26856.11
108565,50237.78
108564,29108.52
108563,12747.12
108562,16508.54
108561,12987.86
108560,13314.64
108559,22111.67
108558,45456.9
108557,23026.37
108556,13268.26
108555,17325.98
108554,23108.38
108553,47903.83
108552,37265.2
108551,78889.65
108550,52940.01
108549,32107.26
108548,21417.71
108547,28136.84
108546,18951.69
108545,35723.61
108544,58900.07
108543,33465.31
108542,15877.44
108541,15964.61
108540,13550.29
108539,17622.02
108538,27029.24
108537,55188.9
108536,32832.44
108535,24833.6
108534,15729.66
108533,15273.23
108532,34721.93
108531,37329.25
108530,77072.85
108529,54735.93
108528,36309.91
108527,32968.64
108526,47826.16
108525,25317.24
108524,36967.44
108523,63064.98
108522,54369.66
108521,16560.97
108520,16934.02
108519,36659.56
108518,26759.09
108517,42384.08
108516,74838.7
108515,47217.83
108514,26265.0
108513,29900.57
108512,38245.63
108511,31548.91
108510,53297.44
108509,80875.63
108508,23393.69
108507,17361.19
108506,18663.09
108505,22592.12
108504,31239.14
108503,48495.99
108502,32379.94
108501,112.84
108500,12555.18
108499,34012.49
108498,29297.3
108497,40936.7
108496,62965.28
108495,44290.05
108494,16957.14
108493,30.39
108492,27946.76
108491,44798.78
108490,33767.72
108489,78.17
108488,19186.81
108487,15693.7
108486,36726.16
108485,39118.9
108484,61956.06
108483,45927.98
108482,22380.31
108481,28003.46
108480,32262.09
108479,29585.96
108478,39725.98
108477,64512.88
108476,41785.23
108475,22286.5
108474,21525.59
108473,22533.99
108472,32968.32
108471,44168.55
108470,80288.74
108469,45594.61
108468,17456.06
108467,13761.69
108466,22821.92
108465,19201.49
108464,44882.94
108463,60874.03
108462,48262.01
108461,27585.7
108460,21173.63
108459,29257.21
108458,21599.12
108457,33279.97
108456,65360.09
108455,45760.98
108454,15047.79
108453,18379.62
108452,21277.89
108451,30627.95
108450,43923.67
108449,50892.28
108448,46691.68
108447,60820.54
108446,19314.15
108445,15934.01
108444,24350.68
108443,34172.83
108442,50162.91
108441,39765.67
108440,19424.94
108439,39639.58
108438,38883.27
108437,32450.81
108436,36752.38
108435,67598.73
108434,51754.94
108433,26915.83
108432,34018.1
108431,30595.38
108430,42074.6
108429,47382.94
108428,63546.21
108427,43964.21
108426,22290.65
108425,20563.87
108424,18150.6
108423,25510.64
108422,37363.75
108421,40283.02
108420,35679.83
108419,16987.59
108418,13273.09
108417,17827.54
108416,26256.23
108415,27201.02
108414,36238.4
108413,26346.0
108412,30025.77
