73897,39394.67
73896,61061.8
73895,54470.26
73894,19842.27
73893,14168.66
73892,21085.12
73891,21068.68
73890,1546.83
73889,44169.32
73888,25794.34
73887,13594.17
73886,14333.25
73885,15663.78
73884,35678.88
73883,33942.74
73882,51907.38
73881,45417.3
73880,44818.77
73879,22754.31
73878,23113.74
73877,29446.26
73876,28421.42
73875,41860.37
73874,30455.54
73873,16000.34
73872,14127.1
73871,14848.68
73870,17083.25
73869,34544.99
73868,50747.22
73867,37209.8
73866,19096.8
73865,23555.98
73864,22076.22
73863,20874.26
73862,15329.8
73861,49321.92
73860,36731.72
73859,11167.3
73858,19832.4
73857,18108.59
73856,50502.86
73855,55227.0
73854,82064.4
73853,44474.79
73852,42514.6
73851,26134.17
73850,36599.12
73849,30594.59
73848,43434.76
73847,65917.06
73846,49888.71
73845,23031.11
73844,17343.45
73843,17770.96
73842,19607.76
73841,34421.64
73840,59020.17
73839,41051.56
73838,33515.73
73837,26227.9
73836,18203.33
73835,52424.1
73834,58066.57
73833,98081.68
73832,80216.53
73831,41679.43
73830,53275.79
73829,65713.36
73828,36298.62
73827,51217.87
73826,75012.61
73825,64786.25
73824,21358.79
73823,23519.64
73822,44271.39
73821,40930.65
73820,54371.48
73819,90023.32
73818,64399.1
73817,35624.92
73816,43812.81
73815,54013.95
73814,43869.29
73813,77309.32
73812,100908.04
73811,22258.48
73810,23906.68
73809,23927.05
73808,31841.34
73807,39011.47
73806,64669.08
73805,41656.61
73804,977.48
73803,22859.47
73802,44694.46
73801,33476.2
73800,49481.77
73799,84674.11
73798,77310.62
73797,25576.97
73796,1056.0
73795,862.76
73794,447.34
73793,45374.91
73792,58762.75
73791,44552.1
73790,993.65
73789,28648.41
73788,25521.6
73787,57557.17
73786,63189.45
73785,92165.48
73784,60827.81
73783,42784.84
73782,36587.74
73781,44308.82
73780,44988.73
73779,57852.85
73778,85529.15
73777,54250.05
73776,27510.38
73775,31995.36
73774,39577.32
73773,51684.55
73772,59556.44
73771,96664.06
73770,57042.23
73769,23271.35
73768,25747.75
73767,27938.85
73766,34038.42
73765,67303.94
73764,81546.16
73763,64026.22
73762,40099.95
73761,43191.22
73760,47757.63
73759,47336.19
73758,58949.39
73757,73724.69
73756,80430.82
73755,29586.13
73754,30280.35
73753,42071.06
73752,52178.25
73751,68951.9
73750,92411.48
73749,62971.14
73748,83692.2
73747,38789.79
73746,32477.46
73745,43717.35
73744,52456.08
73743,64469.5
73742,58148.44
73741,30121.44
73740,37537.9
73739,52205.56
73738,48255.6
73737,59843.0
73736,82353.21
73735,65467.43
73734,43798.84
73733,48993.42
73732,49386.16
73731,56737.3
73730,68524.13
73729,76142.75
73728,58229.55
73727,30175.63
73726,37683.53
73725,36787.97
73724,41511.1
73723,56383.15
73722,53984.17
73721,47322.88
73720,30470.88
73719,23307.21
73718,32035.32
73717,37348.47
73716,41646.9
73715,46641.2
73714,37570.54
73713,28037.16
