172031,21782.64
172030,34588.66
172029,24553.62
172028,11159.16
172027,12857.38
172026,14413.5
172025,14972.92
172024,658.24
172023,24864.19
172022,17111.83
172021,9933.8
172020,9193.88
172019,9946.85
172018,19242.23
172017,18909.61
172016,27752.7
172015,17299.16
172014,22201.81
172013,15264.26
172012,14360.79
172011,14511.43
172010,17204.23
172009,31355.51
172008,19706.3
172007,8658.66
172006,10781.08
172005,11090.39
172004,11521.16
172003,23640.64
172002,31151.74
172001,19997.93
172000,14445.43
171999,12848.99
171998,17185.75
171997,16929.96
171996,20606.25
171995,35664.01
171994,14601.17
171993,16551.75
171992,16657.89
171991,18957.4
171990,31364.6
171989,42018.82
171988,58864.66
171987,36794.32
171986,30926.65
171985,23379.45
171984,21076.81
171983,16690.85
171982,29358.88
171981,44572.6
171980,29941.15
171979,15932.87
171978,18182.2
171977,14060.01
171976,14097.23
171975,21151.37
171974,35302.65
171973,23798.67
171972,20333.98
171971,13503.51
171970,14971.45
171969,30563.98
171968,36783.95
171967,52230.31
171966,40375.38
171965,24894.73
171964,27845.51
171963,38000.67
171962,16907.56
171961,30621.22
171960,41017.99
171959,30693.34
171958,16374.98
171957,16579.9
171956,34250.91
171955,26402.3
171954,29842.61
171953,52226.01
171952,32249.35
171951,26278.44
171950,28700.71
171949,32573.99
171948,30033.47
171947,40355.56
171946,51965.98
171945,17657.94
171944,17832.75
171943,18009.83
171942,19379.12
171941,31415.77
171940,33166.06
171939,26984.11
171938,538.56
171937,17922.8
171936,38586.46
171935,35951.82
171934,39854.12
171933,54305.63
171932,46747.99
171931,20810.73
171930,18188.28
171929,18726.04
171928,19704.83
171927,25168.18
171926,33627.06
171925,29780.81
171924,20895.28
171923,19091.88
171922,22105.94
171921,38122.06
171920,40297.68
171919,50695.4
171918,40426.35
171917,23149.02
171916,23522.05
171915,27594.51
171914,24759.31
171913,166.74
171912,51658.72
171911,30406.87
171910,18740.69
171909,20881.86
171908,23898.47
171907,34791.42
171906,44427.24
171905,52740.14
171904,40027.97
171903,18558.53
171902,18881.59
171901,17982.01
171900,20082.86
171899,40583.43
171898,44275.36
171897,38800.08
171896,23832.22
171895,28578.89
171894,29168.23
171893,25541.55
171892,28745.29
171891,42189.64
171890,38393.73
171889,22089.2
171888,17479.11
171887,19983.02
171886,757.58
171885,31506.38
171884,41011.02
171883,29305.09
171882,35026.07
171881,21961.62
171880,18985.89
171879,27350.96
171878,32353.38
171877,36813.92
171876,29667.45
171875,26082.52
171874,41947.24
171873,32923.04
171872,35522.75
171871,35185.31
171870,48329.46
171869,29949.08
171868,26965.82
171867,29359.45
171866,25979.7
171865,32233.38
171864,34711.64
171863,42803.89
171862,33195.0
171861,19463.33
171860,19965.68
171859,21552.16
171858,27441.62
171857,31647.73
171856,35500.73
171855,29143.3
171854,22944.72
171853,19000.7
171852,27535.71
171851,29466.04
171850,34267.42
171849,35544.89
171848,29536.86
171847,18698.06
