107441,29692.54
107440,40866.01
107439,34564.64
107438,10311.76
107437,12054.79
107436,10177.13
107435,12393.28
107434,1379.62
107433,31387.53
107432,17518.31
107431,11689.95
107430,7758.12
107429,9192.36
107428,18615.58
107427,21401.83
107426,38118.49
107425,14785.48
107424,23666.34
107423,13255.98
107422,13588.6
107421,13716.07
107420,1155.62
107419,7631.71
107418,13776.69
107417,11535.95
107416,12768.52
107415,10641.03
107414,11437.7
107413,24174.11
107412,41877.43
107411,22721.78
107410,12939.41
107409,14850.9
107408,13238.09
107407,24407.62
107406,23695.61
107405,34935.78
107404,14098.4
107403,9305.23
107402,13763.65
107401,18584.39
107400,32763.44
107399,37617.64
107398,73325.68
107397,33974.04
107396,14989.83
107395,17530.72
107394,21444.64
107393,14921.15
107392,25576.98
107391,43120.78
107390,34319.89
107389,11919.27
107388,11471.58
107387,11765.55
107386,14873.36
107385,23528.88
107384,44015.63
107383,20953.76
107382,19968.22
107381,14804.13
107380,14721.65
107379,31755.0
107378,41139.23
107377,63582.87
107376,36451.68
107375,22892.61
107374,32309.63
107373,43215.63
107372,23668.28
107371,32626.98
107370,64694.23
107369,45689.85
107368,14519.25
107367,17263.74
107366,35943.4
107365,29671.19
107364,39590.71
107363,67665.89
107362,34896.28
107361,23073.47
107360,21866.33
107359,32450.65
107358,27175.68
107357,57578.46
107356,67598.14
107355,16265.68
107354,18688.88
107353,15380.82
107352,19602.57
107351,28734.0
107350,38133.89
107349,22593.18
107348,11772.54
107347,11407.76
107346,21701.75
107345,23472.46
107344,32448.29
107343,56022.57
107342,34892.29
107341,324.81
107340,11831.15
107339,13109.15
107338,15873.18
107337,21151.09
107336,29461.74
107335,25754.35
107334,13508.64
107333,13746.19
107332,14860.17
107331,28473.84
107330,35074.23
107329,53418.3
107328,30625.05
107327,21945.61
107326,28369.87
107325,24129.66
107324,27685.15
107323,61689.68
107322,30590.02
107321,17704.37
107320,22705.45
107319,24558.47
107318,29123.55
107317,40796.98
107316,69903.22
107315,34876.64
107314,14618.62
107313,16761.67
107312,15323.98
107311,17851.0
107310,45430.11
107309,47130.66
107308,38759.95
107307,23916.24
107306,21217.47
107305,26648.56
107304,18922.0
107303,31124.57
107302,65239.6
107301,36805.66
107300,13376.79
107299,16679.65
107298,14524.23
107297,34247.81
107296,41035.22
107295,36147.5
107294,38392.53
107293,13799.75
107292,17991.09
107291,22428.74
107290,26783.91
107289,39539.87
107288,34884.55
107287,15055.35
107286,28239.85
107285,27823.92
107284,32422.3
107283,43925.88
107282,53047.15
107281,36908.85
107280,28702.44
107279,25657.85
107278,23039.87
107277,37176.82
107276,39300.74
107275,53158.8
107274,35750.15
107273,13093.34
107272,16202.97
107271,13512.64
107270,19792.24
107269,34197.54
107268,35342.69
107267,32355.42
107266,15939.79
107265,11422.57
107264,16412.65
107263,19189.54
107262,24837.24
107261,30636.7
107260,21680.86
107259,21323.26
