67781,36321.49
67780,73809.78
67779,66473.06
67778,20696.34
67777,24490.11
67776,29516.33
67775,24110.32
67774,1121.04
67773,48626.86
67772,40692.15
67771,21062.67
67770,20380.37
67769,21648.65
67768,38524.25
67767,46033.3
67766,66069.33
67765,49542.52
67764,36234.47
67763,32339.33
67762,23459.4
67761,27414.67
67760,28438.64
67759,66237.86
67758,56005.76
67757,19337.51
67756,20021.7
67755,24866.25
67754,25140.58
67753,38104.87
67752,62501.73
67751,46223.2
67750,23740.81
67749,22555.04
67748,29673.07
67747,32021.8
67746,35743.15
67745,60506.6
67744,43982.98
67743,23316.43
67742,23543.69
67741,26747.24
67740,56547.75
67739,63256.33
67738,106245.05
67737,49485.15
67736,49114.09
67735,34003.82
67734,49604.26
67733,31281.54
67732,52014.9
67731,76914.37
67730,62743.08
67729,26466.88
67728,26635.88
67727,23314.21
67726,21974.38
67725,42987.55
67724,72681.15
67723,44021.39
67722,35885.97
67721,21581.13
67720,26274.75
67719,52635.34
67718,68845.17
67717,94088.43
67716,93896.44
67715,57118.08
67714,57576.2
67713,83487.39
67712,38423.28
67711,49899.82
67710,74567.24
67709,61197.52
67708,31656.92
67707,30021.96
67706,63481.54
67705,55371.12
67704,67014.9
67703,100745.95
67702,86588.95
67701,52128.99
67700,53591.17
67699,62024.57
67698,47060.61
67697,91224.15
67696,110024.2
67695,-27.99
67694,31354.53
67693,28639.5
67692,28969.83
67691,33010.92
67690,39653.33
67689,60766.34
67688,56607.45
67687,1707.08
67686,21708.36
67685,44199.73
67684,44682.81
67683,49157.36
67682,84749.82
67681,71004.19
67680,29281.08
67679,27258.35
67678,33367.49
67677,33999.34
67676,45231.54
67675,69498.8
67674,68143.58
67673,36396.44
67672,26754.81
67671,28967.23
67670,63803.02
67669,70523.56
67668,105830.12
67667,77024.73
67666,43569.16
67665,47497.78
67664,59144.49
67663,49331.37
67662,1126.59
67661,110439.55
67660,69574.35
67659,33031.53
67658,39949.37
67657,42994.12
67656,57496.57
67655,70600.32
67654,115216.63
67653,71989.52
67652,30734.8
67651,30625.09
67650,36880.93
67649,35985.76
67648,67475.6
67647,98691.81
67646,82149.17
67645,47421.0
67644,46047.97
67643,53080.44
67642,52115.4
67641,64312.23
67640,83744.53
67639,88623.54
67638,34858.47
67637,42358.77
67636,44074.87
67635,830.74
67634,72837.36
67633,93349.21
67632,77420.86
67631,75841.84
67630,38515.91
67629,45126.48
67628,49668.52
67627,53993.22
67626,80296.38
67625,69291.21
67624,39523.72
67623,67327.19
67622,60569.95
67621,55897.97
67620,69162.42
67619,100949.38
67618,82046.11
67617,47154.49
67616,59981.97
67615,66751.18
67614,63581.12
67613,89180.75
67612,113685.3
67611,83960.79
67610,37704.29
67609,36496.66
67608,35431.88
67607,41777.22
67606,58480.92
67605,64866.29
67604,78314.72
67603,34950.25
67602,28252.72
67601,41300.17
67600,43215.2
67599,47172.28
67598,63893.24
67597,49418.5
67596,34968.08
