2116,27550.1
2115,50635.82
2114,31999.47
2113,13613.19
2112,10874.82
2111,12297.19
2110,17379.09
2109,1351.26
2108,33101.91
2107,14803.76
2106,12558.15
2105,4138.19
2104,8725.43
2103,20220.75
2102,28213.96
2101,35395.13
2100,20873.16
2099,17266.41
2098,15291.1
2097,10638.69
2096,13920.67
2095,5137.4
2094,102.66
2093,6434.38
2092,13885.51
2091,13375.06
2090,12657.23
2089,16088.92
2088,23274.41
2087,48451.86
2086,25751.45
2085,15289.08
2084,18408.5
2083,17821.38
2082,19214.37
2081,30692.24
2080,42444.13
2079,24791.41
2078,16650.56
2077,8399.52
2076,13647.27
2075,30528.39
2074,40689.23
2073,56156.21
2072,39004.07
2071,24284.89
2070,19611.6
2069,20504.93
2068,26008.69
2067,38908.36
2066,59475.7
2065,37383.23
2064,18318.57
2063,22139.11
2062,18823.72
2061,13856.01
2060,30114.05
2059,54350.11
2058,32609.17
2057,27042.7
2056,20845.68
2055,13752.28
2054,39226.41
2053,45537.13
2052,77079.14
2051,52208.42
2050,28897.59
2049,36525.1
2048,45185.06
2047,30821.67
2046,39586.69
2045,67102.1
2044,46635.74
2043,19608.06
2042,22059.65
2041,39742.16
2040,34439.5
2039,48560.86
2038,80684.45
2037,47741.36
2036,38989.05
2035,36110.69
2034,45258.14
2033,39193.91
2032,67963.31
2031,71454.7
2030,21349.11
2029,19018.45
2028,22301.91
2027,25926.08
2026,32474.21
2025,47365.64
2024,29994.73
2023,681.0
2022,21086.14
2021,31087.97
2020,32240.19
2019,39171.6
2018,50984.2
2017,41223.05
2016,18821.13
2015,897.85
2014,406.85
2013,88.37
2012,34328.47
2011,45921.39
2010,28011.37
2009,564.18
2008,19489.01
2007,23283.38
2006,41732.29
2005,53466.31
2004,67272.0
2003,36741.57
2002,30325.46
2001,30744.84
2000,27311.25
1999,31063.82
1998,46231.77
1997,65820.87
1996,38453.31
1995,22858.2
1994,27618.32
1993,26151.33
1992,36579.24
1991,53936.11
1990,73491.07
1989,35864.94
1988,19799.74
1987,28059.15
1986,20968.99
1985,23615.67
1984,51523.37
1983,63088.41
1982,42751.66
1981,25903.86
1980,34347.0
1979,32427.31
1978,29666.89
1977,41415.23
1976,59860.81
1975,47494.4
1974,25710.22
1973,24279.8
1972,27162.65
1971,35541.32
1970,41719.11
1969,44570.04
1968,36553.37
1967,36671.5
1966,20924.06
1965,29311.72
1964,34454.2
1963,40974.55
1962,41914.88
1961,36269.37
1960,19208.39
1959,43535.63
1958,34836.14
1957,35491.22
1956,45522.65
1955,58819.0
1954,41551.79
1953,27513.93
1952,30602.06
1951,33722.18
1950,34391.91
1949,49730.05
1948,54258.64
1947,33706.62
1946,18753.91
1945,23861.64
1944,24284.34
1943,20456.5
1942,36428.68
1941,36068.95
1940,34556.97
1939,16988.54
1938,16978.65
1937,20295.35
1936,26594.51
1935,27413.63
1934,32669.11
1933,26152.45
1932,20221.19
