108211,34025.86
108210,52305.35
108209,50206.25
108208,9381.49
108207,19309.69
108206,20442.04
108205,20517.23
108204,528.42
108203,38116.26
108202,32900.1
108201,14586.87
108200,16421.12
108199,15811.75
108198,28971.24
108197,33031.72
108196,44043.91
108195,39540.79
108194,36078.87
108193,25252.03
108192,20075.09
108191,19857.83
108190,23719.34
108189,41626.81
108188,37586.03
108187,15132.73
108186,14477.19
108185,16795.37
108184,15578.72
108183,30197.23
108182,37033.36
108181,26211.98
108180,20362.65
108179,23260.54
108178,22806.89
108177,27588.94
108176,31057.64
108175,43823.52
108174,26205.4
108173,22602.37
108172,19264.96
108171,25484.77
108170,45232.34
108169,52308.16
108168,66413.15
108167,50031.42
108166,37604.11
108165,30815.5
108164,27927.3
108163,25283.42
108162,40776.83
108161,57976.29
108160,43587.3
108159,20891.59
108158,20719.98
108157,20900.13
108156,20726.12
108155,31391.68
108154,49540.71
108153,30757.8
108152,28847.69
108151,22950.01
108150,18836.05
108149,46263.81
108148,48048.92
108147,76159.69
108146,67340.68
108145,34195.96
108144,40591.97
108143,54925.58
108142,35154.13
108141,32451.06
108140,69107.06
108139,47699.57
108138,20475.68
108137,26025.22
108136,47493.02
108135,39775.08
108134,48481.99
108133,73883.0
108132,58673.55
108131,40472.0
108130,37728.81
108129,49494.24
108128,38043.05
108127,53216.61
108126,70619.64
108125,27205.05
108124,24614.63
108123,25902.25
108122,30144.54
108121,34374.06
108120,46148.4
108119,40379.88
108118,863.61
108117,18550.52
108116,32428.7
108115,32476.59
108114,42383.31
108113,64057.58
108112,63647.1
108111,26131.72
108110,1085.19
108109,410.88
108108,122.5
108107,34314.02
108106,46481.74
108105,46617.09
108104,1006.79
108103,21495.2
108102,24017.83
108101,44299.35
108100,51310.64
108099,63639.07
108098,55540.33
108097,34712.63
108096,34715.93
108095,33770.27
108094,36772.36
108093,45794.21
108092,78769.77
108091,49022.99
108090,28340.7
108089,32403.6
108088,28574.18
108087,43843.68
108086,48030.12
108085,82065.83
108084,58351.43
108083,22096.97
108082,22657.65
108081,21660.67
108080,23136.21
108079,52827.05
108078,70172.54
108077,58700.73
108076,32093.68
108075,38892.06
108074,42392.98
108073,33223.72
108072,45250.12
108071,62569.93
108070,57609.05
108069,18064.94
108068,20589.5
108067,24535.84
108066,35232.36
108065,43727.35
108064,61829.46
108063,53634.26
108062,65144.57
108061,23183.64
108060,25525.68
108059,24482.24
108058,38360.78
108057,51087.01
108056,48416.95
108055,27148.19
108054,45610.17
108053,40406.92
108052,42837.46
108051,49950.23
108050,69856.74
108049,68764.37
108048,37266.53
108047,40392.99
108046,42139.16
108045,41409.08
108044,47505.33
108043,69880.4
108042,68737.69
108041,31052.6
108040,34527.85
108039,31495.76
108038,35237.01
108037,50037.89
108036,53979.86
108035,55804.39
108034,26399.35
108033,23868.27
108032,26337.16
108031,36917.25
108030,43221.54
108029,60350.28
108028,47648.17
108027,28289.44
